[[[0, 0, 0, 0, 1, 2, 0, 3], [0, 0, 0, 0, 16, 4, 0, 17], [0, 0, 0, 0, 0, 5, 6, 7], [0, 0, 0, 0, 8, 9, 10, 11], [-1, -16, 0, -8, 0, 12, 13, 0], [-2, -4, -5, -9, -12, 0, 14, 0], [0, 0, -6, -10, -13, -14, 0, 15], [-3, -17, -7, -11, 0, 0, -15, 0]], [[0, 18, 0, 0, 1, 0, 0, 19], [-18, 0, 0, 0, 2, 3, 4, 0], [0, 0, 0, 0, 5, 6, 7, 8], [0, 0, 0, 0, 9, 10, 11, 12], [-1, -2, -5, -9, 0, 13, 14, 15], [0, -3, -6, -10, -13, 0, 16, 0], [0, -4, -7, -11, -14, -16, 0, 17], [-19, 0, -8, -12, -15, 0, -17, 0]], [[0, 0, 0, 1, 2, 3, 0, 4], [0, 0, 0, 5, 6, 0, 7, 8], [0, 0, 0, 0, 9, 10, 11, 12], [-1, -5, 0, 0, 0, 13, 14, 0], [-2, -6, -9, 0, 0, 15, 0, 16], [-3, 0, -10, -13, -15, 0, 17, 0], [0, -7, -11, -14, 0, -17, 0, 18], [-4, -8, -12, 0, -16, 0, -18, 0]], [[0, 0, 0, 0, 1, 2, 3, 4], [0, 0, 21, 20, 5, 0, 6, 0], [0, -21, 0, 0, 7, 8, 9, 0], [0, -20, 0, 0, 10, 11, 12, 13], [-1, -5, -7, -10, 0, 14, 15, 16], [-2, 0, -8, -11, -14, 0, 17, 18], [-3, -6, -9, -12, -15, -17, 0, 19], [-4, 0, 0, -13, -16, -18, -19, 0]], [[0, 0, 0, 0, 0, 1, 2, 3], [0, 0, 0, 0, 4, 18, 5, 6], [0, 0, 0, 17, 7, 0, 8, 9], [0, 0, -17, 0, 10, 0, 11, 16], [0, -4, -7, -10, 0, 0, 12, 13], [-1, -18, 0, 0, 0, 0, 14, 19], [-2, -5, -8, -11, -12, -14, 0, 15], [-3, -6, -9, -16, -13, -19, -15, 0]], [[0, 0, 1, 0, 0, 2, 3, 4], [0, 0, 0, 0, 5, 6, 7, 8], [-1, 0, 0, 0, 9, 0, 0, 10], [0, 0, 0, 0, 11, 12, 13, 14], [0, -5, -9, -11, 0, 15, 16, 0], [-2, -6, 0, -12, -15, 0, 17, 18], [-3, -7, 0, -13, -16, -17, 0, 19], [-4, -8, -10, -14, 0, -18, -19, 0]], [[0, 0, 0, 1, 2, 3, 4, 5], [0, 0, 6, 0, 7, 0, 8, 9], [0, -6, 0, 0, 10, 11, 12, 13], [-1, 0, 0, 0, 14, 15, 16, 17], [-2, -7, -10, -14, 0, 18, 19, 20], [-3, 0, -11, -15, -18, 0, 21, 22], [-4, -8, -12, -16, -19, -21, 0, 23], [-5, -9, -13, -17, -20, -22, -23, 0]], [[0, 0, 0, 0, 1, 2, 3, 4], [0, 0, 0, 0, 5, 6, 7, 0], [0, 0, 0, 0, 8, 9, 10, 11], [0, 0, 0, 0, 12, 13, 0, 14], [-1, -5, -8, -12, 0, 15, 16, 17], [-2, -6, -9, -13, -15, 0, 18, 19], [-3, -7, -10, 0, -16, -18, 0, 20], [-4, 0, -11, -14, -17, -19, -20, 0]], [[0, 17, 0, 18, 16, 1, 0, 2], [-17, 0, 0, 0, 3, 4, 5, 6], [0, 0, 0, 0, 7, 0, 8, 9], [-18, 0, 0, 0, 19, 0, 10, 11], [-16, -3, -7, -19, 0, 0, 12, 13], [-1, -4, 0, 0, 0, 0, 14, 0], [0, -5, -8, -10, -12, -14, 0, 15], [-2, -6, -9, -11, -13, 0, -15, 0]], [[0, 1, 0, 0, 2, 3, 4, 5], [-1, 0, 0, 0, 6, 7, 0, 8], [0, 0, 0, 0, 9, 10, 11, 0], [0, 0, 0, 0, 12, 0, 13, 14], [-2, -6, -9, -12, 0, 0, 15, 16], [-3, -7, -10, 0, 0, 0, 17, 18], [-4, 0, -11, -13, -15, -17, 0, 19], [-5, -8, 0, -14, -16, -18, -19, 0]], [[0, 0, 0, 19, 1, 2, 3, 4], [0, 0, 0, 0, 5, 6, 7, 0], [0, 0, 0, 20, 8, 9, 10, 11], [-19, 0, -20, 0, 0, 0, 12, 13], [-1, -5, -8, 0, 0, 14, 15, 16], [-2, -6, -9, 0, -14, 0, 17, 18], [-3, -7, -10, -12, -15, -17, 0, 0], [-4, 0, -11, -13, -16, -18, 0, 0]], [[0, 1, 0, 2, 3, 4, 5, 6], [-1, 0, 7, 0, 0, 8, 9, 0], [0, -7, 0, 0, 10, 0, 11, 12], [-2, 0, 0, 0, 13, 0, 0, 14], [-3, 0, -10, -13, 0, 15, 16, 17], [-4, -8, 0, 0, -15, 0, 18, 19], [-5, -9, -11, 0, -16, -18, 0, 20], [-6, 0, -12, -14, -17, -19, -20, 0]], [[0, 0, 0, 1, 2, 3, 4, 5], [0, 0, 0, 0, 6, 0, 7, 8], [0, 0, 0, 0, 9, 10, 11, 0], [-1, 0, 0, 0, 0, 12, 13, 14], [-2, -6, -9, 0, 0, 15, 16, 17], [-3, 0, -10, -12, -15, 0, 18, 19], [-4, -7, -11, -13, -16, -18, 0, 20], [-5, -8, 0, -14, -17, -19, -20, 0]], [[0, 1, 0, 0, 2, 3, 0, 4], [-1, 0, 0, 0, 5, 6, 7, 8], [0, 0, 0, 0, 9, 10, 11, 12], [0, 0, 0, 0, 13, 14, 15, 16], [-2, -5, -9, -13, 0, 17, 18, 19], [-3, -6, -10, -14, -17, 0, 20, 21], [0, -7, -11, -15, -18, -20, 0, 22], [-4, -8, -12, -16, -19, -21, -22, 0]], [[0, 0, 0, 1, 2, 3, 4, 5], [0, 0, 0, 6, 7, 0, 8, 9], [0, 0, 0, 0, 10, 11, 12, 13], [-1, -6, 0, 0, 14, 15, 16, 0], [-2, -7, -10, -14, 0, 17, 18, 19], [-3, 0, -11, -15, -17, 0, 20, 21], [-4, -8, -12, -16, -18, -20, 0, 22], [-5, -9, -13, 0, -19, -21, -22, 0]], [[0, 16, 0, 0, 0, 1, 2, 3], [-16, 0, 0, 0, 17, 4, 5, 0], [0, 0, 0, 0, 6, 7, 0, 8], [0, 0, 0, 0, 9, 10, 11, 12], [0, -17, -6, -9, 0, 13, 0, 14], [-1, -4, -7, -10, -13, 0, 0, 0], [-2, -5, 0, -11, 0, 0, 0, 15], [-3, 0, -8, -12, -14, 0, -15, 0]], [[0, 0, 1, 23, 2, 3, 4, 5], [0, 0, 0, 0, 6, 7, 8, 9], [-1, 0, 0, 0, 10, 11, 12, 13], [-23, 0, 0, 0, 14, 0, 22, 15], [-2, -6, -10, -14, 0, 16, 17, 18], [-3, -7, -11, 0, -16, 0, 19, 20], [-4, -8, -12, -22, -17, -19, 0, 21], [-5, -9, -13, -15, -18, -20, -21, 0]], [[0, 0, 0, 0, 0, 1, 2, 3], [0, 0, 0, 0, 4, 5, 6, 7], [0, 0, 0, 0, 8, 0, 9, 10], [0, 0, 0, 0, 11, 12, 13, 0], [0, -4, -8, -11, 0, 0, 14, 15], [-1, -5, 0, -12, 0, 0, 16, 0], [-2, -6, -9, -13, -14, -16, 0, 0], [-3, -7, -10, 0, -15, 0, 0, 0]], [[0, 17, 0, 1, 2, 3, 0, 4], [-17, 0, 0, 0, 0, 5, 6, 16], [0, 0, 0, 0, 7, 8, 9, 10], [-1, 0, 0, 0, 11, 0, 12, 13], [-2, 0, -7, -11, 0, 14, 0, 0], [-3, -5, -8, 0, -14, 0, 15, 0], [0, -6, -9, -12, 0, -15, 0, 0], [-4, -16, -10, -13, 0, 0, 0, 0]], [[0, 0, 0, 0, 1, 2, 3, 0], [0, 0, 0, 0, 4, 5, 6, 7], [0, 0, 0, 0, 8, 9, 0, 10], [0, 0, 0, 0, 0, 11, 12, 13], [-1, -4, -8, 0, 0, 14, 15, 16], [-2, -5, -9, -11, -14, 0, 17, 18], [-3, -6, 0, -12, -15, -17, 0, 19], [0, -7, -10, -13, -16, -18, -19, 0]], [[0, 0, 18, 0, 17, 0, 0, 1], [0, 0, 0, 0, 2, 3, 4, 0], [-18, 0, 0, 0, 5, 6, 7, 8], [0, 0, 0, 0, 9, 0, 10, 11], [-17, -2, -5, -9, 0, 12, 13, 0], [0, -3, -6, 0, -12, 0, 14, 15], [0, -4, -7, -10, -13, -14, 0, 16], [-1, 0, -8, -11, 0, -15, -16, 0]], [[0, 0, 0, 12, 1, 13, 2, 16], [0, 0, 14, 0, 3, 4, 5, 0], [0, -14, 0, 0, 15, 6, 0, 0], [-12, 0, 0, 0, 0, 7, 8, 17], [-1, -3, -15, 0, 0, 9, 0, 0], [-13, -4, -6, -7, -9, 0, 0, 10], [-2, -5, 0, -8, 0, 0, 0, 11], [-16, 0, 0, -17, 0, -10, -11, 0]], [[0, 1, 0, 0, 2, 3, 4, 5], [-1, 0, 21, 0, 6, 0, 7, 8], [0, -21, 0, 0, 9, 20, 0, 10], [0, 0, 0, 0, 11, 12, 13, 0], [-2, -6, -9, -11, 0, 14, 15, 16], [-3, 0, -20, -12, -14, 0, 17, 18], [-4, -7, 0, -13, -15, -17, 0, 19], [-5, -8, -10, 0, -16, -18, -19, 0]], [[0, 23, 0, 0, 0, 1, 2, 22], [-23, 0, 0, 3, 4, 5, 6, 7], [0, 0, 0, 0, 8, 9, 10, 11], [0, -3, 0, 0, 12, 13, 14, 15], [0, -4, -8, -12, 0, 16, 17, 18], [-1, -5, -9, -13, -16, 0, 19, 20], [-2, -6, -10, -14, -17, -19, 0, 21], [-22, -7, -11, -15, -18, -20, -21, 0]], [[0, 0, 1, 0, 0, 0, 2, 3], [0, 0, 0, 0, 4, 5, 6, 7], [-1, 0, 0, 0, 8, 0, 9, 10], [0, 0, 0, 0, 11, 12, 13, 0], [0, -4, -8, -11, 0, 14, 15, 0], [0, -5, 0, -12, -14, 0, 16, 17], [-2, -6, -9, -13, -15, -16, 0, 18], [-3, -7, -10, 0, 0, -17, -18, 0]], [[0, 16, 0, 1, 2, 3, 0, 4], [-16, 0, 0, 0, 5, 6, 0, 17], [0, 0, 0, 0, 0, 7, 8, 9], [-1, 0, 0, 0, 10, 11, 12, 0], [-2, -5, 0, -10, 0, 0, 0, 13], [-3, -6, -7, -11, 0, 0, 0, 14], [0, 0, -8, -12, 0, 0, 0, 15], [-4, -17, -9, 0, -13, -14, -15, 0]], [[0, 0, 0, 0, 1, 0, 2, 3], [0, 0, 0, 0, 0, 4, 5, 6], [0, 0, 0, 0, 0, 7, 8, 9], [0, 0, 0, 0, 10, 11, 12, 13], [-1, 0, 0, -10, 0, 14, 0, 0], [0, -4, -7, -11, -14, 0, 15, 16], [-2, -5, -8, -12, 0, -15, 0, 17], [-3, -6, -9, -13, 0, -16, -17, 0]], [[0, 0, 0, 0, 1, 2, 3, 4], [0, 0, 5, 0, 6, 0, 0, 7], [0, -5, 0, 0, 8, 9, 10, 11], [0, 0, 0, 0, 12, 0, 13, 14], [-1, -6, -8, -12, 0, 15, 0, 16], [-2, 0, -9, 0, -15, 0, 17, 0], [-3, 0, -10, -13, 0, -17, 0, 0], [-4, -7, -11, -14, -16, 0, 0, 0]], [[0, 0, 0, 0, 1, 2, 3, 4], [0, 0, 0, 0, 5, 6, 7, 8], [0, 0, 0, 0, 0, 9, 10, 11], [0, 0, 0, 0, 12, 13, 14, 15], [-1, -5, 0, -12, 0, 16, 17, 0], [-2, -6, -9, -13, -16, 0, 18, 19], [-3, -7, -10, -14, -17, -18, 0, 20], [-4, -8, -11, -15, 0, -19, -20, 0]], [[0, 0, 0, 0, 1, 2, 3, 4], [0, 0, 0, 0, 5, 6, 7, 8], [0, 0, 0, 0, 9, 0, 10, 11], [0, 0, 0, 0, 12, 13, 14, 0], [-1, -5, -9, -12, 0, 0, 15, 16], [-2, -6, 0, -13, 0, 0, 17, 18], [-3, -7, -10, -14, -15, -17, 0, 19], [-4, -8, -11, 0, -16, -18, -19, 0]]]