[[[0, 0, 0, 0, 0, 0, 0, 0, 0, 0, 0, 0, 0, 0, 0, 0, 0, 1, 2, 3, 4, 5, 6, 7, 8, 9, 10, 11, 12, 13, 14, 0, 15, 16], [0, 0, 0, 0, 0, 17, 0, 0, 0, 0, 0, 18, 0, 19, 0, 0, 0, 20, 21, 22, 23, 0, 24, 25, 0, 26, 27, 28, 29, 30, 0, 31, 32, 33], [0, 0, 0, 0, 0, 0, 0, 0, 34, 0, 0, 0, 0, 0, 0, 0, 0, 35, 36, 37, 38, 39, 40, 41, 42, 43, 44, 45, 46, 47, 0, 0, 48, 49], [0, 0, 0, 0, 50, 0, 51, 0, 0, 0, 0, 0, 0, 0, 0, 0, 0, 52, 53, 54, 55, 56, 57, 58, 0, 59, 0, 60, 0, 61, 62, 63, 0, 64], [0, 0, 0, -50, 0, 0, 0, 0, 0, 0, 65, 0, 0, 0, 0, 0, 0, 66, 67, 68, 69, 70, 71, 72, 73, 74, 75, 76, 77, 78, 79, 80, 81, 0], [0, -17, 0, 0, 0, 0, 0, 0, 0, 0, 0, 0, 0, 0, 0, 0, 0, 0, 82, 0, 83, 84, 85, 86, 87, 88, 89, 90, 91, 92, 93, 94, 0, 95], [0, 0, 0, -51, 0, 0, 0, 0, 0, 0, 0, 0, 0, 0, 0, 0, 0, 96, 97, 98, 0, 99, 100, 101, 102, 0, 103, 104, 0, 105, 0, 106, 107, 108], [0, 0, 0, 0, 0, 0, 0, 0, 0, 0, 0, 0, 0, 0, 109, 0, 0, 110, 111, 112, 113, 114, 115, 116, 117, 118, 119, 120, 0, 121, 122, 123, 124, 125], [0, 0, -34, 0, 0, 0, 0, 0, 0, 0, 0, 0, 0, 0, 0, 0, 0, 126, 127, 128, 0, 129, 130, 131, 132, 133, 134, 135, 136, 137, 138, 0, 139, 0], [0, 0, 0, 0, 0, 0, 0, 0, 0, 0, 140, 0, 0, 0, 0, 0, 0, 0, 141, 0, 142, 143, 0, 144, 0, 145, 0, 146, 147, 148, 149, 150, 151, 152], [0, 0, 0, 0, -65, 0, 0, 0, 0, -140, 0, 0, 0, 0, 0, 0, 0, 0, 153, 154, 155, 156, 157, 158, 0, 159, 160, 0, 161, 0, 162, 163, 164, 165], [0, -18, 0, 0, 0, 0, 0, 0, 0, 0, 0, 0, 0, 0, 0, 0, 0, 166, 167, 168, 169, 170, 171, 0, 172, 173, 174, 175, 176, 177, 178, 179, 180, 181], [0, 0, 0, 0, 0, 0, 0, 0, 0, 0, 0, 0, 0, 0, 0, 0, 0, 182, 183, 184, 0, 0, 185, 186, 187, 188, 189, 190, 0, 191, 192, 193, 0, 194], [0, -19, 0, 0, 0, 0, 0, 0, 0, 0, 0, 0, 0, 0, 0, 0, 0, 195, 0, 0, 196, 197, 198, 0, 199, 200, 201, 202, 203, 204, 205, 0, 206, 207], [0, 0, 0, 0, 0, 0, 0, -109, 0, 0, 0, 0, 0, 0, 0, 0, 0, 208, 209, 0, 210, 211, 212, 0, 213, 214, 215, 216, 217, 218, 219, 220, 221, 222], [0, 0, 0, 0, 0, 0, 0, 0, 0, 0, 0, 0, 0, 0, 0, 0, 0, 0, 0, 223, 224, 225, 0, 226, 227, 228, 0, 229, 230, 231, 232, 233, 234, 235], [0, 0, 0, 0, 0, 0, 0, 0, 0, 0, 0, 0, 0, 0, 0, 0, 0, 236, 237, 0, 238, 239, 240, 241, 242, 243, 244, 245, 0, 0, 246, 247, 0, 248], [-1, -20, -35, -52, -66, 0, -96, -110, -126, 0, 0, -166, -182, -195, -208, 0, -236, 0, 249, 250, 251, 252, 253, 254, 255, 256, 257, 258, 0, 259, 260, 261, 0, 0], [-2, -21, -36, -53, -67, -82, -97, -111, -127, -141, -153, -167, -183, 0, -209, 0, -237, -249, 0, 0, 262, 263, 264, 265, 266, 267, 268, 269, 270, 271, 272, 273, 274, 275], [-3, -22, -37, -54, -68, 0, -98, -112, -128, 0, -154, -168, -184, 0, 0, -223, 0, -250, 0, 0, 276, 277, 278, 279, 280, 281, 282, 283, 284, 285, 286, 287, 0, 288], [-4, -23, -38, -55, -69, -83, 0, -113, 0, -142, -155, -169, 0, -196, -210, -224, -238, -251, -262, -276, 0, 289, 290, 291, 292, 293, 294, 295, 296, 297, 298, 0, 299, 0], [-5, 0, -39, -56, -70, -84, -99, -114, -129, -143, -156, -170, 0, -197, -211, -225, -239, -252, -263, -277, -289, 0, 300, 0, 301, 302, 0, 0, 303, 304, 305, 306, 307, 308], [-6, -24, -40, -57, -71, -85, -100, -115, -130, 0, -157, -171, -185, -198, -212, 0, -240, -253, -264, -278, -290, -300, 0, 309, 0, 310, 311, 0, 312, 313, 314, 315, 0, 316], [-7, -25, -41, -58, -72, -86, -101, -116, -131, -144, -158, 0, -186, 0, 0, -226, -241, -254, -265, -279, -291, 0, -309, 0, 317, 0, 318, 319, 320, 321, 322, 0, 323, 324], [-8, 0, -42, 0, -73, -87, -102, -117, -132, 0, 0, -172, -187, -199, -213, -227, -242, -255, -266, -280, -292, -301, 0, -317, 0, 325, 326, 327, 0, 328, 329, 330, 331, 332], [-9, -26, -43, -59, -74, -88, 0, -118, -133, -145, -159, -173, -188, -200, -214, -228, -243, -256, -267, -281, -293, -302, -310, 0, -325, 0, 333, 334, 0, 335, 336, 337, 338, 339], [-10, -27, -44, 0, -75, -89, -103, -119, -134, 0, -160, -174, -189, -201, -215, 0, -244, -257, -268, -282, -294, 0, -311, -318, -326, -333, 0, 340, 0, 0, 341, 342, 343, 344], [-11, -28, -45, -60, -76, -90, -104, -120, -135, -146, 0, -175, -190, -202, -216, -229, -245, -258, -269, -283, -295, 0, 0, -319, -327, -334, -340, 0, 0, 345, 346, 0, 347, 348], [-12, -29, -46, 0, -77, -91, 0, 0, -136, -147, -161, -176, 0, -203, -217, -230, 0, 0, -270, -284, -296, -303, -312, -320, 0, 0, 0, 0, 0, 349, 350, 351, 352, 0], [-13, -30, -47, -61, -78, -92, -105, -121, -137, -148, 0, -177, -191, -204, -218, -231, 0, -259, -271, -285, -297, -304, -313, -321, -328, -335, 0, -345, -349, 0, 353, 354, 355, 356], [-14, 0, 0, -62, -79, -93, 0, -122, -138, -149, -162, -178, -192, -205, -219, -232, -246, -260, -272, -286, -298, -305, -314, -322, -329, -336, -341, -346, -350, -353, 0, 357, 358, 359], [0, -31, 0, -63, -80, -94, -106, -123, 0, -150, -163, -179, -193, 0, -220, -233, -247, -261, -273, -287, 0, -306, -315, 0, -330, -337, -342, 0, -351, -354, -357, 0, 360, 0], [-15, -32, -48, 0, -81, 0, -107, -124, -139, -151, -164, -180, 0, -206, -221, -234, 0, 0, -274, 0, -299, -307, 0, -323, -331, -338, -343, -347, -352, -355, -358, -360, 0, 361], [-16, -33, -49, -64, 0, -95, -108, -125, 0, -152, -165, -181, -194, -207, -222, -235, -248, 0, -275, -288, 0, -308, -316, -324, -332, -339, -344, -348, 0, -356, -359, 0, -361, 0]], [[0, 0, 0, 0, 0, 0, 0, 0, 0, 0, 0, 0, 0, 0, 0, 0, 0, 1, 0, 0, 2, 3, 4, 5, 6, 7, 0, 8, 9, 10, 11, 12, 13, 14], [0, 0, 0, 15, 0, 16, 0, 0, 0, 0, 0, 0, 0, 17, 0, 0, 0, 18, 0, 19, 20, 0, 21, 22, 0, 23, 24, 25, 26, 27, 28, 0, 29, 30], [0, 0, 0, 0, 0, 0, 0, 0, 31, 0, 0, 0, 0, 0, 0, 0, 0, 32, 0, 33, 34, 35, 36, 37, 38, 39, 40, 41, 42, 43, 0, 0, 44, 45], [0, -15, 0, 0, 0, 0, 0, 0, 0, 0, 0, 0, 0, 0, 0, 0, 46, 47, 48, 49, 0, 50, 0, 51, 52, 53, 0, 54, 55, 0, 56, 57, 58, 59], [0, 0, 0, 0, 0, 0, 0, 0, 0, 0, 0, 0, 0, 60, 0, 0, 0, 61, 62, 63, 64, 65, 66, 67, 68, 0, 69, 70, 71, 72, 73, 0, 74, 75], [0, -16, 0, 0, 0, 0, 0, 0, 76, 0, 0, 0, 0, 0, 0, 0, 0, 77, 78, 0, 0, 79, 80, 81, 82, 83, 84, 0, 85, 86, 87, 88, 89, 90], [0, 0, 0, 0, 0, 0, 0, 0, 91, 0, 0, 0, 0, 0, 0, 0, 0, 0, 0, 92, 93, 94, 0, 95, 96, 0, 97, 98, 99, 100, 101, 102, 103, 0], [0, 0, 0, 0, 0, 0, 0, 0, 0, 0, 0, 0, 0, 104, 0, 0, 105, 106, 0, 0, 107, 108, 109, 110, 0, 111, 112, 113, 114, 115, 0, 0, 116, 0], [0, 0, -31, 0, 0, -76, -91, 0, 0, 0, 0, 0, 0, 0, 0, 0, 0, 117, 118, 0, 0, 119, 120, 121, 0, 122, 123, 124, 0, 125, 126, 127, 128, 129], [0, 0, 0, 0, 0, 0, 0, 0, 0, 0, 0, 0, 0, 0, 0, 130, 0, 131, 132, 133, 134, 135, 136, 137, 138, 139, 140, 141, 142, 143, 144, 145, 0, 0], [0, 0, 0, 0, 0, 0, 0, 0, 0, 0, 0, 0, 146, 0, 0, 147, 0, 0, 148, 149, 150, 0, 151, 152, 153, 154, 0, 155, 156, 0, 157, 158, 0, 159], [0, 0, 0, 0, 0, 0, 0, 0, 0, 0, 0, 0, 0, 0, 0, 0, 0, 160, 0, 0, 161, 162, 163, 164, 165, 166, 167, 168, 0, 169, 170, 171, 172, 173], [0, 0, 0, 0, 0, 0, 0, 0, 0, 0, -146, 0, 0, 174, 0, 175, 0, 176, 177, 178, 0, 0, 0, 0, 179, 180, 181, 182, 183, 184, 185, 186, 187, 188], [0, -17, 0, 0, -60, 0, 0, -104, 0, 0, 0, 0, -174, 0, 189, 0, 0, 190, 191, 192, 0, 193, 0, 194, 195, 196, 197, 0, 198, 199, 200, 201, 202, 203], [0, 0, 0, 0, 0, 0, 0, 0, 0, 0, 0, 0, 0, -189, 0, 0, 0, 204, 205, 206, 207, 208, 209, 210, 211, 0, 212, 213, 0, 0, 214, 215, 216, 217], [0, 0, 0, 0, 0, 0, 0, 0, 0, -130, -147, 0, -175, 0, 0, 0, 0, 218, 219, 220, 221, 0, 0, 222, 223, 224, 225, 226, 227, 228, 229, 230, 0, 0], [0, 0, 0, -46, 0, 0, 0, -105, 0, 0, 0, 0, 0, 0, 0, 0, 0, 231, 232, 233, 234, 0, 235, 236, 0, 237, 238, 0, 239, 0, 240, 241, 242, 243], [-1, -18, -32, -47, -61, -77, 0, -106, -117, -131, 0, -160, -176, -190, -204, -218, -231, 0, 244, 245, 246, 247, 248, 249, 250, 251, 252, 253, 254, 255, 256, 257, 0, 258], [0, 0, 0, -48, -62, -78, 0, 0, -118, -132, -148, 0, -177, -191, -205, -219, -232, -244, 0, 259, 260, 261, 0, 262, 263, 0, 264, 265, 0, 266, 267, 268, 269, 270], [0, -19, -33, -49, -63, 0, -92, 0, 0, -133, -149, 0, -178, -192, -206, -220, -233, -245, -259, 0, 0, 271, 272, 273, 274, 0, 0, 275, 276, 277, 0, 0, 278, 279], [-2, -20, -34, 0, -64, 0, -93, -107, 0, -134, -150, -161, 0, 0, -207, -221, -234, -246, -260, 0, 0, 280, 281, 282, 283, 284, 0, 285, 286, 287, 288, 289, 290, 291], [-3, 0, -35, -50, -65, -79, -94, -108, -119, -135, 0, -162, 0, -193, -208, 0, 0, -247, -261, -271, -280, 0, 292, 293, 294, 295, 296, 0, 0, 297, 298, 299, 300, 301], [-4, -21, -36, 0, -66, -80, 0, -109, -120, -136, -151, -163, 0, 0, -209, 0, -235, -248, 0, -272, -281, -292, 0, 302, 303, 0, 304, 305, 306, 0, 307, 308, 309, 310], [-5, -22, -37, -51, -67, -81, -95, -110, -121, -137, -152, -164, 0, -194, -210, -222, -236, -249, -262, -273, -282, -293, -302, 0, 311, 312, 0, 313, 314, 315, 316, 317, 0, 318], [-6, 0, -38, -52, -68, -82, -96, 0, 0, -138, -153, -165, -179, -195, -211, -223, 0, -250, -263, -274, -283, -294, -303, -311, 0, 0, 0, 0, 0, 319, 320, 321, 0, 322], [-7, -23, -39, -53, 0, -83, 0, -111, -122, -139, -154, -166, -180, -196, 0, -224, -237, -251, 0, 0, -284, -295, 0, -312, 0, 0, 323, 324, 325, 326, 0, 327, 328, 329], [0, -24, -40, 0, -69, -84, -97, -112, -123, -140, 0, -167, -181, -197, -212, -225, -238, -252, -264, 0, 0, -296, -304, 0, 0, -323, 0, 330, 0, 331, 332, 333, 0, 334], [-8, -25, -41, -54, -70, 0, -98, -113, -124, -141, -155, -168, -182, 0, -213, -226, 0, -253, -265, -275, -285, 0, -305, -313, 0, -324, -330, 0, 335, 336, 337, 338, 339, 340], [-9, -26, -42, -55, -71, -85, -99, -114, 0, -142, -156, 0, -183, -198, 0, -227, -239, -254, 0, -276, -286, 0, -306, -314, 0, -325, 0, -335, 0, 341, 342, 343, 344, 345], [-10, -27, -43, 0, -72, -86, -100, -115, -125, -143, 0, -169, -184, -199, 0, -228, 0, -255, -266, -277, -287, -297, 0, -315, -319, -326, -331, -336, -341, 0, 346, 347, 348, 349], [-11, -28, 0, -56, -73, -87, -101, 0, -126, -144, -157, -170, -185, -200, -214, -229, -240, -256, -267, 0, -288, -298, -307, -316, -320, 0, -332, -337, -342, -346, 0, 350, 351, 352], [-12, 0, 0, -57, 0, -88, -102, 0, -127, -145, -158, -171, -186, -201, -215, -230, -241, -257, -268, 0, -289, -299, -308, -317, -321, -327, -333, -338, -343, -347, -350, 0, 353, 354], [-13, -29, -44, -58, -74, -89, -103, -116, -128, 0, 0, -172, -187, -202, -216, 0, -242, 0, -269, -278, -290, -300, -309, 0, 0, -328, 0, -339, -344, -348, -351, -353, 0, 355], [-14, -30, -45, -59, -75, -90, 0, 0, -129, 0, -159, -173, -188, -203, -217, 0, -243, -258, -270, -279, -291, -301, -310, -318, -322, -329, -334, -340, -345, -349, -352, -354, -355, 0]], [[0, 0, 0, 0, 0, 0, 0, 0, 0, 0, 0, 0, 0, 1, 0, 0, 0, 2, 3, 4, 5, 6, 0, 7, 8, 9, 0, 0, 0, 0, 10, 11, 12, 13], [0, 0, 0, 0, 0, 0, 0, 0, 0, 0, 0, 0, 14, 0, 0, 0, 0, 15, 16, 17, 18, 19, 20, 21, 22, 23, 24, 25, 26, 27, 28, 29, 0, 30], [0, 0, 0, 0, 0, 0, 0, 0, 0, 31, 0, 0, 32, 0, 0, 0, 0, 33, 34, 35, 0, 36, 37, 38, 0, 39, 0, 40, 41, 42, 43, 44, 0, 45], [0, 0, 0, 0, 0, 0, 0, 0, 0, 0, 0, 0, 0, 0, 0, 0, 0, 46, 47, 48, 49, 50, 51, 52, 53, 54, 55, 56, 57, 0, 0, 58, 0, 59], [0, 0, 0, 0, 0, 0, 60, 0, 0, 0, 0, 61, 62, 0, 0, 0, 0, 63, 64, 65, 66, 67, 68, 69, 70, 0, 71, 72, 73, 74, 75, 76, 77, 78], [0, 0, 0, 0, 0, 0, 0, 0, 0, 0, 0, 0, 0, 0, 79, 0, 0, 0, 80, 81, 0, 82, 83, 84, 85, 86, 87, 0, 88, 89, 90, 0, 91, 0], [0, 0, 0, 0, -60, 0, 0, 0, 0, 0, 0, 0, 0, 0, 0, 0, 0, 92, 0, 93, 94, 0, 95, 96, 97, 98, 99, 0, 100, 101, 102, 0, 103, 104], [0, 0, 0, 0, 0, 0, 0, 0, 0, 0, 0, 0, 0, 0, 0, 0, 0, 105, 0, 106, 107, 108, 109, 110, 111, 0, 0, 112, 113, 114, 115, 0, 116, 117], [0, 0, 0, 0, 0, 0, 0, 0, 0, 0, 0, 0, 0, 0, 118, 0, 0, 119, 120, 121, 122, 123, 0, 0, 124, 125, 126, 127, 128, 129, 130, 131, 132, 133], [0, 0, -31, 0, 0, 0, 0, 0, 0, 0, 0, 0, 0, 0, 0, 0, 0, 134, 135, 136, 137, 0, 138, 139, 0, 140, 141, 142, 143, 144, 145, 146, 147, 148], [0, 0, 0, 0, 0, 0, 0, 0, 0, 0, 0, 149, 0, 0, 0, 0, 150, 151, 152, 153, 154, 155, 156, 0, 157, 158, 159, 0, 160, 161, 0, 162, 0, 163], [0, 0, 0, 0, -61, 0, 0, 0, 0, 0, -149, 0, 0, 0, 0, 0, 0, 0, 164, 165, 166, 167, 168, 169, 170, 171, 0, 172, 173, 174, 0, 175, 176, 177], [0, -14, -32, 0, -62, 0, 0, 0, 0, 0, 0, 0, 0, 0, 0, 0, 0, 178, 0, 179, 180, 181, 182, 183, 0, 184, 185, 186, 187, 188, 189, 190, 191, 192], [-1, 0, 0, 0, 0, 0, 0, 0, 0, 0, 0, 0, 0, 0, 0, 0, 193, 194, 195, 196, 0, 197, 0, 198, 0, 199, 200, 201, 0, 202, 203, 204, 205, 206], [0, 0, 0, 0, 0, -79, 0, 0, -118, 0, 0, 0, 0, 0, 0, 0, 0, 207, 208, 0, 209, 0, 210, 211, 212, 213, 214, 215, 216, 217, 0, 218, 219, 0], [0, 0, 0, 0, 0, 0, 0, 0, 0, 0, 0, 0, 0, 0, 0, 0, 0, 220, 221, 222, 223, 224, 225, 226, 0, 227, 228, 229, 230, 231, 232, 0, 233, 0], [0, 0, 0, 0, 0, 0, 0, 0, 0, 0, -150, 0, 0, -193, 0, 0, 0, 234, 235, 236, 0, 0, 237, 238, 239, 240, 241, 242, 243, 244, 245, 0, 246, 0], [-2, -15, -33, -46, -63, 0, -92, -105, -119, -134, -151, 0, -178, -194, -207, -220, -234, 0, 247, 248, 249, 250, 251, 252, 0, 253, 254, 255, 256, 257, 258, 259, 260, 261], [-3, -16, -34, -47, -64, -80, 0, 0, -120, -135, -152, -164, 0, -195, -208, -221, -235, -247, 0, 262, 0, 263, 0, 0, 264, 265, 266, 267, 268, 269, 270, 0, 271, 272], [-4, -17, -35, -48, -65, -81, -93, -106, -121, -136, -153, -165, -179, -196, 0, -222, -236, -248, -262, 0, 273, 274, 275, 276, 277, 278, 279, 280, 281, 0, 282, 283, 284, 285], [-5, -18, 0, -49, -66, 0, -94, -107, -122, -137, -154, -166, -180, 0, -209, -223, 0, -249, 0, -273, 0, 286, 287, 288, 289, 0, 0, 290, 291, 292, 293, 294, 295, 296], [-6, -19, -36, -50, -67, -82, 0, -108, -123, 0, -155, -167, -181, -197, 0, -224, 0, -250, -263, -274, -286, 0, 297, 298, 299, 300, 301, 302, 303, 304, 305, 306, 307, 308], [0, -20, -37, -51, -68, -83, -95, -109, 0, -138, -156, -168, -182, 0, -210, -225, -237, -251, 0, -275, -287, -297, 0, 309, 310, 311, 312, 0, 313, 314, 315, 316, 317, 318], [-7, -21, -38, -52, -69, -84, -96, -110, 0, -139, 0, -169, -183, -198, -211, -226, -238, -252, 0, -276, -288, -298, -309, 0, 319, 320, 321, 322, 323, 324, 0, 325, 326, 327], [-8, -22, 0, -53, -70, -85, -97, -111, -124, 0, -157, -170, 0, 0, -212, 0, -239, 0, -264, -277, -289, -299, -310, -319, 0, 0, 0, 328, 0, 329, 330, 331, 332, 0], [-9, -23, -39, -54, 0, -86, -98, 0, -125, -140, -158, -171, -184, -199, -213, -227, -240, -253, -265, -278, 0, -300, -311, -320, 0, 0, 0, 333, 334, 0, 335, 336, 337, 338], [0, -24, 0, -55, -71, -87, -99, 0, -126, -141, -159, 0, -185, -200, -214, -228, -241, -254, -266, -279, 0, -301, -312, -321, 0, 0, 0, 339, 340, 341, 0, 342, 343, 0], [0, -25, -40, -56, -72, 0, 0, -112, -127, -142, 0, -172, -186, -201, -215, -229, -242, -255, -267, -280, -290, -302, 0, -322, -328, -333, -339, 0, 344, 345, 346, 347, 348, 349], [0, -26, -41, -57, -73, -88, -100, -113, -128, -143, -160, -173, -187, 0, -216, -230, -243, -256, -268, -281, -291, -303, -313, -323, 0, -334, -340, -344, 0, 350, 351, 0, 352, 353], [0, -27, -42, 0, -74, -89, -101, -114, -129, -144, -161, -174, -188, -202, -217, -231, -244, -257, -269, 0, -292, -304, -314, -324, -329, 0, -341, -345, -350, 0, 354, 355, 356, 357], [-10, -28, -43, 0, -75, -90, -102, -115, -130, -145, 0, 0, -189, -203, 0, -232, -245, -258, -270, -282, -293, -305, -315, 0, -330, -335, 0, -346, -351, -354, 0, 358, 359, 360], [-11, -29, -44, -58, -76, 0, 0, 0, -131, -146, -162, -175, -190, -204, -218, 0, 0, -259, 0, -283, -294, -306, -316, -325, -331, -336, -342, -347, 0, -355, -358, 0, 361, 362], [-12, 0, 0, 0, -77, -91, -103, -116, -132, -147, 0, -176, -191, -205, -219, -233, -246, -260, -271, -284, -295, -307, -317, -326, -332, -337, -343, -348, -352, -356, -359, -361, 0, 363], [-13, -30, -45, -59, -78, 0, -104, -117, -133, -148, -163, -177, -192, -206, 0, 0, 0, -261, -272, -285, -296, -308, -318, -327, 0, -338, 0, -349, -353, -357, -360, -362, -363, 0]], [[0, 0, 1, 2, 0, 0, 0, 0, 0, 0, 0, 0, 0, 0, 0, 0, 3, 4, 5, 6, 7, 8, 9, 10, 11, 12, 13, 14, 15, 16, 0, 17, 0, 18], [0, 0, 0, 0, 0, 0, 19, 0, 0, 0, 0, 0, 0, 0, 0, 0, 0, 20, 21, 0, 22, 0, 23, 0, 24, 25, 0, 26, 27, 28, 29, 0, 30, 0], [-1, 0, 0, 0, 0, 0, 0, 0, 0, 0, 0, 0, 31, 0, 0, 32, 0, 33, 34, 35, 36, 37, 38, 39, 40, 41, 42, 43, 44, 45, 0, 46, 0, 47], [-2, 0, 0, 0, 0, 0, 48, 0, 0, 0, 0, 0, 0, 0, 49, 50, 0, 51, 0, 52, 0, 53, 54, 55, 56, 57, 58, 59, 60, 61, 62, 63, 64, 65], [0, 0, 0, 0, 0, 0, 0, 66, 0, 0, 67, 0, 0, 68, 0, 0, 0, 69, 70, 71, 72, 0, 73, 74, 75, 0, 76, 0, 77, 78, 79, 0, 80, 81], [0, 0, 0, 0, 0, 0, 0, 82, 0, 0, 0, 0, 0, 0, 0, 0, 0, 83, 84, 0, 85, 86, 87, 88, 89, 0, 90, 91, 92, 93, 94, 0, 0, 0], [0, -19, 0, -48, 0, 0, 0, 0, 0, 0, 0, 0, 0, 0, 0, 0, 0, 95, 96, 97, 0, 0, 98, 99, 100, 101, 102, 103, 104, 105, 106, 0, 107, 108], [0, 0, 0, 0, -66, -82, 0, 0, 0, 0, 0, 0, 0, 109, 0, 0, 0, 110, 111, 112, 113, 114, 115, 0, 116, 117, 118, 0, 119, 120, 121, 122, 123, 124], [0, 0, 0, 0, 0, 0, 0, 0, 0, 0, 0, 0, 0, 0, 0, 0, 0, 125, 126, 127, 0, 128, 129, 130, 131, 132, 133, 134, 135, 136, 137, 138, 139, 140], [0, 0, 0, 0, 0, 0, 0, 0, 0, 0, 0, 0, 0, 0, 0, 0, 0, 0, 141, 142, 0, 0, 0, 143, 144, 145, 146, 147, 148, 149, 0, 150, 151, 152], [0, 0, 0, 0, -67, 0, 0, 0, 0, 0, 0, 0, 0, 0, 0, 0, 0, 153, 154, 155, 156, 157, 158, 159, 160, 161, 162, 163, 0, 0, 164, 165, 166, 167], [0, 0, 0, 0, 0, 0, 0, 0, 0, 0, 0, 0, 0, 0, 0, 0, 0, 168, 169, 170, 171, 172, 0, 173, 174, 175, 176, 177, 178, 179, 180, 181, 182, 183], [0, 0, -31, 0, 0, 0, 0, 0, 0, 0, 0, 0, 0, 0, 0, 0, 0, 184, 185, 186, 0, 187, 188, 189, 0, 0, 0, 190, 191, 192, 193, 0, 194, 195], [0, 0, 0, 0, -68, 0, 0, -109, 0, 0, 0, 0, 0, 0, 0, 0, 0, 0, 196, 0, 197, 0, 0, 198, 199, 200, 201, 202, 203, 204, 205, 0, 206, 0], [0, 0, 0, -49, 0, 0, 0, 0, 0, 0, 0, 0, 0, 0, 0, 0, 0, 207, 208, 209, 210, 211, 212, 213, 214, 215, 216, 217, 218, 219, 220, 221, 222, 223], [0, 0, -32, -50, 0, 0, 0, 0, 0, 0, 0, 0, 0, 0, 0, 0, 0, 224, 225, 226, 227, 0, 228, 229, 0, 0, 0, 0, 0, 230, 231, 232, 0, 233], [-3, 0, 0, 0, 0, 0, 0, 0, 0, 0, 0, 0, 0, 0, 0, 0, 0, 0, 234, 235, 236, 237, 238, 239, 240, 241, 242, 0, 243, 244, 245, 246, 247, 248], [-4, -20, -33, -51, -69, -83, -95, -110, -125, 0, -153, -168, -184, 0, -207, -224, 0, 0, 249, 250, 251, 252, 0, 253, 254, 255, 256, 257, 0, 258, 259, 260, 261, 262], [-5, -21, -34, 0, -70, -84, -96, -111, -126, -141, -154, -169, -185, -196, -208, -225, -234, -249, 0, 263, 264, 265, 266, 267, 268, 269, 270, 271, 272, 0, 273, 274, 0, 275], [-6, 0, -35, -52, -71, 0, -97, -112, -127, -142, -155, -170, -186, 0, -209, -226, -235, -250, -263, 0, 276, 277, 0, 0, 0, 278, 279, 280, 281, 282, 283, 284, 0, 285], [-7, -22, -36, 0, -72, -85, 0, -113, 0, 0, -156, -171, 0, -197, -210, -227, -236, -251, -264, -276, 0, 0, 0, 286, 287, 288, 289, 0, 0, 290, 291, 0, 292, 293], [-8, 0, -37, -53, 0, -86, 0, -114, -128, 0, -157, -172, -187, 0, -211, 0, -237, -252, -265, -277, 0, 0, 294, 295, 296, 297, 298, 0, 299, 300, 0, 301, 302, 303], [-9, -23, -38, -54, -73, -87, -98, -115, -129, 0, -158, 0, -188, 0, -212, -228, -238, 0, -266, 0, 0, -294, 0, 304, 0, 305, 306, 307, 308, 0, 309, 0, 310, 311], [-10, 0, -39, -55, -74, -88, -99, 0, -130, -143, -159, -173, -189, -198, -213, -229, -239, -253, -267, 0, -286, -295, -304, 0, 312, 313, 314, 315, 316, 317, 318, 319, 320, 321], [-11, -24, -40, -56, -75, -89, -100, -116, -131, -144, -160, -174, 0, -199, -214, 0, -240, -254, -268, 0, -287, -296, 0, -312, 0, 322, 323, 324, 325, 0, 326, 327, 328, 0], [-12, -25, -41, -57, 0, 0, -101, -117, -132, -145, -161, -175, 0, -200, -215, 0, -241, -255, -269, -278, -288, -297, -305, -313, -322, 0, 329, 330, 331, 332, 0, 0, 333, 334], [-13, 0, -42, -58, -76, -90, -102, -118, -133, -146, -162, -176, 0, -201, -216, 0, -242, -256, -270, -279, -289, -298, -306, -314, -323, -329, 0, 335, 336, 337, 338, 339, 0, 0], [-14, -26, -43, -59, 0, -91, -103, 0, -134, -147, -163, -177, -190, -202, -217, 0, 0, -257, -271, -280, 0, 0, -307, -315, -324, -330, -335, 0, 340, 341, 342, 343, 344, 345], [-15, -27, -44, -60, -77, -92, -104, -119, -135, -148, 0, -178, -191, -203, -218, 0, -243, 0, -272, -281, 0, -299, -308, -316, -325, -331, -336, -340, 0, 346, 347, 0, 0, 348], [-16, -28, -45, -61, -78, -93, -105, -120, -136, -149, 0, -179, -192, -204, -219, -230, -244, -258, 0, -282, -290, -300, 0, -317, 0, -332, -337, -341, -346, 0, 349, 350, 351, 352], [0, -29, 0, -62, -79, -94, -106, -121, -137, 0, -164, -180, -193, -205, -220, -231, -245, -259, -273, -283, -291, 0, -309, -318, -326, 0, -338, -342, -347, -349, 0, 353, 354, 355], [-17, 0, -46, -63, 0, 0, 0, -122, -138, -150, -165, -181, 0, 0, -221, -232, -246, -260, -274, -284, 0, -301, 0, -319, -327, 0, -339, -343, 0, -350, -353, 0, 356, 357], [0, -30, 0, -64, -80, 0, -107, -123, -139, -151, -166, -182, -194, -206, -222, 0, -247, -261, 0, 0, -292, -302, -310, -320, -328, -333, 0, -344, 0, -351, -354, -356, 0, 358], [-18, 0, -47, -65, -81, 0, -108, -124, -140, -152, -167, -183, -195, 0, -223, -233, -248, -262, -275, -285, -293, -303, -311, -321, 0, -334, 0, -345, -348, -352, -355, -357, -358, 0]], [[0, 1, 0, 0, 0, 0, 0, 2, 0, 0, 0, 0, 0, 0, 0, 0, 0, 3, 4, 5, 6, 0, 7, 0, 8, 9, 0, 0, 10, 11, 12, 0, 13, 14], [-1, 0, 0, 0, 0, 0, 0, 15, 16, 0, 0, 0, 17, 0, 0, 0, 0, 0, 18, 19, 20, 0, 21, 0, 22, 0, 23, 24, 25, 26, 27, 0, 28, 29], [0, 0, 0, 0, 0, 0, 0, 0, 0, 0, 0, 0, 0, 0, 30, 0, 0, 31, 0, 0, 32, 33, 0, 34, 35, 36, 0, 37, 38, 39, 40, 41, 42, 43], [0, 0, 0, 0, 0, 0, 44, 0, 0, 0, 0, 45, 46, 0, 0, 0, 0, 47, 48, 49, 50, 51, 52, 53, 0, 54, 0, 55, 56, 0, 0, 57, 0, 58], [0, 0, 0, 0, 0, 0, 0, 0, 0, 59, 0, 0, 0, 0, 0, 0, 60, 0, 61, 62, 63, 64, 0, 65, 66, 67, 68, 69, 70, 71, 72, 73, 74, 0], [0, 0, 0, 0, 0, 0, 0, 0, 0, 0, 75, 0, 0, 0, 0, 0, 0, 76, 77, 78, 79, 80, 81, 82, 0, 83, 84, 0, 85, 86, 87, 88, 89, 0], [0, 0, 0, -44, 0, 0, 0, 0, 90, 0, 91, 0, 0, 92, 93, 0, 0, 94, 95, 96, 0, 97, 98, 99, 100, 101, 102, 103, 104, 105, 106, 107, 108, 109], [-2, -15, 0, 0, 0, 0, 0, 0, 0, 0, 0, 0, 110, 0, 0, 0, 0, 0, 111, 112, 113, 114, 0, 0, 115, 116, 0, 117, 118, 0, 0, 119, 120, 121], [0, -16, 0, 0, 0, 0, -90, 0, 0, 0, 0, 122, 0, 123, 0, 0, 0, 124, 125, 126, 127, 128, 129, 130, 131, 132, 133, 134, 135, 136, 0, 137, 138, 139], [0, 0, 0, 0, -59, 0, 0, 0, 0, 0, 0, 0, 0, 0, 0, 0, 0, 140, 0, 141, 142, 143, 144, 145, 146, 147, 148, 149, 150, 151, 152, 153, 154, 0], [0, 0, 0, 0, 0, -75, -91, 0, 0, 0, 0, 0, 0, 0, 0, 0, 0, 155, 0, 156, 157, 158, 159, 160, 0, 161, 0, 162, 163, 0, 164, 0, 165, 166], [0, 0, 0, -45, 0, 0, 0, 0, -122, 0, 0, 0, 167, 168, 0, 0, 169, 170, 0, 0, 171, 172, 173, 174, 175, 176, 0, 177, 178, 179, 180, 181, 182, 183], [0, -17, 0, -46, 0, 0, 0, -110, 0, 0, 0, -167, 0, 0, 0, 0, 0, 184, 185, 0, 186, 187, 188, 189, 190, 191, 0, 192, 0, 193, 194, 195, 0, 196], [0, 0, 0, 0, 0, 0, -92, 0, -123, 0, 0, -168, 0, 0, 0, 0, 0, 0, 197, 198, 0, 199, 200, 0, 201, 202, 203, 204, 205, 206, 207, 208, 209, 210], [0, 0, -30, 0, 0, 0, -93, 0, 0, 0, 0, 0, 0, 0, 0, 0, 0, 0, 211, 0, 212, 213, 214, 215, 0, 216, 217, 218, 219, 220, 221, 222, 223, 224], [0, 0, 0, 0, 0, 0, 0, 0, 0, 0, 0, 0, 0, 0, 0, 0, 0, 225, 226, 227, 0, 228, 229, 230, 231, 232, 233, 234, 235, 0, 236, 0, 237, 0], [0, 0, 0, 0, -60, 0, 0, 0, 0, 0, 0, -169, 0, 0, 0, 0, 0, 238, 239, 240, 241, 242, 0, 0, 243, 244, 245, 246, 247, 248, 0, 249, 250, 251], [-3, 0, -31, -47, 0, -76, -94, 0, -124, -140, -155, -170, -184, 0, 0, -225, -238, 0, 0, 252, 253, 254, 255, 256, 0, 257, 258, 259, 260, 0, 261, 0, 0, 262], [-4, -18, 0, -48, -61, -77, -95, -111, -125, 0, 0, 0, -185, -197, -211, -226, -239, 0, 0, 263, 264, 265, 266, 267, 268, 269, 270, 271, 272, 273, 274, 275, 276, 277], [-5, -19, 0, -49, -62, -78, -96, -112, -126, -141, -156, 0, 0, -198, 0, -227, -240, -252, -263, 0, 278, 279, 0, 280, 281, 282, 283, 284, 285, 286, 287, 288, 289, 290], [-6, -20, -32, -50, -63, -79, 0, -113, -127, -142, -157, -171, -186, 0, -212, 0, -241, -253, -264, -278, 0, 291, 292, 0, 293, 294, 295, 296, 297, 298, 299, 300, 0, 301], [0, 0, -33, -51, -64, -80, -97, -114, -128, -143, -158, -172, -187, -199, -213, -228, -242, -254, -265, -279, -291, 0, 302, 303, 304, 305, 0, 306, 307, 308, 309, 310, 0, 311], [-7, -21, 0, -52, 0, -81, -98, 0, -129, -144, -159, -173, -188, -200, -214, -229, 0, -255, -266, 0, -292, -302, 0, 312, 313, 314, 315, 0, 316, 317, 318, 319, 320, 321], [0, 0, -34, -53, -65, -82, -99, 0, -130, -145, -160, -174, -189, 0, -215, -230, 0, -256, -267, -280, 0, -303, -312, 0, 322, 323, 324, 325, 326, 327, 328, 329, 330, 331], [-8, -22, -35, 0, -66, 0, -100, -115, -131, -146, 0, -175, -190, -201, 0, -231, -243, 0, -268, -281, -293, -304, -313, -322, 0, 0, 332, 0, 333, 334, 335, 0, 336, 337], [-9, 0, -36, -54, -67, -83, -101, -116, -132, -147, -161, -176, -191, -202, -216, -232, -244, -257, -269, -282, -294, -305, -314, -323, 0, 0, 0, 338, 0, 339, 340, 341, 0, 342], [0, -23, 0, 0, -68, -84, -102, 0, -133, -148, 0, 0, 0, -203, -217, -233, -245, -258, -270, -283, -295, 0, -315, -324, -332, 0, 0, 343, 344, 345, 346, 0, 347, 348], [0, -24, -37, -55, -69, 0, -103, -117, -134, -149, -162, -177, -192, -204, -218, -234, -246, -259, -271, -284, -296, -306, 0, -325, 0, -338, -343, 0, 349, 350, 0, 351, 352, 0], [-10, -25, -38, -56, -70, -85, -104, -118, -135, -150, -163, -178, 0, -205, -219, -235, -247, -260, -272, -285, -297, -307, -316, -326, -333, 0, -344, -349, 0, 353, 354, 355, 356, 357], [-11, -26, -39, 0, -71, -86, -105, 0, -136, -151, 0, -179, -193, -206, -220, 0, -248, 0, -273, -286, -298, -308, -317, -327, -334, -339, -345, -350, -353, 0, 358, 0, 359, 360], [-12, -27, -40, 0, -72, -87, -106, 0, 0, -152, -164, -180, -194, -207, -221, -236, 0, -261, -274, -287, -299, -309, -318, -328, -335, -340, -346, 0, -354, -358, 0, 361, 362, 363], [0, 0, -41, -57, -73, -88, -107, -119, -137, -153, 0, -181, -195, -208, -222, 0, -249, 0, -275, -288, -300, -310, -319, -329, 0, -341, 0, -351, -355, 0, -361, 0, 364, 365], [-13, -28, -42, 0, -74, -89, -108, -120, -138, -154, -165, -182, 0, -209, -223, -237, -250, 0, -276, -289, 0, 0, -320, -330, -336, 0, -347, -352, -356, -359, -362, -364, 0, 366], [-14, -29, -43, -58, 0, 0, -109, -121, -139, 0, -166, -183, -196, -210, -224, 0, -251, -262, -277, -290, -301, -311, -321, -331, -337, -342, -348, 0, -357, -360, -363, -365, -366, 0]], [[0, 0, 0, 1, 0, 0, 2, 0, 0, 0, 0, 0, 0, 0, 0, 0, 0, 0, 3, 4, 5, 6, 7, 0, 8, 0, 0, 9, 10, 11, 12, 13, 14, 15], [0, 0, 16, 0, 0, 0, 0, 0, 0, 0, 0, 0, 17, 18, 0, 0, 0, 19, 20, 21, 22, 23, 0, 24, 25, 26, 27, 28, 0, 29, 30, 31, 32, 0], [0, -16, 0, 0, 0, 0, 0, 0, 0, 0, 0, 0, 0, 0, 33, 34, 0, 35, 36, 0, 0, 37, 0, 38, 0, 39, 40, 41, 42, 43, 44, 0, 45, 46], [-1, 0, 0, 0, 47, 0, 0, 0, 0, 0, 0, 48, 0, 0, 0, 0, 0, 49, 50, 51, 52, 53, 54, 55, 56, 57, 58, 0, 59, 60, 61, 62, 63, 64], [0, 0, 0, -47, 0, 65, 0, 0, 0, 0, 0, 0, 0, 0, 0, 0, 0, 66, 67, 0, 68, 69, 70, 71, 0, 72, 73, 74, 0, 75, 76, 77, 78, 79], [0, 0, 0, 0, -65, 0, 0, 0, 0, 0, 0, 0, 0, 80, 0, 0, 0, 81, 82, 83, 0, 84, 85, 86, 87, 88, 89, 0, 90, 91, 0, 92, 93, 94], [-2, 0, 0, 0, 0, 0, 0, 0, 0, 0, 0, 0, 0, 0, 0, 0, 0, 95, 96, 97, 98, 0, 99, 100, 101, 0, 102, 103, 104, 105, 106, 0, 107, 0], [0, 0, 0, 0, 0, 0, 0, 0, 0, 0, 0, 0, 0, 0, 0, 0, 0, 108, 109, 110, 111, 112, 113, 114, 115, 116, 117, 118, 119, 0, 120, 121, 122, 0], [0, 0, 0, 0, 0, 0, 0, 0, 0, 123, 0, 0, 0, 0, 0, 0, 0, 124, 125, 126, 0, 127, 128, 129, 130, 0, 131, 132, 133, 134, 0, 135, 136, 137], [0, 0, 0, 0, 0, 0, 0, 0, -123, 0, 0, 0, 0, 0, 0, 138, 0, 139, 140, 141, 142, 143, 144, 145, 146, 147, 148, 0, 149, 150, 151, 0, 152, 153], [0, 0, 0, 0, 0, 0, 0, 0, 0, 0, 0, 0, 0, 154, 0, 0, 0, 155, 156, 0, 157, 158, 159, 160, 161, 162, 163, 164, 165, 0, 166, 167, 0, 168], [0, 0, 0, -48, 0, 0, 0, 0, 0, 0, 0, 0, 0, 0, 0, 0, 0, 169, 170, 0, 171, 172, 173, 174, 175, 176, 177, 0, 0, 178, 179, 180, 181, 182], [0, -17, 0, 0, 0, 0, 0, 0, 0, 0, 0, 0, 0, 0, 0, 0, 0, 183, 184, 185, 0, 0, 0, 186, 187, 188, 189, 0, 190, 191, 192, 193, 194, 0], [0, -18, 0, 0, 0, -80, 0, 0, 0, 0, -154, 0, 0, 0, 0, 0, 0, 195, 196, 197, 198, 199, 200, 201, 202, 203, 204, 205, 0, 0, 206, 207, 208, 209], [0, 0, -33, 0, 0, 0, 0, 0, 0, 0, 0, 0, 0, 0, 0, 0, 0, 210, 211, 0, 212, 213, 0, 214, 215, 216, 217, 218, 219, 220, 221, 222, 0, 223], [0, 0, -34, 0, 0, 0, 0, 0, 0, -138, 0, 0, 0, 0, 0, 0, 224, 225, 226, 227, 0, 228, 229, 230, 231, 0, 232, 233, 234, 235, 236, 237, 238, 239], [0, 0, 0, 0, 0, 0, 0, 0, 0, 0, 0, 0, 0, 0, 0, -224, 0, 240, 0, 241, 242, 243, 244, 245, 246, 0, 0, 0, 247, 248, 249, 250, 0, 251], [0, -19, -35, -49, -66, -81, -95, -108, -124, -139, -155, -169, -183, -195, -210, -225, -240, 0, 252, 253, 254, 255, 256, 0, 257, 258, 259, 260, 261, 262, 263, 0, 264, 265], [-3, -20, -36, -50, -67, -82, -96, -109, -125, -140, -156, -170, -184, -196, -211, -226, 0, -252, 0, 266, 267, 268, 269, 270, 0, 271, 272, 273, 0, 274, 0, 275, 276, 0], [-4, -21, 0, -51, 0, -83, -97, -110, -126, -141, 0, 0, -185, -197, 0, -227, -241, -253, -266, 0, 0, 277, 278, 279, 280, 0, 281, 282, 283, 284, 285, 286, 287, 288], [-5, -22, 0, -52, -68, 0, -98, -111, 0, -142, -157, -171, 0, -198, -212, 0, -242, -254, -267, 0, 0, 289, 290, 291, 292, 293, 294, 295, 296, 297, 298, 299, 0, 300], [-6, -23, -37, -53, -69, -84, 0, -112, -127, -143, -158, -172, 0, -199, -213, -228, -243, -255, -268, -277, -289, 0, 0, 301, 0, 0, 302, 303, 304, 305, 306, 307, 308, 0], [-7, 0, 0, -54, -70, -85, -99, -113, -128, -144, -159, -173, 0, -200, 0, -229, -244, -256, -269, -278, -290, 0, 0, 0, 309, 310, 311, 312, 313, 314, 315, 316, 0, 317], [0, -24, -38, -55, -71, -86, -100, -114, -129, -145, -160, -174, -186, -201, -214, -230, -245, 0, -270, -279, -291, -301, 0, 0, 318, 319, 320, 321, 322, 323, 324, 325, 326, 327], [-8, -25, 0, -56, 0, -87, -101, -115, -130, -146, -161, -175, -187, -202, -215, -231, -246, -257, 0, -280, -292, 0, -309, -318, 0, 328, 329, 330, 331, 332, 333, 0, 0, 0], [0, -26, -39, -57, -72, -88, 0, -116, 0, -147, -162, -176, -188, -203, -216, 0, 0, -258, -271, 0, -293, 0, -310, -319, -328, 0, 0, 334, 335, 336, 337, 338, 0, 339], [0, -27, -40, -58, -73, -89, -102, -117, -131, -148, -163, -177, -189, -204, -217, -232, 0, -259, -272, -281, -294, -302, -311, -320, -329, 0, 0, 340, 341, 342, 0, 343, 344, 345], [-9, -28, -41, 0, -74, 0, -103, -118, -132, 0, -164, 0, 0, -205, -218, -233, 0, -260, -273, -282, -295, -303, -312, -321, -330, -334, -340, 0, 0, 346, 347, 348, 0, 0], [-10, 0, -42, -59, 0, -90, -104, -119, -133, -149, -165, 0, -190, 0, -219, -234, -247, -261, 0, -283, -296, -304, -313, -322, -331, -335, -341, 0, 0, 349, 350, 351, 0, 0], [-11, -29, -43, -60, -75, -91, -105, 0, -134, -150, 0, -178, -191, 0, -220, -235, -248, -262, -274, -284, -297, -305, -314, -323, -332, -336, -342, -346, -349, 0, 352, 353, 354, 355], [-12, -30, -44, -61, -76, 0, -106, -120, 0, -151, -166, -179, -192, -206, -221, -236, -249, -263, 0, -285, -298, -306, -315, -324, -333, -337, 0, -347, -350, -352, 0, 356, 357, 358], [-13, -31, 0, -62, -77, -92, 0, -121, -135, 0, -167, -180, -193, -207, -222, -237, -250, 0, -275, -286, -299, -307, -316, -325, 0, -338, -343, -348, -351, -353, -356, 0, 359, 360], [-14, -32, -45, -63, -78, -93, -107, -122, -136, -152, 0, -181, -194, -208, 0, -238, 0, -264, -276, -287, 0, -308, 0, -326, 0, 0, -344, 0, 0, -354, -357, -359, 0, 0], [-15, 0, -46, -64, -79, -94, 0, 0, -137, -153, -168, -182, 0, -209, -223, -239, -251, -265, 0, -288, -300, 0, -317, -327, 0, -339, -345, 0, 0, -355, -358, -360, 0, 0]], [[0, 1, 0, 0, 0, 0, 0, 0, 0, 0, 0, 0, 0, 0, 0, 0, 0, 0, 2, 3, 4, 5, 6, 0, 7, 8, 9, 10, 11, 12, 13, 14, 15, 16], [-1, 0, 0, 0, 17, 0, 0, 0, 0, 0, 0, 0, 0, 0, 0, 0, 0, 18, 19, 20, 21, 0, 0, 22, 23, 24, 0, 25, 26, 27, 28, 29, 30, 0], [0, 0, 0, 0, 0, 0, 0, 0, 0, 0, 0, 0, 0, 0, 0, 0, 0, 31, 0, 32, 33, 34, 35, 36, 37, 38, 39, 40, 41, 0, 0, 42, 43, 44], [0, 0, 0, 0, 0, 0, 0, 0, 0, 0, 45, 0, 0, 0, 0, 0, 0, 46, 47, 48, 0, 49, 0, 50, 51, 0, 52, 53, 0, 0, 54, 55, 56, 0], [0, -17, 0, 0, 0, 0, 0, 0, 0, 0, 0, 57, 0, 0, 0, 0, 0, 58, 59, 60, 61, 62, 63, 64, 65, 66, 0, 67, 68, 69, 70, 71, 72, 73], [0, 0, 0, 0, 0, 0, 0, 0, 0, 0, 0, 0, 0, 0, 0, 74, 75, 76, 77, 0, 78, 0, 79, 80, 0, 81, 82, 83, 84, 85, 86, 87, 0, 88], [0, 0, 0, 0, 0, 0, 0, 0, 0, 0, 0, 0, 0, 0, 0, 89, 0, 90, 91, 92, 93, 94, 0, 95, 96, 97, 0, 98, 99, 0, 100, 101, 102, 0], [0, 0, 0, 0, 0, 0, 0, 0, 0, 0, 0, 0, 0, 103, 0, 0, 0, 104, 105, 106, 107, 108, 109, 110, 111, 112, 113, 0, 114, 0, 115, 116, 0, 117], [0, 0, 0, 0, 0, 0, 0, 0, 0, 0, 0, 0, 0, 0, 0, 0, 0, 0, 118, 119, 0, 120, 0, 121, 122, 123, 124, 0, 0, 125, 126, 0, 127, 0], [0, 0, 0, 0, 0, 0, 0, 0, 0, 0, 0, 0, 0, 0, 128, 0, 129, 130, 0, 0, 131, 0, 132, 133, 134, 0, 135, 136, 137, 138, 139, 140, 141, 0], [0, 0, 0, -45, 0, 0, 0, 0, 0, 0, 0, 142, 0, 0, 143, 0, 0, 144, 145, 146, 147, 148, 149, 150, 151, 152, 153, 154, 155, 156, 157, 158, 0, 159], [0, 0, 0, 0, -57, 0, 0, 0, 0, 0, -142, 0, 0, 160, 0, 0, 0, 161, 162, 163, 164, 165, 166, 167, 168, 169, 170, 171, 172, 173, 174, 175, 176, 177], [0, 0, 0, 0, 0, 0, 0, 0, 0, 0, 0, 0, 0, 0, 0, 0, 0, 178, 179, 180, 181, 182, 183, 184, 0, 185, 0, 0, 186, 187, 0, 188, 189, 190], [0, 0, 0, 0, 0, 0, 0, -103, 0, 0, 0, -160, 0, 0, 0, 0, 0, 191, 192, 0, 0, 193, 0, 194, 195, 196, 197, 198, 0, 199, 200, 201, 202, 203], [0, 0, 0, 0, 0, 0, 0, 0, 0, -128, -143, 0, 0, 0, 0, 0, 0, 204, 205, 206, 0, 0, 207, 208, 209, 210, 0, 211, 212, 213, 214, 215, 216, 217], [0, 0, 0, 0, 0, -74, -89, 0, 0, 0, 0, 0, 0, 0, 0, 0, 0, 218, 219, 0, 220, 221, 222, 0, 0, 0, 0, 223, 224, 225, 226, 227, 228, 229], [0, 0, 0, 0, 0, -75, 0, 0, 0, -129, 0, 0, 0, 0, 0, 0, 0, 230, 0, 231, 232, 233, 234, 235, 236, 0, 237, 238, 239, 240, 241, 242, 243, 244], [0, -18, -31, -46, -58, -76, -90, -104, 0, -130, -144, -161, -178, -191, -204, -218, -230, 0, 245, 246, 247, 248, 249, 250, 251, 252, 253, 254, 255, 256, 257, 258, 259, 260], [-2, -19, 0, -47, -59, -77, -91, -105, -118, 0, -145, -162, -179, -192, -205, -219, 0, -245, 0, 261, 262, 263, 264, 265, 266, 267, 268, 269, 270, 271, 272, 273, 274, 275], [-3, -20, -32, -48, -60, 0, -92, -106, -119, 0, -146, -163, -180, 0, -206, 0, -231, -246, -261, 0, 276, 0, 277, 0, 0, 278, 279, 280, 281, 282, 283, 284, 285, 286], [-4, -21, -33, 0, -61, -78, -93, -107, 0, -131, -147, -164, -181, 0, 0, -220, -232, -247, -262, -276, 0, 0, 287, 288, 289, 290, 291, 292, 293, 294, 295, 296, 0, 0], [-5, 0, -34, -49, -62, 0, -94, -108, -120, 0, -148, -165, -182, -193, 0, -221, -233, -248, -263, 0, 0, 0, 297, 298, 0, 0, 299, 300, 301, 302, 303, 0, 304, 305], [-6, 0, -35, 0, -63, -79, 0, -109, 0, -132, -149, -166, -183, 0, -207, -222, -234, -249, -264, -277, -287, -297, 0, 306, 307, 308, 309, 310, 0, 311, 312, 0, 313, 314], [0, -22, -36, -50, -64, -80, -95, -110, -121, -133, -150, -167, -184, -194, -208, 0, -235, -250, -265, 0, -288, -298, -306, 0, 0, 315, 0, 316, 317, 318, 319, 0, 320, 321], [-7, -23, -37, -51, -65, 0, -96, -111, -122, -134, -151, -168, 0, -195, -209, 0, -236, -251, -266, 0, -289, 0, -307, 0, 0, 322, 323, 0, 324, 325, 326, 0, 0, 0], [-8, -24, -38, 0, -66, -81, -97, -112, -123, 0, -152, -169, -185, -196, -210, 0, 0, -252, -267, -278, -290, 0, -308, -315, -322, 0, 327, 328, 329, 330, 331, 332, 333, 334], [-9, 0, -39, -52, 0, -82, 0, -113, -124, -135, -153, -170, 0, -197, 0, 0, -237, -253, -268, -279, -291, -299, -309, 0, -323, -327, 0, 335, 336, 337, 0, 0, 338, 0], [-10, -25, -40, -53, -67, -83, -98, 0, 0, -136, -154, -171, 0, -198, -211, -223, -238, -254, -269, -280, -292, -300, -310, -316, 0, -328, -335, 0, 339, 340, 341, 0, 0, 342], [-11, -26, -41, 0, -68, -84, -99, -114, 0, -137, -155, -172, -186, 0, -212, -224, -239, -255, -270, -281, -293, -301, 0, -317, -324, -329, -336, -339, 0, 343, 0, 344, 345, 346], [-12, -27, 0, 0, -69, -85, 0, 0, -125, -138, -156, -173, -187, -199, -213, -225, -240, -256, -271, -282, -294, -302, -311, -318, -325, -330, -337, -340, -343, 0, 347, 348, 0, 349], [-13, -28, 0, -54, -70, -86, -100, -115, -126, -139, -157, -174, 0, -200, -214, -226, -241, -257, -272, -283, -295, -303, -312, -319, -326, -331, 0, -341, 0, -347, 0, 0, 350, 0], [-14, -29, -42, -55, -71, -87, -101, -116, 0, -140, -158, -175, -188, -201, -215, -227, -242, -258, -273, -284, -296, 0, 0, 0, 0, -332, 0, 0, -344, -348, 0, 0, 351, 352], [-15, -30, -43, -56, -72, 0, -102, 0, -127, -141, 0, -176, -189, -202, -216, -228, -243, -259, -274, -285, 0, -304, -313, -320, 0, -333, -338, 0, -345, 0, -350, -351, 0, 353], [-16, 0, -44, 0, -73, -88, 0, -117, 0, 0, -159, -177, -190, -203, -217, -229, -244, -260, -275, -286, 0, -305, -314, -321, 0, -334, 0, -342, -346, -349, 0, -352, -353, 0]], [[0, 0, 0, 0, 0, 0, 1, 0, 0, 0, 2, 0, 0, 0, 0, 0, 0, 3, 4, 5, 6, 7, 8, 9, 10, 0, 11, 12, 13, 0, 14, 15, 16, 17], [0, 0, 0, 0, 0, 0, 18, 0, 0, 0, 0, 0, 0, 0, 0, 0, 0, 19, 20, 21, 22, 0, 23, 0, 24, 25, 26, 27, 0, 0, 0, 28, 29, 30], [0, 0, 0, 0, 0, 0, 0, 0, 0, 0, 0, 0, 0, 0, 31, 32, 0, 33, 34, 35, 0, 0, 36, 37, 38, 39, 40, 0, 41, 42, 43, 0, 44, 45], [0, 0, 0, 0, 0, 0, 0, 46, 0, 0, 0, 0, 0, 0, 0, 0, 0, 0, 47, 48, 49, 50, 51, 52, 0, 53, 54, 55, 0, 0, 56, 0, 57, 58], [0, 0, 0, 0, 0, 0, 0, 59, 0, 0, 0, 0, 0, 0, 0, 0, 0, 60, 61, 62, 0, 63, 64, 0, 0, 0, 65, 66, 67, 68, 0, 69, 70, 0], [0, 0, 0, 0, 0, 0, 0, 0, 0, 0, 0, 0, 0, 0, 0, 0, 0, 71, 72, 73, 74, 75, 76, 0, 77, 78, 79, 80, 81, 82, 83, 84, 85, 86], [-1, -18, 0, 0, 0, 0, 0, 0, 0, 0, 0, 0, 0, 0, 0, 0, 0, 87, 0, 88, 89, 90, 91, 92, 93, 94, 95, 96, 97, 0, 98, 99, 100, 101], [0, 0, 0, -46, -59, 0, 0, 0, 0, 0, 0, 0, 0, 102, 0, 0, 0, 0, 103, 104, 105, 106, 107, 108, 109, 110, 111, 112, 113, 0, 114, 115, 116, 117], [0, 0, 0, 0, 0, 0, 0, 0, 0, 0, 0, 0, 0, 0, 0, 0, 0, 118, 119, 120, 0, 121, 122, 123, 124, 125, 126, 127, 0, 0, 128, 0, 129, 0], [0, 0, 0, 0, 0, 0, 0, 0, 0, 0, 0, 0, 0, 0, 0, 0, 0, 0, 0, 130, 131, 132, 0, 133, 134, 135, 136, 137, 138, 139, 140, 141, 0, 142], [-2, 0, 0, 0, 0, 0, 0, 0, 0, 0, 0, 0, 0, 0, 0, 0, 0, 0, 143, 144, 145, 146, 0, 147, 148, 149, 150, 0, 151, 152, 0, 153, 154, 155], [0, 0, 0, 0, 0, 0, 0, 0, 0, 0, 0, 0, 0, 0, 0, 0, 0, 156, 157, 158, 159, 0, 0, 160, 161, 162, 163, 164, 165, 166, 0, 167, 168, 0], [0, 0, 0, 0, 0, 0, 0, 0, 0, 0, 0, 0, 0, 0, 0, 0, 0, 169, 170, 171, 172, 173, 174, 175, 176, 177, 178, 179, 180, 0, 181, 182, 183, 184], [0, 0, 0, 0, 0, 0, 0, -102, 0, 0, 0, 0, 0, 0, 0, 185, 0, 186, 0, 187, 188, 189, 190, 0, 191, 192, 0, 193, 194, 0, 195, 196, 0, 197], [0, 0, -31, 0, 0, 0, 0, 0, 0, 0, 0, 0, 0, 0, 0, 0, 0, 198, 0, 199, 200, 201, 0, 202, 203, 204, 205, 0, 206, 0, 207, 208, 209, 210], [0, 0, -32, 0, 0, 0, 0, 0, 0, 0, 0, 0, 0, -185, 0, 0, 0, 211, 212, 0, 213, 214, 0, 215, 216, 217, 218, 0, 219, 220, 221, 0, 222, 223], [0, 0, 0, 0, 0, 0, 0, 0, 0, 0, 0, 0, 0, 0, 0, 0, 0, 224, 225, 226, 227, 228, 229, 230, 231, 232, 233, 234, 235, 236, 237, 238, 239, 0], [-3, -19, -33, 0, -60, -71, -87, 0, -118, 0, 0, -156, -169, -186, -198, -211, -224, 0, 240, 241, 242, 243, 0, 0, 244, 245, 0, 246, 0, 247, 248, 249, 250, 251], [-4, -20, -34, -47, -61, -72, 0, -103, -119, 0, -143, -157, -170, 0, 0, -212, -225, -240, 0, 252, 253, 254, 255, 256, 257, 258, 259, 260, 0, 261, 262, 263, 264, 265], [-5, -21, -35, -48, -62, -73, -88, -104, -120, -130, -144, -158, -171, -187, -199, 0, -226, -241, -252, 0, 0, 266, 0, 267, 268, 0, 0, 269, 270, 271, 272, 273, 274, 275], [-6, -22, 0, -49, 0, -74, -89, -105, 0, -131, -145, -159, -172, -188, -200, -213, -227, -242, -253, 0, 0, 276, 277, 278, 279, 280, 281, 0, 282, 283, 284, 285, 286, 287], [-7, 0, 0, -50, -63, -75, -90, -106, -121, -132, -146, 0, -173, -189, -201, -214, -228, -243, -254, -266, -276, 0, 0, 288, 0, 289, 290, 291, 292, 293, 294, 0, 295, 296], [-8, -23, -36, -51, -64, -76, -91, -107, -122, 0, 0, 0, -174, -190, 0, 0, -229, 0, -255, 0, -277, 0, 0, 297, 0, 0, 298, 299, 0, 300, 301, 302, 303, 304], [-9, 0, -37, -52, 0, 0, -92, -108, -123, -133, -147, -160, -175, 0, -202, -215, -230, 0, -256, -267, -278, -288, -297, 0, 305, 306, 307, 308, 309, 0, 310, 311, 312, 313], [-10, -24, -38, 0, 0, -77, -93, -109, -124, -134, -148, -161, -176, -191, -203, -216, -231, -244, -257, -268, -279, 0, 0, -305, 0, 314, 315, 316, 317, 0, 318, 319, 320, 321], [0, -25, -39, -53, 0, -78, -94, -110, -125, -135, -149, -162, -177, -192, -204, -217, -232, -245, -258, 0, -280, -289, 0, -306, -314, 0, 322, 323, 324, 325, 326, 327, 328, 329], [-11, -26, -40, -54, -65, -79, -95, -111, -126, -136, -150, -163, -178, 0, -205, -218, -233, 0, -259, 0, -281, -290, -298, -307, -315, -322, 0, 330, 331, 332, 0, 333, 0, 334], [-12, -27, 0, -55, -66, -80, -96, -112, -127, -137, 0, -164, -179, -193, 0, 0, -234, -246, -260, -269, 0, -291, -299, -308, -316, -323, -330, 0, 335, 336, 337, 338, 339, 0], [-13, 0, -41, 0, -67, -81, -97, -113, 0, -138, -151, -165, -180, -194, -206, -219, -235, 0, 0, -270, -282, -292, 0, -309, -317, -324, -331, -33