[[[0, 0, 0, 0, 0, 1, 2, 0, 0, 0, 0, 0, 0, 0, 0, 0, 0, 0, 3, 0, 0, 0, 0, 0, 0, 4, 0, 0, 0, 0, 0, 0, 0, 5, 0, 0, 6, 0, 0, 0, 7, 0, 8, 0, 9, 10, 11, 12, 13, 14, 15, 16, 0, 0, 17, 0, 18, 19, 20, 21, 22, 0, 23, 24, 25, 26, 27, 28, 29, 30, 31, 32, 33, 34, 35, 36, 37, 38, 39, 0], [0, 0, 0, 0, 0, 0, 40, 0, 0, 0, 0, 0, 0, 0, 0, 0, 0, 0, 41, 0, 42, 0, 0, 0, 0, 0, 0, 0, 0, 0, 0, 0, 0, 0, 0, 0, 0, 0, 0, 0, 43, 44, 45, 0, 46, 0, 47, 48, 49, 50, 51, 52, 53, 54, 55, 56, 57, 58, 59, 60, 0, 61, 62, 0, 63, 64, 65, 66, 67, 68, 69, 70, 71, 72, 73, 74, 75, 76, 77, 78], [0, 0, 0, 0, 0, 0, 0, 0, 0, 0, 0, 0, 79, 0, 0, 0, 0, 0, 0, 0, 0, 0, 0, 0, 80, 0, 0, 0, 0, 0, 0, 0, 0, 0, 0, 0, 81, 0, 82, 0, 83, 0, 84, 0, 85, 86, 87, 0, 88, 89, 90, 91, 92, 93, 94, 95, 96, 97, 98, 0, 99, 100, 101, 0, 102, 103, 104, 105, 106, 107, 108, 109, 110, 111, 112, 113, 114, 115, 116, 117], [0, 0, 0, 0, 0, 0, 0, 0, 0, 0, 0, 0, 0, 0, 0, 0, 0, 0, 0, 0, 0, 0, 0, 0, 0, 0, 0, 0, 0, 0, 0, 0, 0, 0, 0, 0, 0, 0, 0, 0, 118, 119, 120, 0, 121, 122, 0, 123, 124, 125, 126, 127, 128, 129, 130, 131, 0, 132, 133, 134, 135, 136, 137, 0, 0, 138, 0, 139, 140, 141, 142, 143, 144, 0, 145, 146, 147, 148, 0, 149], [0, 0, 0, 0, 0, 0, 0, 0, 0, 0, 0, 0, 0, 0, 0, 0, 0, 0, 0, 0, 0, 0, 0, 0, 0, 0, 0, 0, 150, 0, 0, 0, 0, 0, 0, 0, 0, 0, 0, 151, 152, 153, 154, 155, 156, 157, 158, 159, 0, 0, 160, 161, 162, 163, 0, 164, 165, 0, 166, 0, 167, 168, 169, 170, 171, 172, 173, 174, 175, 176, 177, 178, 0, 179, 180, 181, 182, 0, 183, 184], [-1, 0, 0, 0, 0, 0, 0, 0, 0, 0, 0, 185, 0, 0, 0, 0, 0, 0, 0, 0, 0, 0, 186, 0, 0, 187, 0, 0, 0, 0, 0, 0, 0, 188, 0, 0, 0, 0, 0, 0, 0, 189, 190, 0, 0, 0, 191, 192, 193, 194, 195, 0, 196, 197, 198, 0, 199, 200, 201, 202, 0, 203, 204, 0, 205, 206, 207, 208, 209, 0, 210, 0, 0, 211, 212, 213, 0, 0, 214, 215], [-2, -40, 0, 0, 0, 0, 0, 216, 0, 0, 0, 217, 0, 218, 0, 219, 0, 0, 0, 0, 0, 220, 0, 0, 0, 0, 0, 0, 0, 0, 0, 0, 0, 0, 0, 0, 0, 0, 0, 0, 221, 222, 223, 224, 0, 225, 226, 227, 228, 229, 230, 231, 232, 233, 234, 235, 236, 0, 237, 238, 0, 239, 240, 241, 242, 0, 243, 0, 244, 245, 246, 247, 248, 249, 250, 251, 252, 253, 254, 255], [0, 0, 0, 0, 0, 0, -216, 0, 0, 0, 0, 0, 0, 0, 0, 256, 0, 257, 0, 0, 0, 0, 0, 0, 0, 0, 0, 0, 258, 0, 0, 0, 0, 0, 0, 0, 259, 0, 0, 0, 260, 261, 262, 263, 264, 265, 266, 267, 268, 269, 270, 271, 272, 273, 274, 275, 276, 277, 278, 279, 0, 280, 281, 0, 282, 0, 283, 284, 285, 0, 0, 286, 287, 288, 0, 289, 290, 291, 292, 293], [0, 0, 0, 0, 0, 0, 0, 0, 0, 0, 0, 0, 0, 0, 0, 0, 0, 0, 0, 0, 0, 0, 0, 0, 0, 0, 0, 0, 0, 0, 0, 0, 0, 0, 0, 0, 0, 0, 0, 0, 294, 295, 296, 0, 297, 298, 0, 299, 300, 301, 302, 303, 304, 305, 0, 306, 307, 308, 309, 0, 310, 0, 311, 312, 313, 314, 315, 316, 317, 0, 318, 319, 320, 0, 321, 322, 0, 323, 324, 0], [0, 0, 0, 0, 0, 0, 0, 0, 0, 0, 0, 325, 0, 0, 0, 0, 0, 326, 0, 0, 0, 0, 0, 0, 0, 0, 0, 0, 0, 0, 0, 0, 0, 0, 0, 0, 0, 0, 0, 0, 327, 328, 329, 0, 330, 331, 332, 333, 334, 335, 336, 337, 338, 339, 340, 0, 341, 342, 343, 344, 0, 345, 346, 347, 0, 348, 0, 0, 349, 350, 351, 352, 353, 0, 354, 355, 356, 357, 358, 359], [0, 0, 0, 0, 0, 0, 0, 0, 0, 0, 0, 0, 0, 0, 0, 0, 0, 0, 360, 0, 0, 0, 0, 0, 0, 0, 0, 0, 0, 0, 0, 0, 0, 0, 0, 0, 0, 0, 0, 0, 361, 362, 0, 363, 364, 365, 366, 367, 368, 369, 370, 371, 372, 0, 373, 374, 375, 376, 377, 378, 379, 380, 381, 0, 382, 383, 384, 385, 386, 387, 0, 388, 389, 390, 391, 392, 0, 393, 394, 395], [0, 0, 0, 0, 0, -185, -217, 0, 0, -325, 0, 0, 0, 0, 396, 0, 0, 0, 0, 0, 0, 397, 0, 0, 0, 0, 0, 0, 0, 0, 0, 0, 0, 0, 0, 398, 0, 0, 0, 0, 399, 400, 401, 402, 403, 404, 405, 406, 407, 408, 409, 410, 0, 411, 412, 413, 414, 415, 416, 0, 417, 418, 419, 0, 420, 0, 0, 421, 422, 0, 423, 0, 424, 425, 426, 427, 0, 428, 0, 429], [0, 0, -79, 0, 0, 0, 0, 0, 0, 0, 0, 0, 0, 0, 0, 0, 430, 0, 0, 0, 0, 431, 0, 0, 0, 0, 0, 0, 0, 0, 0, 0, 0, 0, 0, 0, 0, 0, 0, 0, 0, 432, 433, 434, 435, 0, 436, 437, 0, 438, 439, 0, 440, 0, 441, 442, 0, 443, 444, 0, 0, 445, 446, 0, 0, 447, 448, 449, 450, 451, 452, 453, 454, 455, 456, 457, 458, 459, 460, 461], [0, 0, 0, 0, 0, 0, -218, 0, 0, 0, 0, 0, 0, 0, 0, 0, 0, 0, 0, 0, 0, 0, 0, 0, 0, 0, 0, 462, 0, 0, 0, 0, 0, 463, 0, 0, 0, 0, 0, 0, 464, 465, 0, 466, 467, 468, 469, 470, 0, 471, 0, 472, 473, 474, 475, 476, 477, 478, 0, 479, 0, 480, 481, 0, 482, 483, 484, 485, 486, 487, 488, 489, 490, 491, 492, 493, 494, 495, 0, 496], [0, 0, 0, 0, 0, 0, 0, 0, 0, 0, 0, -396, 0, 0, 0, 0, 0, 0, 0, 0, 0, 0, 497, 0, 0, 0, 0, 0, 0, 0, 0, 0, 0, 0, 0, 498, 0, 0, 0, 0, 499, 500, 501, 502, 503, 504, 505, 506, 507, 508, 509, 510, 511, 512, 513, 514, 515, 516, 517, 518, 0, 519, 520, 521, 0, 522, 523, 0, 524, 525, 526, 527, 528, 529, 530, 0, 531, 532, 533, 0], [0, 0, 0, 0, 0, 0, -219, -256, 0, 0, 0, 0, 0, 0, 0, 0, 0, 0, 0, 0, 0, 0, 0, 0, 0, 534, 0, 0, 0, 0, 0, 0, 0, 0, 0, 0, 535, 0, 0, 0, 536, 537, 538, 539, 540, 541, 0, 0, 542, 543, 0, 0, 0, 544, 545, 546, 0, 547, 0, 548, 549, 0, 550, 551, 552, 553, 554, 0, 555, 0, 556, 557, 0, 558, 559, 560, 561, 562, 563, 564], [0, 0, 0, 0, 0, 0, 0, 0, 0, 0, 0, 0, -430, 0, 0, 0, 0, 0, 0, 0, 0, 0, 0, 0, 0, 0, 565, 0, 0, 0, 0, 0, 0, 0, 0, 0, 0, 0, 0, 0, 566, 567, 568, 0, 569, 570, 571, 572, 573, 574, 575, 576, 0, 577, 0, 578, 579, 580, 581, 0, 582, 583, 584, 585, 586, 0, 587, 588, 589, 0, 590, 591, 592, 593, 594, 595, 596, 0, 0, 597], [0, 0, 0, 0, 0, 0, 0, -257, 0, -326, 0, 0, 0, 0, 0, 0, 0, 0, 0, 0, 0, 0, 598, 0, 0, 599, 0, 0, 0, 0, 0, 0, 0, 0, 0, 0, 0, 0, 0, 0, 0, 600, 601, 602, 0, 603, 604, 605, 606, 0, 607, 608, 609, 610, 611, 612, 0, 613, 614, 615, 616, 0, 0, 617, 618, 619, 0, 620, 621, 0, 622, 623, 624, 625, 626, 627, 628, 629, 630, 0], [-3, -41, 0, 0, 0, 0, 0, 0, 0, 0, -360, 0, 0, 0, 0, 0, 0, 0, 0, 0, 0, 0, 0, 0, 0, 0, 0, 0, 0, 0, 0, 0, 0, 0, 0, 0, 0, 0, 0, 0, 631, 632, 633, 634, 635, 0, 636, 637, 638, 639, 640, 0, 641, 642, 643, 644, 645, 646, 0, 0, 647, 648, 649, 0, 650, 651, 652, 653, 654, 655, 656, 657, 658, 659, 660, 661, 662, 663, 664, 665], [0, 0, 0, 0, 0, 0, 0, 0, 0, 0, 0, 0, 0, 0, 0, 0, 0, 0, 0, 0, 0, 0, 0, 0, 0, 0, 0, 0, 0, 0, 0, 0, 666, 0, 0, 0, 0, 0, 0, 0, 667, 0, 668, 669, 670, 671, 672, 673, 674, 0, 675, 676, 677, 678, 679, 680, 681, 682, 683, 684, 685, 686, 687, 688, 689, 690, 691, 692, 693, 694, 695, 696, 697, 698, 0, 0, 699, 700, 0, 701], [0, -42, 0, 0, 0, 0, 0, 0, 0, 0, 0, 0, 0, 0, 0, 0, 0, 0, 0, 0, 0, 0, 0, 0, 0, 0, 0, 0, 0, 0, 0, 0, 0, 0, 0, 0, 0, 0, 0, 0, 702, 703, 704, 705, 0, 706, 707, 708, 709, 710, 711, 712, 713, 714, 715, 716, 717, 718, 719, 0, 720, 0, 721, 722, 723, 0, 724, 725, 726, 727, 728, 729, 0, 0, 730, 731, 732, 733, 734, 735], [0, 0, 0, 0, 0, 0, -220, 0, 0, 0, 0, -397, -431, 0, 0, 0, 0, 0, 0, 0, 0, 0, 0, 0, 0, 0, 0, 0, 0, 0, 0, 0, 0, 0, 0, 736, 0, 0, 737, 0, 738, 739, 740, 741, 742, 743, 744, 745, 0, 746, 747, 748, 0, 0, 749, 750, 751, 752, 753, 754, 755, 756, 757, 758, 759, 760, 761, 762, 763, 764, 765, 766, 0, 767, 768, 769, 770, 771, 772, 773], [0, 0, 0, 0, 0, -186, 0, 0, 0, 0, 0, 0, 0, 0, -497, 0, 0, -598, 0, 0, 0, 0, 0, 774, 0, 0, 0, 0, 0, 0, 0, 0, 0, 775, 0, 0, 0, 0, 0, 0, 776, 777, 778, 779, 0, 780, 781, 0, 0, 782, 0, 783, 784, 0, 785, 786, 787, 0, 788, 789, 0, 790, 0, 791, 792, 793, 794, 795, 0, 796, 0, 797, 798, 799, 800, 801, 802, 803, 804, 805], [0, 0, 0, 0, 0, 0, 0, 0, 0, 0, 0, 0, 0, 0, 0, 0, 0, 0, 0, 0, 0, 0, -774, 0, 0, 0, 0, 0, 0, 0, 0, 0, 0, 0, 0, 0, 0, 806, 0, 0, 0, 807, 808, 0, 809, 810, 811, 0, 812, 813, 814, 815, 816, 817, 818, 819, 820, 821, 822, 823, 824, 825, 826, 827, 828, 829, 830, 831, 832, 833, 0, 0, 834, 835, 836, 837, 0, 838, 839, 0], [0, 0, -80, 0, 0, 0, 0, 0, 0, 0, 0, 0, 0, 0, 0, 0, 0, 0, 0, 0, 0, 0, 0, 0, 0, 0, 0, 840, 841, 0, 0, 0, 0, 842, 0, 0, 0, 0, 0, 0, 843, 844, 845, 846, 847, 848, 849, 850, 851, 852, 0, 0, 853, 854, 855, 0, 0, 856, 857, 858, 859, 860, 861, 862, 863, 864, 865, 866, 867, 868, 869, 870, 0, 871, 872, 873, 874, 875, 876, 877], [-4, 0, 0, 0, 0, -187, 0, 0, 0, 0, 0, 0, 0, 0, 0, -534, 0, -599, 0, 0, 0, 0, 0, 0, 0, 0, 0, 0, 0, 0, 878, 0, 0, 879, 0, 880, 0, 0, 0, 0, 881, 882, 883, 884, 885, 886, 887, 0, 888, 889, 0, 890, 891, 0, 892, 0, 0, 893, 894, 895, 0, 0, 896, 897, 898, 899, 900, 901, 0, 902, 0, 903, 904, 905, 906, 907, 0, 908, 909, 910], [0, 0, 0, 0, 0, 0, 0, 0, 0, 0, 0, 0, 0, 0, 0, 0, -565, 0, 0, 0, 0, 0, 0, 0, 0, 0, 0, 0, 0, 0, 0, 0, 0, 0, 0, 0, 911, 912, 0, 0, 913, 914, 0, 915, 916, 917, 0, 918, 0, 919, 0, 920, 921, 922, 0, 923, 924, 925, 926, 0, 927, 0, 928, 929, 930, 0, 931, 932, 933, 934, 935, 0, 936, 937, 938, 939, 940, 0, 941, 942], [0, 0, 0, 0, 0, 0, 0, 0, 0, 0, 0, 0, 0, -462, 0, 0, 0, 0, 0, 0, 0, 0, 0, 0, -840, 0, 0, 0, 0, 0, 943, 0, 0, 0, 0, 0, 0, 944, 0, 0, 945, 946, 947, 948, 949, 0, 950, 951, 0, 0, 952, 953, 954, 955, 956, 957, 958, 0, 959, 0, 960, 961, 962, 963, 964, 965, 966, 967, 968, 969, 970, 971, 972, 973, 974, 975, 976, 977, 978, 979], [0, 0, 0, 0, -150, 0, 0, -258, 0, 0, 0, 0, 0, 0, 0, 0, 0, 0, 0, 0, 0, 0, 0, 0, -841, 0, 0, 0, 0, 980, 0, 0, 0, 0, 0, 0, 0, 0, 0, 0, 981, 982, 983, 0, 984, 985, 0, 0, 986, 987, 988, 989, 990, 991, 992, 993, 0, 994, 0, 995, 996, 997, 0, 998, 999, 1000, 1001, 0, 1002, 1003, 1004, 0, 0, 1005, 1006, 1007, 0, 1008, 1009, 1010], [0, 0, 0, 0, 0, 0, 0, 0, 0, 0, 0, 0, 0, 0, 0, 0, 0, 0, 0, 0, 0, 0, 0, 0, 0, 0, 0, 0, -980, 0, 0, 0, 0, 0, 1011, 0, 0, 0, 0, 0, 1012, 0, 1013, 1014, 0, 1015, 1016, 1017, 1018, 1019, 1020, 1021, 1022, 0, 1023, 1024, 0, 1025, 1026, 1027, 1028, 1029, 1030, 1031, 1032, 1033, 0, 1034, 1035, 1036, 0, 1037, 1038, 1039, 1040, 1041, 0, 1042, 1043, 0], [0, 0, 0, 0, 0, 0, 0, 0, 0, 0, 0, 0, 0, 0, 0, 0, 0, 0, 0, 0, 0, 0, 0, 0, 0, -878, 0, -943, 0, 0, 0, 0, 0, 0, 0, 0, 0, 0, 0, 0, 1044, 1045, 1046, 1047, 1048, 1049, 1050, 1051, 1052, 1053, 1054, 1055, 1056, 1057, 1058, 0, 1059, 1060, 1061, 1062, 0, 1063, 0, 0, 1064, 1065, 1066, 1067, 1068, 1069, 1070, 1071, 0, 1072, 1073, 1074, 1075, 1076, 1077, 1078], [0, 0, 0, 0, 0, 0, 0, 0, 0, 0, 0, 0, 0, 0, 0, 0, 0, 0, 0, 0, 0, 0, 0, 0, 0, 0, 0, 0, 0, 0, 0, 0, 0, 0, 0, 0, 0, 0, 0, 0, 1079, 1080, 1081, 1082, 1083, 1084, 1085, 1086, 1087, 0, 1088, 0, 1089, 0, 1090, 0, 1091, 1092, 1093, 1094, 1095, 1096, 1097, 1098, 1099, 1100, 0, 0, 1101, 1102, 1103, 0, 0, 1104, 1105, 1106, 1107, 1108, 1109, 1110], [0, 0, 0, 0, 0, 0, 0, 0, 0, 0, 0, 0, 0, 0, 0, 0, 0, 0, 0, -666, 0, 0, 0, 0, 0, 0, 0, 0, 0, 0, 0, 0, 0, 0, 0, 0, 0, 0, 0, 0, 1111, 1112, 1113, 1114, 1115, 0, 1116, 0, 1117, 0, 1118, 1119, 0, 1120, 1121, 1122, 1123, 0, 1124, 1125, 1126, 1127, 1128, 1129, 1130, 1131, 1132, 0, 1133, 1134, 1135, 1136, 1137, 1138, 1139, 1140, 1141, 1142, 1143, 1144], [-5, 0, 0, 0, 0, -188, 0, 0, 0, 0, 0, 0, 0, -463, 0, 0, 0, 0, 0, 0, 0, 0, -775, 0, -842, -879, 0, 0, 0, 0, 0, 0, 0, 0, 0, 0, 0, 0, 0, 1145, 1146, 1147, 0, 1148, 1149, 0, 1150, 1151, 1152, 0, 1153, 1154, 1155, 1156, 0, 1157, 1158, 1159, 1160, 1161, 0, 1162, 1163, 1164, 1165, 0, 1166, 1167, 0, 1168, 1169, 1170, 1171, 0, 1172, 1173, 1174, 1175, 1176, 1177], [0, 0, 0, 0, 0, 0, 0, 0, 0, 0, 0, 0, 0, 0, 0, 0, 0, 0, 0, 0, 0, 0, 0, 0, 0, 0, 0, 0, 0, -1011, 0, 0, 0, 0, 0, 0, 0, 0, 0, 0, 1178, 1179, 1180, 1181, 0, 1182, 1183, 1184, 1185, 1186, 1187, 1188, 1189, 1190, 0, 0, 1191, 1192, 1193, 1194, 1195, 1196, 1197, 0, 1198, 0, 1199, 1200, 1201, 0, 1202, 0, 1203, 1204, 1205, 1206, 1207, 1208, 1209, 1210], [0, 0, 0, 0, 0, 0, 0, 0, 0, 0, 0, -398, 0, 0, -498, 0, 0, 0, 0, 0, 0, -736, 0, 0, 0, -880, 0, 0, 0, 0, 0, 0, 0, 0, 0, 0, 0, 0, 0, 0, 1211, 1212, 1213, 1214, 1215, 1216, 1217, 1218, 0, 1219, 1220, 1221, 0, 1222, 0, 1223, 1224, 0, 1225, 0, 0, 1226, 1227, 1228, 1229, 1230, 0, 0, 1231, 1232, 1233, 0, 1234, 1235, 1236, 1237, 1238, 1239, 1240, 1241], [-6, 0, -81, 0, 0, 0, 0, -259, 0, 0, 0, 0, 0, 0, 0, -535, 0, 0, 0, 0, 0, 0, 0, 0, 0, 0, -911, 0, 0, 0, 0, 0, 0, 0, 0, 0, 0, 0, 0, 0, 1242, 1243, 1244, 0, 0, 1245, 0, 1246, 1247, 1248, 1249, 1250, 1251, 1252, 1253, 1254, 1255, 1256, 1257, 0, 1258, 1259, 1260, 1261, 0, 1262, 1263, 1264, 1265, 1266, 1267, 0, 1268, 0, 1269, 1270, 1271, 1272, 1273, 1274], [0, 0, 0, 0, 0, 0, 0, 0, 0, 0, 0, 0, 0, 0, 0, 0, 0, 0, 0, 0, 0, 0, 0, -806, 0, 0, -912, -944, 0, 0, 0, 0, 0, 0, 0, 0, 0, 0, 0, 0, 0, 1275, 1276, 1277, 1278, 1279, 1280, 0, 1281, 1282, 0, 1283, 0, 0, 1284, 0, 0, 1285, 0, 1286, 1287, 1288, 1289, 1290, 1291, 1292, 1293, 1294, 1295, 1296, 1297, 1298, 1299, 1300, 1301, 0, 1302, 0, 1303, 0], [0, 0, -82, 0, 0, 0, 0, 0, 0, 0, 0, 0, 0, 0, 0, 0, 0, 0, 0, 0, 0, -737, 0, 0, 0, 0, 0, 0, 0, 0, 0, 0, 0, 0, 0, 0, 0, 0, 0, 0, 1304, 1305, 1306, 1307, 0, 1308, 1309, 1310, 0, 1311, 1312, 0, 1313, 1314, 1315, 1316, 1317, 1318, 0, 1319, 1320, 1321, 1322, 1323, 1324, 1325, 1326, 1327, 1328, 0, 1329, 1330, 0, 1331, 1332, 0, 1333, 1334, 1335, 1336], [0, 0, 0, 0, -151, 0, 0, 0, 0, 0, 0, 0, 0, 0, 0, 0, 0, 0, 0, 0, 0, 0, 0, 0, 0, 0, 0, 0, 0, 0, 0, 0, 0, -1145, 0, 0, 0, 0, 0, 0, 1337, 0, 1338, 1339, 1340, 1341, 1342, 1343, 1344, 1345, 1346, 1347, 1348, 1349, 1350, 1351, 1352, 1353, 1354, 1355, 0, 0, 0, 0, 1356, 0, 1357, 1358, 1359, 1360, 1361, 1362, 1363, 1364, 1365, 1366, 1367, 1368, 1369, 1370], [-7, -43, -83, -118, -152, 0, -221, -260, -294, -327, -361, -399, 0, -464, -499, -536, -566, 0, -631, -667, -702, -738, -776, 0, -843, -881, -913, -945, -981, -1012, -1044, -1079, -1111, -1146, -1178, -1211, -1242, 0, -1304, -1337, 0, 0, 0, 1371, 0, 1372, 1373, 1374, 0, 1375, 1376, 0, 0, 0, 1377, 1378, 1379, 1380, 1381, 1382, 1383, 1384, 1385, 1386, 1387, 1388, 1389, 0, 1390, 1391, 1392, 0, 1393, 1394, 1395, 1396, 1397, 1398, 1399, 0], [0, -44, 0, -119, -153, -189, -222, -261, -295, -328, -362, -400, -432, -465, -500, -537, -567, -600, -632, 0, -703, -739, -777, -807, -844, -882, -914, -946, -982, 0, -1045, -1080, -1112, -1147, -1179, -1212, -1243, -1275, -1305, 0, 0, 0, 0, 0, 1400, 1401, 1402, 1403, 1404, 1405, 0, 1406, 1407, 0, 0, 1408, 1409, 1410, 1411, 1412, 1413, 1414, 1415, 1416, 1417, 1418, 0, 1419, 1420, 0, 1421, 0, 1422, 1423, 1424, 1425, 1426, 1427, 1428, 1429], [-8, -45, -84, -120, -154, -190, -223, -262, -296, -329, 0, -401, -433, 0, -501, -538, -568, -601, -633, -668, -704, -740, -778, -808, -845, -883, 0, -947, -983, -1013, -1046, -1081, -1113, 0, -1180, -1213, -1244, -1276, -1306, -1338, 0, 0, 0, 1430, 1431, 0, 0, 0, 1432, 1433, 1434, 1435, 1436, 1437, 0, 0, 0, 1438, 0, 0, 1439, 1440, 1441, 1442, 1443, 1444, 1445, 1446, 1447, 1448, 1449, 0, 1450, 1451, 1452, 1453, 1454, 0, 1455, 1456], [0, 0, 0, 0, -155, 0, -224, -263, 0, 0, -363, -402, -434, -466, -502, -539, 0, -602, -634, -669, -705, -741, -779, 0, -846, -884, -915, -948, 0, -1014, -1047, -1082, -1114, -1148, -1181, -1214, 0, -1277, -1307, -1339, -1371, 0, -1430, 0, 1457, 1458, 0, 1459, 0, 1460, 1461, 1462, 0, 1463, 1464, 1465, 1466, 1467, 1468, 1469, 1470, 1471, 1472, 0, 1473, 1474, 1475, 1476, 1477, 0, 1478, 1479, 1480, 0, 1481, 1482, 0, 0, 1483, 1484], [-9, -46, -85, -121, -156, 0, 0, -264, -297, -330, -364, -403, -435, -467, -503, -540, -569, 0, -635, -670, 0, -742, 0, -809, -847, -885, -916, -949, -984, 0, -1048, -1083, -1115, -1149, 0, -1215, 0, -1278, 0, -1340, 0, -1400, -1431, -1457, 0, 1485, 1486, 0, 0, 1487, 1488, 1489, 1490, 1491, 1492, 1493, 1494, 1495, 1496, 1497, 1498, 1499, 1500, 1501, 1502, 1503, 1504, 1505, 1506, 1507, 1508, 0, 0, 0, 1509, 1510, 1511, 1512, 1513, 1514], [-10, 0, -86, -122, -157, 0, -225, -265, -298, -331, -365, -404, 0, -468, -504, -541, -570, -603, 0, -671, -706, -743, -780, -810, -848, -886, -917, 0, -985, -1015, -1049, -1084, 0, 0, -1182, -1216, -1245, -1279, -1308, -1341, -1372, -1401, 0, -1458, -1485, 0, 1515, 1516, 1517, 1518, 1519, 1520, 1521, 1522, 1523, 1524, 0, 1525, 1526, 1527, 1528, 1529, 1530, 1531, 1532, 1533, 1534, 1535, 1536, 1537, 0, 1538, 1539, 1540, 1541, 1542, 0, 1543, 0, 1544], [-11, -47, -87, 0, -158, -191, -226, -266, 0, -332, -366, -405, -436, -469, -505, 0, -571, -604, -636, -672, -707, -744, -781, -811, -849, -887, 0, -950, 0, -1016, -1050, -1085, -1116, -1150, -1183, -1217, 0, -1280, -1309, -1342, -1373, -1402, 0, 0, -1486, -1515, 0, 1545, 0, 1546, 1547, 1548, 1549, 1550, 1551, 1552, 1553, 1554, 0, 1555, 1556, 1557, 1558, 1559, 1560, 1561, 1562, 1563, 0, 0, 1564, 1565, 0, 0, 1566, 1567, 1568, 0, 1569, 1570], [-12, -48, 0, -123, -159, -192, -227, -267, -299, -333, -367, -406, -437, -470, -506, 0, -572, -605, -637, -673, -708, -745, 0, 0, -850, 0, -918, -951, 0, -1017, -1051, -1086, 0, -1151, -1184, -1218, -1246, 0, -1310, -1343, -1374, -1403, 0, -1459, 0, -1516, -1545, 0, 1571, 1572, 1573, 1574, 1575, 1576, 1577, 1578, 1579, 1580, 0, 1581, 1582, 0, 1583, 0, 0, 1584, 1585, 0, 0, 1586, 1587, 0, 1588, 0, 1589, 1590, 1591, 1592, 1593, 1594], [-13, -49, -88, -124, 0, -193, -228, -268, -300, -334, -368, -407, 0, 0, -507, -542, -573, -606, -638, -674, -709, 0, 0, -812, -851, -888, 0, 0, -986, -1018, -1052, -1087, -1117, -1152, -1185, 0, -1247, -1281, 0, -1344, 0, -1404, -1432, 0, 0, -1517, 0, -1571, 0, 1595, 1596, 0, 1597, 1598, 1599, 0, 1600, 0, 1601, 1602, 1603, 1604, 1605, 0, 1606, 1607, 1608, 1609, 1610, 1611, 1612, 0, 1613, 1614, 1615, 1616, 1617, 1618, 0, 1619], [-14, -50, -89, -125, 0, -194, -229, -269, -301, -335, -369, -408, -438, -471, -508, -543, -574, 0, -639, 0, -710, -746, -782, -813, -852, -889, -919, 0, -987, -1019, -1053, 0, 0, 0, -1186, -1219, -1248, -1282, -1311, -1345, -1375, -1405, -1433, -1460, -1487, -1518, -1546, -1572, -1595, 0, 1620, 1621, 0, 0, 1622, 1623, 1624, 1625, 0, 1626, 1627, 1628, 0, 1629, 1630, 1631, 1632, 1633, 1634, 1635, 1636, 1637, 0, 1638, 1639, 1640, 0, 0, 0, 1641], [-15, -51, -90, -126, -160, -195, -230, -270, -302, -336, -370, -409, -439, 0, -509, 0, -575, -607, -640, -675, -711, -747, 0, -814, 0, 0, 0, -952, -988, -1020, -1054, -1088, -1118, -1153, -1187, -1220, -1249, 0, -1312, -1346, -1376, 0, -1434, -1461, -1488, -1519, -1547, -1573, -1596, -1620, 0, 1642, 1643, 0, 1644, 1645, 1646, 0, 1647, 0, 1648, 0, 1649, 1650, 1651, 1652, 0, 1653, 1654, 1655, 1656, 1657, 1658, 1659, 1660, 1661, 0, 1662, 1663, 1664], [-16, -52, -91, -127, -161, 0, -231, -271, -303, -337, -371, -410, 0, -472, -510, 0, -576, -608, 0, -676, -712, -748, -783, -815, 0, -890, -920, -953, -989, -1021, -1055, 0, -1119, -1154, -1188, -1221, -1250, -1283, 0, -1347, 0, -1406, -1435, -1462, -1489, -1520, -1548, -1574, 0, -1621, -1642, 0, 1665, 1666, 1667, 1668, 1669, 1670, 1671, 1672, 0, 1673, 1674, 1675, 0, 1676, 0, 1677, 1678, 0, 1679, 1680, 1681, 1682, 1683, 1684, 1685, 1686, 1687, 1688], [0, -53, -92, -128, -162, -196, -232, -272, -304, -338, -372, 0, -440, -473, -511, 0, 0, -609, -641, -677, -713, 0, -784, -816, -853, -891, -921, -954, -990, -1022, -1056, -1089, 0, -1155, -1189, 0, -1251, 0, -1313, -1348, 0, -1407, -1436, 0, -1490, -1521, -1549, -1575, -1597, 0, -1643, -1665, 0, 1689, 1690, 1691, 0, 1692, 1693, 0, 0, 1694, 1695, 1696, 0, 0, 1697, 1698, 1699, 1700, 1701, 1702, 1703, 1704, 0, 1705, 1706, 1707, 1708, 1709], [0, -54, -93, -129, -163, -197, -233, -273, -305, -339, 0, -411, 0, -474, -512, -544, -577, -610, -642, -678, -714, 0, 0, -817, -854, 0, -922, -955, -991, 0, -1057, 0, -1120, -1156, -1190, -1222, -1252, 0, -1314, -1349, 0, 0, -1437, -1463, -1491, -1522, -1550, -1576, -1598, 0, 0, -1666, -1689, 0, 1710, 1711, 1712, 1713, 1714, 1715, 1716, 0, 1717, 1718, 0, 1719, 1720, 0, 1721, 1722, 1723, 1724, 1725, 1726, 1727, 0, 1728, 1729, 1730, 1731], [-17, -55, -94, -130, 0, -198, -234, -274, 0, -340, -373, -412, -441, -475, -513, -545, 0, -611, -643, -679, -715, -749, -785, -818, -855, -892, 0, -956, -992, -1023, -1058, -1090, -1121, 0, 0, 0, -1253, -1284, -1315, -1350, -1377, 0, 0, -1464, -1492, -1523, -1551, -1577, -1599, -1622, -1644, -1667, -1690, -1710, 0, 1732, 1733, 1734, 1735, 1736, 0, 0, 0, 0, 0, 0, 1737, 1738, 1739, 1740, 1741, 1742, 1743, 0, 1744, 1745, 1746, 0, 1747, 1748], [0, -56, -95, -131, -164, 0, -235, -275, -306, 0, -374, -413, -442, -476, -514, -546, -578, -612, -644, -680, -716, -750, -786, -819, 0, 0, -923, -957, -993, -1024, 0, 0, -1122, -1157, 0, -1223, -1254, 0, -1316, -1351, -1378, -1408, 0, -1465, -1493, -1524, -1552, -1578, 0, -1623, -1645, -1668, -1691, -1711, -1732, 0, 1749, 1750, 1751, 0, 1752, 1753, 1754, 1755, 1756, 1757, 0, 1758, 0, 1759, 1760, 1761, 1762, 0, 1763, 0, 1764, 1765, 1766, 1767], [-18, -57, -96, 0, -165, -199, -236, -276, -307, -341, -375, -414, 0, -477, -515, 0, -579, 0, -645, -681, -717, -751, -787, -820, 0, 0, -924, -958, 0, 0, -1059, -1091, -1123, -1158, -1191, -1224, -1255, 0, -1317, -1352, -1379, -1409, 0, -1466, -1494, 0, -1553, -1579, -1600, -1624, -1646, -1669, 0, -1712, -1733, -1749, 0, 0, 1768, 1769, 1770, 1771, 1772, 0, 0, 1773, 1774, 1775, 1776, 1777, 1778, 1779, 0, 0, 1780, 0, 0, 1781, 1782, 1783], [-19, -58, -97, -132, 0, -200, 0, -277, -308, -342, -376, -415, -443, -478, -516, -547, -580, -613, -646, -682, -718, -752, 0, -821, -856, -893, -925, 0, -994, -1025, -1060, -1092, 0, -1159, -1192, 0, -1256, -1285, -1318, -1353, -1380, -1410, -1438, -1467, -1495, -1525, -1554, -1580, 0, -1625, 0, -1670, -1692, -1713, -1734, -1750, 0, 0, 1784, 1785, 1786, 1787, 1788, 1789, 1790, 1791, 1792, 1793, 1794, 1795, 1796, 1797, 1798, 1799, 1800, 1801, 1802, 1803, 1804, 1805], [-20, -59, -98, -133, -166, -201, -237, -278, -309, -343, -377, -416, -444, 0, -517, 0, -581, -614, 0, -683, -719, -753, -788, -822, -857, -894, -926, -959, 0, -1026, -1061, -1093, -1124, -1160, -1193, -1225, -1257, 0, 0, -1354, -1381, -1411, 0, -1468, -1496, -1526, 0, 0, -1601, 0, -1647, -1671, -1693, -1714, -1735, -1751, -1768, -1784, 0, 1806, 1807, 1808, 1809, 1810, 1811, 1812, 1813, 1814, 0, 1815, 1816, 1817, 1818, 1819, 1820, 1821, 0, 1822, 1823, 1824], [-21, -60, 0, -134, 0, -202, -238, -279, 0, -344, -378, 0, 0, -479, -518, -548, 0, -615, 0, -684, 0, -754, -789, -823, -858, -895, 0, 0, -995, -1027, -1062, -1094, -1125, -1161, -1194, 0, 0, -1286, -1319, -1355, -1382, -1412, 0, -1469, -1497, -1527, -1555, -1581, -1602, -1626, 0, -1672, 0, -1715, -1736, 0, -1769, -1785, -1806, 0, 0, 0, 1825, 1826, 0, 1827, 1828, 0, 1829, 1830, 1831, 1832, 1833, 1834, 1835, 0, 1836, 1837, 1838, 1839], [-22, 0, -99, -135, -167, 0, 0, 0, -310, 0, -379, -417, 0, 0, 0, -549, -582, -616, -647, -685, -720, -755, 0, -824, -859, 0, -927, -960, -996, -1028, 0, -1095, -1126, 0, -1195, 0, -1258, -1287, -1320, 0, -1383, -1413, -1439, -1470, -1498, -1528, -1556, -1582, -1603, -1627, -1648, 0, 0, -1716, 0, -1752, -1770, -1786, -1807, 0, 0, 1840, 1841, 1842, 1843, 1844, 1845, 0, 1846, 1847, 1848, 1849, 0, 1850, 1851, 0, 1852, 1853, 1854, 1855], [0, -61, -100, -136, -168, -203, -239, -280, 0, -345, -380, -418, -445, -480, -519, 0, -583, 0, -648, -686, 0, -756, -790, -825, -860, 0, 0, -961, -997, -1029, -1063, -1096, -1127, -1162, -1196, -1226, -1259, -1288, -1321, 0, -1384, -1414, -1440, -1471, -1499, -1529, -1557, 0, -1604, -1628, 0, -1673, -1694, 0, 0, -1753, -1771, -1787, -1808, 0, -1840, 0, 1856, 1857, 1858, 1859, 0, 1860, 1861, 1862, 0, 0, 0, 1863, 1864, 1865, 1866, 1867, 1868, 1869], [-23, -62, -101, -137, -169, -204, -240, -281, -311, -346, -381, -419, -446, -481, -520, -550, -584, 0, -649, -687, -721, -757, 0, -826, -861, -896, -928, -962, 0, -1030, 0, -1097, -1128, -1163, -1197, -1227, -1260, -1289, -1322, 0, -1385, -1415, -1441, -1472, -1500, -1530, -1558, -1583, -1605, 0, -1649, -1674, -1695, -1717, 0, -1754, -1772, -1788, -1809, -1825, -1841, -1856, 0, 1870, 0, 1871, 0, 1872, 1873, 1874, 1875, 1876, 0, 0, 1877, 1878, 1879, 1880, 1881, 1882], [-24, 0, 0, 0, -170, 0, -241, 0, -312, -347, 0, 0, 0, 0, -521, -551, -585, -617, 0, -688, -722, -758, -791, -827, -862, -897, -929, -963, -998, -1031, 0, -1098, -1129, -1164, 0, -1228, -1261, -1290, -1323, 0, -1386, -1416, -1442, 0, -1501, -1531, -1559, 0, 0, -1629, -1650, -1675, -1696, -1718, 0, -1755, 0, -1789, -1810, -1826, -1842, -1857, -1870, 0, 1883, 0, 0, 1884, 1885, 1886, 1887, 1888, 1889, 1890, 1891, 1892, 1893, 1894, 1895, 1896], [-25, -63, -102, 0, -171, -205, -242, -282, -313, 0, -382, -420, 0, -482, 0, -552, -586, -618, -650, -689, -723, -759, -792, -828, -863, -898, -930, -964, -999, -1032, -1064, -1099, -1130, -1165, -1198, -1229, 0, -1291, -1324, -1356, -1387, -1417, -1443, -1473, -1502, -1532, -1560, 0, -1606, -1630, -1651, 0, 0, 0, 0, -1756, 0, -1790, -1811, 0, -1843, -1858, 0, -1883, 0, 0, 1897, 1898, 1899, 1900, 0, 0, 1901, 1902, 1903, 1904, 1905, 1906, 1907, 1908], [-26, -64, -103, -138, -172, -206, 0, 0, -314, -348, -383, 0, -447, -483, -522, -553, 0, -619, -651, -690, 0, -760, -793, -829, -864, -899, 0, -965, -1000, -1033, -1065, -1100, -1131, 0, 0, -1230, -1262, -1292, -1325, 0, -1388, -1418, -1444, -1474, -1503, -1533, -1561, -1584, -1607, -1631, -1652, -1676, 0, -1719, 0, -1757, -1773, -1791, -1812, -1827, -1844, -1859, -1871, 0, 0, 0, 1909, 1910, 1911, 0, 1912, 1913, 1914, 1915, 1916, 1917, 1918, 1919, 1920, 1921], [-27, -65, -104, 0, -173, -207, -243, -283, -315, 0, -384, 0, -448, -484, -523, -554, -587, 0, -652, -691, -724, -761, -794, -830, -865, -900, -931, -966, -1001, 0, -1066, 0, -1132, -1166, -1199, 0, -1263, -1293, -1326, -1357, -1389, 0, -1445, -1475, -1504, -1534, -1562, -1585, -1608, -1632, 0, 0, -1697, -1720, -1737, 0, -1774, -1792, -1813, -1828, -1845, 0, 0, 0, -1897, -1909, 0, 1922, 1923, 1924, 1925, 1926, 1927, 1928, 1929, 1930, 1931, 1932, 0, 1933], [-28, -66, -105, -139, -174, -208, 0, -284, -316, 0, -385, -421, -449, -485, 0, 0, -588, -620, -653, -692, -725, -762, -795, -831, -866, -901, -932, -967, 0, -1034, -1067, 0, 0, -1167, -1200, 0, -1264, -1294, -1327, -1358, 0, -1419, -1446, -1476, -1505, -1535, -1563, 0, -1609, -1633, -1653, -1677, -1698, 0, -1738, -1758, -1775, -1793, -1814, 0, 0, -1860, -1872, -1884, -1898, -1910, -1922, 0, 1934, 1935, 1936, 1937, 1938, 1939, 1940, 1941, 1942, 1943, 1944, 0], [-29, -67, -106, -140, -175, -209, -244, -285, -317, -349, -386, -422, -450, -486, -524, -555, -589, -621, -654, -693, -726, -763, 0, -832, -867, 0, -933, -968, -1002, -1035, -1068, -1101, -1133, 0, -1201, -1231, -1265, -1295, -1328, -1359, -1390, -1420, -1447, -1477, -1506, -1536, 0, 0, -1610, -1634, -1654, -1678, -1699, -1721, -1739, 0, -1776, -1794, 0, -1829, -1846, -1861, -1873, -1885, -1899, -1911, -1923, -1934, 0, 1945, 0, 1946, 1947, 1948, 1949, 1950, 1951, 1952, 1953, 0], [-30, -68, -107, -141, -176, 0, -245, 0, 0, -350, -387, 0, -451, -487, -525, 0, 0, 0, -655, -694, -727, -764, -796, -833, -868, -902, -934, -969, -1003, -1036, -1069, -1102, -1134, -1168, 0, -1232, -1266, -1296, 0, -1360, -1391, 0, -1448, 0, -1507, -1537, 0, -1586, -1611, -1635, -1655, 0, -1700, -1722, -1740, -1759, -1777, -1795, -1815, -1830, -1847, -1862, -1874, -1886, -1900, 0, -1924, -1935, -1945, 0, 0, 1954, 1955, 0, 1956, 1957, 1958, 1959, 1960, 1961], [-31, -69, -108, -142, -177, -210, -246, 0, -318, -351, 0, -423, -452, -488, -526, -556, -590, -622, -656, -695, -728, -765, 0, 0, -869, 0, -935, -970, -1004, 0, -1070, -1103, -1135, -1169, -1202, -1233, -1267, -1297, -1329, -1361, -1392, -1421, -1449, -1478, -1508, 0, -1564, -1587, -1612, -1636, -1656, -1679, -1701, -1723, -1741, -1760, -1778, -1796, -1816, -1831, -1848, 0, -1875, -1887, 0, -1912, -1925, -1936, 0, 0, 0, 1962, 1963, 1964, 1965, 0, 1966, 1967, 0, 1968], [-32, -70, -109, -143, -178, 0, -247, -286, -319, -352, -388, 0, -453, -489, -527, -557, -591, -623, -657, -696, -729, -766, -797, 0, -870, -903, 0, -971, 0, -1037, -1071, 0, -1136, -1170, 0, 0, 0, -1298, -1330, -1362, 0, 0, 0, -1479, 0, -1538, -1565, 0, 0, -1637, -1657, -1680, -1702, -1724, -1742, -1761, -1779, -1797, -1817, -1832, -1849, 0, -1876, -1888, 0, -1913, -1926, -1937, -1946, -1954, -1962, 0, 1969, 1970, 1971, 1972, 0, 1973, 0, 1974], [-33, -71, -110, -144, 0, 0, -248, -287, -320, -353, -389, -424, -454, -490, -528, 0, -592, -624, -658, -697, 0, 0, -798, -834, 0, -904, -936, -972, 0, -1038, 0, 0, -1137, -1171, -1203, -1234, -1268, -1299, 0, -1363, -1393, -1422, -1450, -1480, 0, -1539, 0, -1588, -1613, 0, -1658, -1681, -1703, -1725, -1743, -1762, 0, -1798, -1818, -1833, 0, 0, 0, -1889, -1901, -1914, -1927, -1938, -1947, -1955, -1963, -1969, 0, 1975, 1976, 1977, 0, 1978, 0, 1979], [-34, -72, -111, 0, -179, -211, -249, -288, 0, 0, -390, -425, -455, -491, -529, -558, -593, -625, -659, -698, 0, -767, -799, -835, -871, -905, -937, -973, -1005, -1039, -1072, -1104, -1138, 0, -1204, -1235, 0, -1300, -1331, -1364, -1394, -1423, -1451, 0, 0, -1540, 0, 0, -1614, -1638, -1659, -1682, -1704, -1726, 0, 0, 0, -1799, -1819, -1834, -1850, -1863, 0, -1890, -1902, -1915, -1928, -1939, -1948, 0, -1964, -1970, -1975, 0, 1980, 1981, 1982, 1983, 1984, 1985], [-35, -73, -112, -145, -180, -212, -250, 0, -321, -354, -391, -426, -456, -492, -530, -559, -594, -626, -660, 0, -730, -768, -800, -836, -872, -906, -938, -974, -1006, -1040, -1073, -1105, -1139, -1172, -1205, -1236, -1269, -1301, -1332, -1365, -1395, -1424, -1452, -1481, -1509, -1541, -1566, -1589, -1615, -1639, -1660, -1683, 0, -1727, -1744, -1763, -1780, -1800, -1820, -1835, -1851, -1864, -1877, -1891, -1903, -1916, -1929, -1940, -1949, -1956, -1965, -1971, -1976, -1980, 0, 1986, 1987, 0, 1988, 1989], [-36, -74, -113, -146, -181, -213, -251, -289, -322, -355, -392, -427, -457, -493, 0, -560, -595, -627, -661, 0, -731, -769, -801, -837, -873, -907, -939, -975, -1007, -1041, -1074, -1106, -1140, -1173, -1206, -1237, -1270, 0, 0, -1366, -1396, -1425, -1453, -1482, -1510, -1542, -1567, -1590, -1616, -1640, -1661, -1684, -1705, 0, -1745, 0, 0, -1801, -1821, 0, 0, -1865, -1878, -1892, -1904, -1917, -1930, -1941, -1950, -1957, 0, -1972, -1977, -1981, -1986, 0, 0, 1990, 1991, 1992], [-37, -75, -114, -147, -182, 0, -252, -290, 0, -356, 0, 0, -458, -494, -531, -561, -596, -628, -662, -699, -732, -770, -802, 0, -874, 0, -940, -976, 0, 0, -1075, -1107, -1141, -1174, -1207, -1238, -1271, -1302, -1333, -1367, -1397, -1426, -1454, 0, -1511, 0, -1568, -1591, -1617, 0, 0, -1685, -1706, -1728, -1746, -1764, 0, -1802, 0, -1836, -1852, -1866, -1879, -1893, -1905, -1918, -1931, -1942, -1951, -1958, -1966, 0, 0, -1982, -1987, 0, 0, 1993, 1994, 1995], [-38, -76, -115, -148, 0, 0, -253, -291, -323, -357, -393, -428, -459, -495, -532, -562, 0, -629, -663, -700, -733, -771, -803, -838, -875, -908, 0, -977, -1008, -1042, -1076, -1108, -1142, -1175, -1208, -1239, -1272, 0, -1334, -1368, -1398, -1427, 0, 0, -1512, -1543, 0, -1592, -1618, 0, -1662, -1686, -1707, -1729, 0, -1765, -1781, -1803, -1822, -1837, -1853, -1867, -1880, -1894, -1906, -1919, -1932, -1943, -1952, -1959, -1967, -1973, -1978, -1983, 0, -1990, -1993, 0, 1996, 1997], [-39, -77, -116, 0, -183, -214, -254, -292, -324, -358, -394, 0, -460, 0, -533, -563, 0, -630, -664, 0, -734, -772, -804, -839, -876, -909, -941, -978, -1009, -1043, -1077, -1109, -1143, -1176, -1209, -1240, -1273, -1303, -1335, -1369, -1399, -1428, -1455, -1483, -1513, 0, -1569, -1593, 0, 0, -1663, -1687, -1708, -1730, -1747, -1766, -1782, -1804, -1823, -1838, -1854, -1868, -1881, -1895, -1907, -1920, 0, -1944, -1953, -1960, 0, 0, 0, -1984, -1988, -1991, -1994, -1996, 0, 1998], [0, -78, -117, -149, -184, -215, -255, -293, 0, -359, -395, -429, -461, -496, 0, -564, -597, 0, -665, -701, -735, -773, -805, 0, -877, -910, -942, -979, -1010, 0, -1078, -1110, -1144, -1177, -1210, -1241, -1274, 0, -1336, -1370, 0, -1429, -1456, -1484, -1514, -1544, -1570, -1594, -1619, -1641, -1664, -1688, -1709, -1731, -1748, -1767, -1783, -1805, -1824, -1839, -1855, -1869, -1882, -1896, -1908, -1921, -1933, 0, 0, -1961, -1968, -1974, -1979, -1985, -1989, -1992, -1995, -1997, -1998, 0]], [[0, 1, 0, 0, 0, 0, 0, 0, 2, 3, 0, 0, 0, 4, 0, 0, 0, 0, 0, 0, 5, 0, 6, 7, 0, 0, 0, 0, 0, 0, 0, 0, 0, 0, 0, 0, 0, 0, 0, 0, 8, 9, 10, 11, 12, 13, 14, 0, 15, 16, 17, 18, 19, 20, 21, 0, 22, 23, 0, 24, 25, 0, 26, 0, 27, 0, 28, 29, 30, 0, 31, 32, 33, 0, 0, 34, 35, 36, 37, 38], [-1, 0, 0, 0, 0, 0, 0, 0, 0, 0, 0, 0, 0, 0, 0, 0, 0, 0, 0, 0, 0, 0, 0, 0, 0, 0, 0, 0, 39, 0, 0, 0, 0, 0, 0, 0, 0, 0, 0, 0, 40, 41, 42, 43, 44, 45, 46, 47, 48, 49, 50, 51, 52, 53, 0, 54, 55, 56, 57, 58, 59, 60, 61, 0, 62, 63, 0, 64, 65, 66, 67, 68, 69, 0, 0, 0, 70, 0, 71, 0], [0, 0, 0, 0, 0, 0, 72, 73, 0, 0, 0, 0, 0, 0, 0, 0, 0, 0, 0, 0, 0, 0, 0, 0, 0, 0, 0, 0, 0, 0, 0, 0, 0, 0, 0, 0, 0, 0, 0, 0, 74, 75, 76, 77, 78, 0, 79, 80, 81, 82, 83, 84, 0, 85, 86, 87, 88, 89, 90, 91, 0, 0, 92, 0, 93, 94, 0, 95, 96, 97, 98, 99, 100, 0, 0, 101, 102, 103, 104, 0], [0, 0, 0, 0, 105, 0, 0, 0, 0, 0, 0, 0, 0, 0, 0, 106, 0, 0, 0, 0, 0, 0, 0, 0, 0, 0, 0, 0, 0, 0, 107, 0, 0, 0, 0, 0, 0, 0, 0, 0, 108, 109, 0, 110, 111, 112, 0, 113, 114, 115, 116, 117, 118, 119, 120, 121, 122, 0, 123, 124, 125, 0, 126, 127, 128, 0, 129, 130, 131, 132, 133, 134, 135, 136, 137, 138, 139, 140, 141, 142], [0, 0, 0, -105, 0, 0, 0, 0, 143, 0, 0, 0, 0, 0, 0, 144, 0, 0, 0, 0, 0, 0, 0, 0, 0, 0, 0, 0, 0, 0, 0, 0, 0, 0, 0, 145, 0, 0, 0, 146, 147, 148, 0, 149, 0, 150, 0, 0, 151, 152, 153, 154, 155, 156, 157, 158, 0, 159, 160, 161, 162, 0, 163, 0, 164, 165, 166, 167, 0, 168, 0, 169, 170, 171, 172, 0, 173, 174, 175, 0], [0, 0, 0, 0, 0, 0, 0, 0, 0, 0, 0, 0, 0, 0, 176, 0, 0, 0, 0, 0, 0, 0, 0, 0, 0, 0, 0, 0, 177, 0, 0, 0, 0, 0, 178, 0, 0, 0, 0, 0, 179, 180, 0, 181, 182, 183, 184, 185, 186, 187, 188, 0, 189, 190, 191, 192, 193, 194, 195, 0, 196, 197, 198, 199, 200, 201, 0, 202, 203, 204, 205, 206, 207, 208, 0, 209, 210, 211, 212, 213], [0, 0, -72, 0, 0, 0, 0, 0, 0, 0, 0, 0, 0, 214, 0, 215, 216, 0, 0, 0, 0, 0, 0, 0, 0, 0, 0, 0, 0, 0, 0, 0, 217, 0, 0, 0, 218, 0, 0, 0, 219, 220, 221, 222, 223, 224, 0, 0, 0, 225, 226, 227, 228, 229, 230, 231, 0, 232, 233, 0, 0, 234, 235, 236, 0, 237, 238, 0, 239, 240, 241, 242, 243, 244, 245, 0, 246, 247, 0, 248], [0, 0, -73, 0, 0, 0, 0, 0, 0, 0, 0, 0, 0, 0, 0, 0, 0, 0, 0, 0, 249, 0, 0, 0, 0, 0, 0, 0, 0, 0, 0, 0, 0, 0, 0, 0, 250, 0, 0, 0, 251, 252, 253, 254, 255, 256, 257, 258, 259, 260, 0, 261, 0, 262, 263, 264, 0, 265, 266, 0, 267, 268, 269, 270, 271, 272, 273, 274, 0, 0, 0, 275, 0, 0, 276, 0, 277, 278, 279, 280], [-2, 0, 0, 0, -143, 0, 0, 0, 0, 0, 0, 0, 0, 0, 0, 0, 0, 0, 281, 0, 0, 0, 0, 0, 0, 0, 0, 0, 0, 0, 0, 0, 0, 0, 0, 282, 0, 0, 0, 0, 283, 0, 284, 285, 0, 286, 287, 288, 289, 290, 291, 0, 292, 293, 294, 0, 0, 295, 296, 297, 298, 299, 0, 300, 301, 302, 303, 304, 305, 306, 307, 308, 309, 310, 311, 312, 313, 314, 315, 0], [-3, 0, 0, 0, 0, 0, 0, 0, 0, 0, 0, 0, 0, 0, 0, 0, 0, 0, 0, 0, 0, 316, 0, 0, 0, 317, 318, 0, 0, 0, 0, 0, 0, 0, 0, 0, 0, 0, 0, 0, 319, 320, 321, 0, 322, 323, 324, 325, 326, 327, 328, 329, 330, 0, 331, 0, 332, 333, 334, 335, 0, 336, 337, 338, 339, 340, 341, 0, 342, 343, 0, 344, 345, 346, 347, 348, 0, 349, 350, 351], [0, 0, 0, 0, 0, 0, 0, 0, 0, 0, 0, 0, 0, 0, 0, 0, 0, 0, 0, 0, 0, 0, 0, 0, 0, 0, 0, 0, 0, 0, 352, 0, 0, 0, 0, 0, 353, 0, 0, 0, 354, 0, 0, 0, 355, 356, 357, 358, 359, 0, 360, 361, 362, 363, 0, 364, 365, 366, 0, 367, 368, 369, 370, 371, 372, 373, 374, 375, 376, 377, 378, 379, 380, 381, 382, 383, 384, 385, 0, 386], [0, 0, 0, 0, 0, 0, 0, 0, 0, 0, 0, 0, 0, 0, 0, 0, 0, 0, 0, 387, 0, 0, 0, 0, 0, 0, 0, 0, 0, 0, 0, 0, 0, 0, 0, 0, 0, 0, 388, 0, 389, 390, 391, 0, 392, 393, 0, 0, 394, 395, 0, 396, 397, 0, 398, 399, 400, 0, 401, 402, 403, 404, 405, 406, 407, 408, 0, 409, 0, 410, 411, 412, 413, 414, 415, 416, 417, 418, 419, 0], [0, 0, 0, 0, 0, 0, 0, 0, 0, 0, 0, 0, 0, 0, 0, 0, 0, 0, 0, 0, 0, 0, 0, 0, 0, 0, 0, 0, 0, 0, 0, 420, 0, 0, 0, 0, 421, 0, 0, 0, 0, 422, 0, 423, 424, 425, 426, 427, 428, 429, 430, 431, 432, 0, 433, 0, 434, 435, 436, 437, 438, 439, 440, 441, 442, 443, 444, 445, 446, 447, 448, 449, 450, 451, 452, 453, 454, 455, 456, 457], [-4, 0, 0, 0, 0, 0, -214, 0, 0, 0, 0, 0, 0, 0, 0, 0, 0, 0, 0, 0, 0, 0, 0, 458, 0, 0, 0, 0, 0, 0, 0, 0, 0, 0, 0, 0, 0, 0, 0, 0, 459, 0, 460, 461, 462, 463, 464, 465, 466, 467, 468, 469, 470, 471, 472, 473, 474, 475, 476, 477, 478, 0, 479, 480, 481, 0, 482, 0, 483, 484, 485, 486, 487, 488, 489, 490, 491, 0, 492, 493], [0, 0, 0, 0, 0, -176, 0, 0, 0, 0, 0, 0, 0, 0, 0, 0, 0, 0, 494, 495, 0, 0, 0, 0, 0, 0, 0, 0, 496, 0, 0, 497, 0, 0, 0, 0, 0, 0, 0, 0, 498, 0, 499, 500, 501, 502, 503, 504, 505, 506, 507, 508, 509, 0, 510, 511, 0, 512, 513, 514, 515, 0, 516, 517, 518, 519, 520, 521, 0, 522, 523, 524, 525, 526, 527, 0, 528, 529, 530, 531], [0, 0, 0, -106, -144, 0, -215, 0, 0, 0, 0, 0, 0, 0, 0, 0, 532, 0, 0, 0, 0, 0, 0, 0, 0, 0, 0, 0, 0, 0, 0, 0, 0, 0, 0, 0, 0, 0, 0, 0, 533, 534, 0, 535, 0, 536, 537, 538, 539, 540, 0, 0, 541, 542, 543, 0, 544, 545, 546, 547, 0, 548, 549, 0, 550, 551, 0, 552, 553, 554, 555, 556, 557, 558, 559, 0, 560, 561, 562, 563], [0, 0, 0, 0, 0, 0, -216, 0, 0, 0, 0, 0, 0, 0, 0, -532, 0, 564, 0, 0, 0, 0, 0, 0, 0, 0, 0, 0, 565, 0, 0, 0, 566, 0, 0, 0, 0, 0, 0, 0, 567, 568, 569, 570, 571, 0, 572, 573, 0, 0, 0, 574, 575, 0, 576, 0, 0, 577, 578, 579, 580, 0, 0, 581, 582, 0, 583, 584, 585, 0, 0, 586, 587, 588, 0, 0, 0, 589, 590, 591], [0, 0, 0, 0, 0, 0, 0, 0, 0, 0, 0, 0, 0, 0, 0, 0, -564, 0, 0, 0, 592, 0, 593, 0, 0, 0, 0, 0, 0, 0, 0, 0, 0, 0, 0, 0, 0, 0, 0, 594, 595, 0, 0, 596, 597, 598, 599, 600, 601, 602, 603, 604, 605, 0, 606, 607, 608, 609, 610, 611, 612, 613, 614, 615, 616, 617, 618, 619, 620, 621, 0, 622, 0, 0, 0, 623, 624, 625, 626, 627], [0, 0, 0, 0, 0, 0, 0, 0, -281, 0, 0, 0, 0, 0, -494, 0, 0, 0, 0, 0, 0, 0, 0, 0, 0, 0, 0, 628, 0, 0, 0, 0, 0, 0, 0, 629, 630, 631, 0, 0, 0, 0, 632, 0, 0, 633, 634, 635, 0, 636, 0, 0, 637, 638, 639, 640, 641, 0, 642, 643, 644, 645, 646, 647, 648, 0, 0, 649, 650, 0, 0, 651, 652, 653, 0, 0, 654, 655, 656, 657], [0, 0, 0, 0, 0, 0, 0, 0, 0, 0, 0, -387, 0, 0, -495, 0, 0, 0, 0, 0, 0, 0, 658, 0, 0, 0, 0, 0, 0, 0, 0, 0, 0, 0, 659, 660, 0, 0, 0, 0, 661, 662, 663, 664, 665, 666, 0, 667, 668, 669, 670, 671, 672, 0, 0, 673, 0, 674, 675, 676, 0, 0, 677, 678, 679, 0, 0, 680, 681, 682, 683, 684, 0, 685, 686, 0, 687, 688, 689, 690], [-5, 0, 0, 0, 0, 0, 0, -249, 0, 0, 0, 0, 0, 0, 0, 0, 0, -592, 0, 0, 0, 0, 0, 0, 691, 0, 0, 0, 0, 0, 0, 0, 0, 692, 0, 0, 0, 693, 694, 695, 696, 697, 698, 699, 700, 701, 0, 0, 702, 703, 0, 704, 705, 706, 707, 708, 0, 709, 710, 711, 712, 713, 714, 0, 715, 716, 717, 718, 719, 0, 720, 721, 0, 722, 723, 724, 725, 726, 727, 728], [0, 0, 0, 0, 0, 0, 0, 0, 0, -316, 0, 0, 0, 0, 0, 0, 0, 0, 0, 0, 0, 0, 0, 0, 0, 0, 0, 0, 0, 0, 0, 729, 0, 0, 0, 0, 0, 0, 0, 0, 730, 731, 732, 0, 733, 734, 735, 736, 737, 738, 739, 740, 741, 0, 0, 742, 743, 744, 745, 746, 0, 747, 748, 749, 750, 751, 752, 753, 0, 754, 0, 755, 756, 757, 0, 0, 758, 0, 759, 760], [-6, 0, 0, 0, 0, 0, 0, 0, 0, 0, 0, 0, 0, 0, 0, 0, 0, -593, 0, -658, 0, 0, 0, 761, 0, 0, 0, 0, 0, 0, 0, 0, 0, 0, 762, 0, 0, 0, 0, 0, 0, 763, 764, 765, 766, 767, 768, 769, 770, 771, 772, 0, 773, 774, 775, 776, 777, 778, 0, 0, 779, 780, 781, 782, 783, 784, 0, 785, 786, 787, 788, 789, 790, 791, 792, 793, 0, 794, 795, 796], [-7, 0, 0, 0, 0, 0, 0, 0, 0, 0, 0, 0, 0, -458, 0, 0, 0, 0, 0, 0, 0, 0, -761, 0, 0, 0, 0, 0, 797, 0, 0, 0, 0, 0, 0, 0, 798, 0, 0, 0, 799, 800, 801, 802, 803, 804, 805, 0, 806, 0, 807, 808, 809, 0, 810, 811, 812, 813, 0, 814, 815, 0, 816, 817, 818, 0, 819, 820, 821, 0, 822, 823, 824, 825, 826, 827, 828, 829, 830, 831], [0, 0, 0, 0, 0, 0, 0, 0, 0, 0, 0, 0, 0, 0, 0, 0, 0, 0, 0, 0, -691, 0, 0, 0, 0, 0, 0, 832, 0, 0, 0, 0, 833, 0, 0, 0, 0, 834, 0, 0, 0, 835, 836, 837, 838, 839, 840, 841, 0, 842, 843, 844, 845, 846, 0, 847, 848, 849, 850, 851, 852, 853, 854, 0, 855, 856, 857, 858, 859, 860, 0, 0, 861, 862, 863, 864, 0, 865, 0, 866], [0, 0, 0, 0, 0, 0, 0, 0, 0, -317, 0, 0, 0, 0, 0, 0, 0, 0, 0, 0, 0, 0, 0, 0, 0, 0, 0, 0, 0, 0, 0, 0, 0, 0, 0, 0, 867, 0, 0, 0, 868, 869, 870, 871, 0, 872, 873, 874, 875, 876, 877, 878, 0, 879, 880, 0, 881, 882, 883, 0, 884, 885, 886, 887, 0, 0, 0, 888, 889, 890, 891, 892, 893, 894, 895, 896, 897, 898, 899, 900], [0, 0, 0, 0, 0, 0, 0, 0, 0, -318, 0, 0, 0, 0, 0, 0, 0, 0, 0, 0, 0, 0, 0, 0, 0, 0, 0, 0, 0, 0, 0, 0, 901, 0, 0, 0, 0, 902, 0, 0, 903, 904, 0, 905, 906, 907, 908, 909, 910, 0, 911, 912, 913, 0, 914, 915, 916, 917, 918, 919, 920, 921, 922, 923, 924, 0, 925, 926, 0, 0, 927, 928, 929, 930, 931, 932, 933, 934, 0, 935], [0, 0, 0, 0, 0, 0, 0, 0, 0, 0, 0, 0, 0, 0, 0, 0, 0, 0, -628, 0, 0, 0, 0, 0, -832, 0, 0, 0, 936, 0, 937, 0, 0, 0, 938, 0, 939, 0, 0, 0, 940, 941, 0, 942, 943, 944, 945, 946, 947, 948, 0, 949, 0, 950, 0, 951, 952, 953, 954, 955, 0, 956, 957, 958, 0, 959, 960, 961, 962, 963, 964, 965, 966, 967, 968, 969, 970, 971, 0, 972], [0, -39, 0, 0, 0, -177, 0, 0, 0, 0, 0, 0, 0, 0, -496, 0, -565, 0, 0, 0, 0, 0, 0, -797, 0, 0, 0, -936, 0, 0, 0, 973, 0, 0, 974, 0, 0, 0, 0, 975, 976, 977, 978, 979,