[[[0, 0, 0, 0, 1, 0, 0, 0, 0, 0, 0, 0, 0, 0, 0, 0, 0, 0, 0, 0, 2, 3, 4, 5, 6, 7, 8, 9, 10, 0, 11, 12, 13, 14, 15, 0, 16, 0, 17, 0], [0, 0, 0, 0, 0, 0, 0, 0, 0, 0, 0, 0, 0, 0, 18, 0, 0, 0, 0, 0, 19, 20, 21, 22, 23, 24, 25, 26, 27, 28, 29, 30, 31, 32, 0, 33, 0, 34, 35, 0], [0, 0, 0, 0, 0, 0, 0, 0, 0, 0, 0, 0, 0, 0, 0, 0, 0, 0, 0, 0, 36, 37, 0, 38, 39, 40, 0, 41, 42, 43, 44, 45, 46, 47, 0, 48, 0, 49, 50, 51], [0, 0, 0, 0, 0, 0, 0, 0, 0, 52, 0, 0, 0, 0, 0, 0, 0, 0, 0, 0, 53, 54, 55, 56, 57, 58, 0, 59, 60, 61, 62, 63, 64, 0, 65, 66, 67, 68, 69, 70], [-1, 0, 0, 0, 0, 0, 0, 0, 0, 0, 0, 0, 71, 0, 0, 0, 0, 72, 0, 0, 0, 73, 74, 75, 0, 76, 0, 77, 78, 0, 79, 0, 80, 0, 0, 81, 0, 0, 0, 82], [0, 0, 0, 0, 0, 0, 0, 0, 0, 83, 0, 0, 0, 0, 84, 0, 0, 0, 0, 85, 86, 87, 88, 89, 0, 90, 91, 0, 92, 0, 93, 94, 95, 96, 0, 97, 98, 99, 100, 101], [0, 0, 0, 0, 0, 0, 0, 0, 0, 0, 0, 0, 0, 0, 0, 0, 0, 0, 0, 0, 102, 103, 0, 104, 105, 106, 0, 107, 108, 109, 110, 111, 112, 113, 114, 115, 116, 117, 118, 119], [0, 0, 0, 0, 0, 0, 0, 0, 0, 0, 120, 0, 0, 0, 0, 0, 0, 0, 0, 0, 121, 122, 0, 123, 124, 125, 126, 127, 128, 129, 130, 131, 132, 0, 133, 134, 0, 0, 135, 136], [0, 0, 0, 0, 0, 0, 0, 0, 0, 0, 137, 0, 0, 0, 0, 0, 0, 0, 0, 0, 0, 138, 139, 140, 141, 142, 143, 144, 145, 0, 146, 147, 148, 0, 149, 150, 151, 152, 153, 154], [0, 0, 0, -52, 0, -83, 0, 0, 0, 0, 0, 0, 0, 0, 0, 0, 155, 0, 0, 0, 0, 156, 157, 158, 159, 0, 160, 161, 0, 162, 163, 164, 165, 166, 167, 168, 0, 169, 170, 171], [0, 0, 0, 0, 0, 0, 0, -120, -137, 0, 0, 0, 0, 172, 0, 0, 0, 0, 0, 0, 173, 174, 175, 176, 177, 178, 0, 179, 180, 181, 182, 183, 184, 185, 186, 187, 0, 188, 189, 190], [0, 0, 0, 0, 0, 0, 0, 0, 0, 0, 0, 0, 0, 0, 0, 191, 0, 0, 0, 0, 192, 193, 0, 194, 195, 196, 197, 198, 199, 200, 201, 202, 0, 203, 204, 205, 0, 206, 0, 207], [0, 0, 0, 0, -71, 0, 0, 0, 0, 0, 0, 0, 0, 0, 0, 0, 0, 0, 0, 0, 0, 208, 0, 0, 0, 209, 210, 211, 212, 0, 0, 213, 214, 215, 216, 217, 0, 218, 219, 220], [0, 0, 0, 0, 0, 0, 0, 0, 0, 0, -172, 0, 0, 0, 0, 221, 0, 222, 0, 0, 0, 0, 223, 224, 225, 226, 227, 0, 0, 228, 229, 230, 231, 0, 0, 232, 233, 234, 235, 0], [0, -18, 0, 0, 0, -84, 0, 0, 0, 0, 0, 0, 0, 0, 0, 0, 0, 0, 0, 0, 236, 0, 237, 238, 239, 0, 0, 240, 0, 241, 242, 243, 0, 244, 0, 245, 246, 0, 247, 248], [0, 0, 0, 0, 0, 0, 0, 0, 0, 0, 0, -191, 0, -221, 0, 0, 249, 250, 0, 0, 251, 252, 253, 254, 0, 0, 0, 255, 256, 257, 258, 259, 260, 261, 262, 0, 263, 0, 264, 0], [0, 0, 0, 0, 0, 0, 0, 0, 0, -155, 0, 0, 0, 0, 0, -249, 0, 0, 0, 0, 265, 266, 267, 0, 268, 269, 270, 271, 272, 0, 273, 274, 0, 275, 276, 277, 278, 279, 280, 0], [0, 0, 0, 0, -72, 0, 0, 0, 0, 0, 0, 0, 0, -222, 0, -250, 0, 0, 0, 0, 281, 282, 0, 0, 0, 0, 0, 283, 284, 285, 0, 0, 286, 287, 288, 289, 290, 0, 0, 291], [0, 0, 0, 0, 0, 0, 0, 0, 0, 0, 0, 0, 0, 0, 0, 0, 0, 0, 0, 292, 293, 0, 294, 0, 295, 296, 297, 0, 298, 299, 300, 301, 302, 303, 304, 305, 0, 306, 307, 0], [0, 0, 0, 0, 0, -85, 0, 0, 0, 0, 0, 0, 0, 0, 0, 0, 0, 0, -292, 0, 308, 309, 0, 310, 311, 312, 313, 314, 315, 316, 317, 318, 319, 0, 320, 321, 0, 322, 323, 324], [-2, -19, -36, -53, 0, -86, -102, -121, 0, 0, -173, -192, 0, 0, -236, -251, -265, -281, -293, -308, 0, 325, 326, 327, 328, 329, 330, 331, 0, 332, 0, 333, 334, 335, 336, 337, 338, 0, 339, 340], [-3, -20, -37, -54, -73, -87, -103, -122, -138, -156, -174, -193, -208, 0, 0, -252, -266, -282, 0, -309, -325, 0, 341, 0, 342, 0, 0, 343, 0, 0, 344, 345, 346, 347, 348, 0, 349, 350, 351, 352], [-4, -21, 0, -55, -74, -88, 0, 0, -139, -157, -175, 0, 0, -223, -237, -253, -267, 0, -294, 0, -326, -341, 0, 353, 354, 355, 0, 356, 357, 358, 359, 0, 360, 361, 362, 363, 364, 365, 366, 367], [-5, -22, -38, -56, -75, -89, -104, -123, -140, -158, -176, -194, 0, -224, -238, -254, 0, 0, 0, -310, -327, 0, -353, 0, 0, 368, 0, 369, 370, 371, 372, 373, 374, 0, 375, 376, 377, 378, 379, 380], [-6, -23, -39, -57, 0, 0, -105, -124, -141, -159, -177, -195, 0, -225, -239, 0, -268, 0, -295, -311, -328, -342, -354, 0, 0, 381, 382, 383, 384, 385, 386, 387, 388, 389, 0, 390, 391, 392, 0, 393], [-7, -24, -40, -58, -76, -90, -106, -125, -142, 0, -178, -196, -209, -226, 0, 0, -269, 0, -296, -312, -329, 0, -355, -368, -381, 0, 394, 0, 395, 396, 397, 398, 399, 0, 0, 400, 401, 402, 403, 404], [-8, -25, 0, 0, 0, -91, 0, -126, -143, -160, 0, -197, -210, -227, 0, 0, -270, 0, -297, -313, -330, 0, 0, 0, -382, -394, 0, 405, 406, 407, 0, 408, 0, 409, 410, 411, 412, 413, 414, 0], [-9, -26, -41, -59, -77, 0, -107, -127, -144, -161, -179, -198, -211, 0, -240, -255, -271, -283, 0, -314, -331, -343, -356, -369, -383, 0, -405, 0, 415, 0, 416, 417, 418, 419, 420, 0, 0, 421, 0, 422], [-10, -27, -42, -60, -78, -92, -108, -128, -145, 0, -180, -199, -212, 0, 0, -256, -272, -284, -298, -315, 0, 0, -357, -370, -384, -395, -406, -415, 0, 423, 424, 425, 426, 427, 0, 428, 0, 0, 0, 429], [0, -28, -43, -61, 0, 0, -109, -129, 0, -162, -181, -200, 0, -228, -241, -257, 0, -285, -299, -316, -332, 0, -358, -371, -385, -396, -407, 0, -423, 0, 0, 430, 431, 0, 432, 433, 434, 435, 436, 0], [-11, -29, -44, -62, -79, -93, -110, -130, -146, -163, -182, -201, 0, -229, -242, -258, -273, 0, -300, -317, 0, -344, -359, -372, -386, -397, 0, -416, -424, 0, 0, 437, 438, 439, 440, 441, 442, 443, 0, 0], [-12, -30, -45, -63, 0, -94, -111, -131, -147, -164, -183, -202, -213, -230, -243, -259, -274, 0, -301, -318, -333, -345, 0, -373, -387, -398, -408, -417, -425, -430, -437, 0, 444, 445, 446, 0, 447, 0, 448, 0], [-13, -31, -46, -64, -80, -95, -112, -132, -148, -165, -184, 0, -214, -231, 0, -260, 0, -286, -302, -319, -334, -346, -360, -374, -388, -399, 0, -418, -426, -431, -438, -444, 0, 449, 450, 451, 452, 453, 454, 455], [-14, -32, -47, 0, 0, -96, -113, 0, 0, -166, -185, -203, -215, 0, -244, -261, -275, -287, -303, 0, -335, -347, -361, 0, -389, 0, -409, -419, -427, 0, -439, -445, -449, 0, 0, 0, 456, 0, 0, 457], [-15, 0, 0, -65, 0, 0, -114, -133, -149, -167, -186, -204, -216, 0, 0, -262, -276, -288, -304, -320, -336, -348, -362, -375, 0, 0, -410, -420, 0, -432, -440, -446, -450, 0, 0, 458, 459, 460, 0, 461], [0, -33, -48, -66, -81, -97, -115, -134, -150, -168, -187, -205, -217, -232, -245, 0, -277, -289, -305, -321, -337, 0, -363, -376, -390, -400, -411, 0, -428, -433, -441, 0, -451, 0, -458, 0, 462, 463, 464, 465], [-16, 0, 0, -67, 0, -98, -116, 0, -151, 0, 0, 0, 0, -233, -246, -263, -278, -290, 0, 0, -338, -349, -364, -377, -391, -401, -412, 0, 0, -434, -442, -447, -452, -456, -459, -462, 0, 466, 0, 467], [0, -34, -49, -68, 0, -99, -117, 0, -152, -169, -188, -206, -218, -234, 0, 0, -279, 0, -306, -322, 0, -350, -365, -378, -392, -402, -413, -421, 0, -435, -443, 0, -453, 0, -460, -463, -466, 0, 468, 469], [-17, -35, -50, -69, 0, -100, -118, -135, -153, -170, -189, 0, -219, -235, -247, -264, -280, 0, -307, -323, -339, -351, -366, -379, 0, -403, -414, 0, 0, -436, 0, -448, -454, 0, 0, -464, 0, -468, 0, 470], [0, 0, -51, -70, -82, -101, -119, -136, -154, -171, -190, -207, -220, 0, -248, 0, 0, -291, 0, -324, -340, -352, -367, -380, -393, -404, 0, -422, -429, 0, 0, 0, -455, -457, -461, -465, -467, -469, -470, 0]], [[0, 0, 0, 1, 0, 0, 0, 0, 0, 0, 0, 0, 0, 0, 0, 0, 0, 0, 0, 0, 2, 3, 4, 0, 5, 0, 6, 7, 8, 9, 10, 11, 12, 13, 0, 14, 15, 16, 17, 18], [0, 0, 19, 0, 0, 0, 0, 0, 20, 0, 21, 0, 0, 0, 0, 0, 0, 0, 0, 0, 22, 0, 23, 24, 0, 0, 25, 26, 27, 0, 28, 29, 30, 31, 32, 33, 34, 0, 35, 36], [0, -19, 0, 0, 0, 0, 0, 0, 0, 0, 0, 0, 0, 0, 37, 0, 0, 0, 0, 0, 38, 39, 40, 41, 42, 43, 44, 45, 46, 47, 48, 0, 49, 0, 50, 51, 52, 53, 54, 55], [-1, 0, 0, 0, 0, 0, 0, 0, 0, 0, 0, 0, 0, 0, 0, 56, 0, 0, 0, 0, 0, 57, 58, 59, 60, 61, 62, 63, 64, 65, 66, 67, 0, 68, 69, 70, 71, 72, 73, 74], [0, 0, 0, 0, 0, 0, 75, 0, 0, 0, 0, 0, 0, 0, 0, 0, 0, 0, 0, 0, 0, 76, 0, 77, 78, 79, 80, 81, 82, 83, 84, 85, 86, 87, 88, 89, 0, 0, 0, 0], [0, 0, 0, 0, 0, 0, 0, 0, 0, 0, 0, 0, 0, 0, 0, 90, 0, 0, 0, 0, 91, 92, 0, 93, 94, 0, 95, 0, 96, 97, 98, 99, 0, 100, 101, 102, 0, 103, 104, 105], [0, 0, 0, 0, -75, 0, 0, 0, 0, 0, 0, 0, 0, 0, 0, 0, 0, 0, 0, 0, 106, 107, 108, 109, 110, 0, 111, 112, 0, 113, 114, 115, 0, 116, 0, 117, 118, 119, 120, 121], [0, 0, 0, 0, 0, 0, 0, 0, 0, 0, 0, 0, 0, 0, 0, 0, 0, 0, 0, 0, 122, 123, 0, 124, 125, 126, 0, 0, 127, 0, 128, 0, 129, 130, 131, 132, 133, 0, 134, 135], [0, -20, 0, 0, 0, 0, 0, 0, 0, 0, 0, 0, 0, 0, 0, 0, 0, 0, 0, 0, 136, 137, 138, 139, 140, 0, 141, 142, 143, 144, 145, 146, 147, 148, 149, 0, 150, 0, 151, 152], [0, 0, 0, 0, 0, 0, 0, 0, 0, 0, 0, 0, 0, 153, 0, 0, 0, 0, 0, 0, 0, 154, 155, 156, 157, 158, 159, 160, 0, 161, 162, 163, 0, 0, 164, 165, 166, 0, 167, 0], [0, -21, 0, 0, 0, 0, 0, 0, 0, 0, 0, 0, 0, 0, 0, 0, 0, 0, 0, 168, 169, 170, 171, 0, 172, 173, 174, 175, 176, 177, 0, 178, 179, 180, 181, 182, 183, 184, 185, 186], [0, 0, 0, 0, 0, 0, 0, 0, 0, 0, 0, 0, 0, 0, 0, 0, 0, 0, 0, 0, 187, 188, 189, 0, 0, 0, 190, 191, 192, 193, 194, 195, 196, 197, 198, 199, 0, 200, 201, 0], [0, 0, 0, 0, 0, 0, 0, 0, 0, 0, 0, 0, 0, 0, 202, 0, 203, 0, 204, 0, 205, 206, 207, 208, 209, 0, 210, 211, 0, 212, 0, 0, 213, 214, 0, 215, 216, 217, 218, 219], [0, 0, 0, 0, 0, 0, 0, 0, 0, -153, 0, 0, 0, 0, 0, 0, 0, 0, 0, 0, 220, 221, 0, 222, 223, 224, 225, 226, 227, 228, 0, 229, 0, 230, 231, 232, 233, 234, 235, 236], [0, 0, -37, 0, 0, 0, 0, 0, 0, 0, 0, 0, -202, 0, 0, 0, 0, 0, 0, 0, 237, 238, 0, 239, 240, 241, 242, 243, 244, 245, 0, 246, 247, 248, 249, 0, 250, 251, 0, 252], [0, 0, 0, -56, 0, -90, 0, 0, 0, 0, 0, 0, 0, 0, 0, 0, 0, 0, 0, 0, 253, 254, 255, 256, 257, 258, 259, 260, 261, 262, 263, 264, 265, 0, 0, 266, 267, 0, 0, 268], [0, 0, 0, 0, 0, 0, 0, 0, 0, 0, 0, 0, -203, 0, 0, 0, 0, 0, 0, 0, 269, 270, 271, 272, 273, 274, 275, 276, 277, 0, 278, 279, 280, 281, 282, 0, 283, 284, 285, 286], [0, 0, 0, 0, 0, 0, 0, 0, 0, 0, 0, 0, 0, 0, 0, 0, 0, 0, 0, 0, 0, 287, 0, 288, 289, 0, 290, 291, 0, 292, 293, 294, 295, 0, 296, 297, 298, 299, 300, 0], [0, 0, 0, 0, 0, 0, 0, 0, 0, 0, 0, 0, -204, 0, 0, 0, 0, 0, 0, 0, 301, 302, 0, 0, 303, 304, 305, 306, 307, 308, 309, 310, 311, 312, 313, 314, 315, 316, 317, 318], [0, 0, 0, 0, 0, 0, 0, 0, 0, 0, -168, 0, 0, 0, 0, 0, 0, 0, 0, 0, 319, 320, 321, 322, 323, 0, 324, 325, 0, 326, 0, 327, 328, 329, 0, 330, 0, 0, 331, 332], [-2, -22, -38, 0, 0, -91, -106, -122, -136, 0, -169, -187, -205, -220, -237, -253, -269, 0, -301, -319, 0, 0, 333, 0, 334, 0, 335, 0, 336, 337, 338, 339, 340, 341, 0, 342, 343, 344, 0, 345], [-3, 0, -39, -57, -76, -92, -107, -123, -137, -154, -170, -188, -206, -221, -238, -254, -270, -287, -302, -320, 0, 0, 346, 0, 347, 348, 349, 350, 351, 352, 353, 354, 355, 356, 0, 357, 358, 0, 0, 359], [-4, -23, -40, -58, 0, 0, -108, 0, -138, -155, -171, -189, -207, 0, 0, -255, -271, 0, 0, -321, -333, -346, 0, 360, 361, 0, 0, 0, 362, 363, 364, 365, 366, 367, 368, 369, 370, 0, 371, 372], [0, -24, -41, -59, -77, -93, -109, -124, -139, -156, 0, 0, -208, -222, -239, -256, -272, -288, 0, -322, 0, 0, -360, 0, 373, 374, 375, 376, 377, 378, 379, 380, 381, 382, 0, 383, 384, 385, 386, 387], [-5, 0, -42, -60, -78, -94, -110, -125, -140, -157, -172, 0, -209, -223, -240, -257, -273, -289, -303, -323, -334, -347, -361, -373, 0, 0, 388, 389, 0, 390, 391, 0, 392, 0, 0, 393, 394, 0, 0, 395], [0, 0, -43, -61, -79, 0, 0, -126, 0, -158, -173, 0, 0, -224, -241, -258, -274, 0, -304, 0, 0, -348, 0, -374, 0, 0, 396, 397, 398, 399, 400, 0, 401, 402, 403, 404, 0, 0, 405, 406], [-6, -25, -44, -62, -80, -95, -111, 0, -141, -159, -174, -190, -210, -225, -242, -259, -275, -290, -305, -324, -335, -349, 0, -375, -388, -396, 0, 407, 408, 0, 409, 410, 411, 412, 413, 414, 415, 416, 417, 418], [-7, -26, -45, -63, -81, 0, -112, 0, -142, -160, -175, -191, -211, -226, -243, -260, -276, -291, -306, -325, 0, -350, 0, -376, -389, -397, -407, 0, 419, 0, 0, 420, 421, 422, 423, 424, 0, 425, 0, 0], [-8, -27, -46, -64, -82, -96, 0, -127, -143, 0, -176, -192, 0, -227, -244, -261, -277, 0, -307, 0, -336, -351, -362, -377, 0, -398, -408, -419, 0, 426, 427, 428, 429, 430, 0, 431, 0, 0, 0, 0], [-9, 0, -47, -65, -83, -97, -113, 0, -144, -161, -177, -193, -212, -228, -245, -262, 0, -292, -308, -326, -337, -352, -363, -378, -390, -399, 0, 0, -426, 0, 432, 0, 433, 434, 435, 436, 0, 437, 0, 438], [-10, -28, -48, -66, -84, -98, -114, -128, -145, -162, 0, -194, 0, 0, 0, -263, -278, -293, -309, 0, -338, -353, -364, -379, -391, -400, -409, 0, -427, -432, 0, 439, 440, 441, 0, 442, 0, 443, 444, 445], [-11, -29, 0, -67, -85, -99, -115, 0, -146, -163, -178, -195, 0, -229, -246, -264, -279, -294, -310, -327, -339, -354, -365, -380, 0, 0, -410, -420, -428, 0, -439, 0, 0, 446, 447, 0, 448, 449, 450, 0], [-12, -30, -49, 0, -86, 0, 0, -129, -147, 0, -179, -196, -213, 0, -247, -265, -280, -295, -311, -328, -340, -355, -366, -381, -392, -401, -411, -421, -429, -433, -440, 0, 0, 451, 452, 453, 0, 0, 454, 455], [-13, -31, 0, -68, -87, -100, -116, -130, -148, 0, -180, -197, -214, -230, -248, 0, -281, 0, -312, -329, -341, -356, -367, -382, 0, -402, -412, -422, -430, -434, -441, -446, -451, 0, 456, 457, 0, 458, 459, 0], [0, -32, -50, -69, -88, -101, 0, -131, -149, -164, -181, -198, 0, -231, -249, 0, -282, -296, -313, 0, 0, 0, -368, 0, 0, -403, -413, -423, 0, -435, 0, -447, -452, -456, 0, 460, 461, 462, 463, 464], [-14, -33, -51, -70, -89, -102, -117, -132, 0, -165, -182, -199, -215, -232, 0, -266, 0, -297, -314, -330, -342, -357, -369, -383, -393, -404, -414, -424, -431, -436, -442, 0, -453, -457, -460, 0, 0, 465, 0, 466], [-15, -34, -52, -71, 0, 0, -118, -133, -150, -166, -183, 0, -216, -233, -250, -267, -283, -298, -315, 0, -343, -358, -370, -384, -394, 0, -415, 0, 0, 0, 0, -448, 0, 0, -461, 0, 0, 467, 468, 0], [-16, 0, -53, -72, 0, -103, -119, 0, 0, 0, -184, -200, -217, -234, -251, 0, -284, -299, -316, 0, -344, 0, 0, -385, 0, 0, -416, -425, 0, -437, -443, -449, 0, -458, -462, -465, -467, 0, 0, 469], [-17, -35, -54, -73, 0, -104, -120, -134, -151, -167, -185, -201, -218, -235, 0, 0, -285, -300, -317, -331, 0, 0, -371, -386, 0, -405, -417, 0, 0, 0, -444, -450, -454, -459, -463, 0, -468, 0, 0, 470], [-18, -36, -55, -74, 0, -105, -121, -135, -152, 0, -186, 0, -219, -236, -252, -268, -286, 0, -318, -332, -345, -359, -372, -387, -395, -406, -418, 0, 0, -438, -445, 0, -455, 0, -464, -466, 0, -469, -470, 0]], [[0, 0, 0, 0, 0, 1, 0, 0, 0, 0, 0, 0, 2, 0, 0, 0, 0, 0, 0, 0, 0, 3, 4, 5, 6, 7, 8, 9, 10, 11, 12, 13, 0, 14, 0, 15, 16, 17, 18, 19], [0, 0, 0, 0, 0, 0, 0, 20, 0, 0, 0, 0, 0, 0, 0, 0, 0, 0, 21, 0, 22, 23, 24, 25, 26, 27, 0, 0, 28, 29, 0, 30, 31, 0, 32, 0, 33, 34, 35, 36], [0, 0, 0, 0, 37, 0, 0, 0, 0, 0, 38, 0, 0, 0, 0, 0, 0, 0, 0, 0, 39, 40, 41, 0, 42, 43, 44, 0, 0, 0, 45, 46, 47, 48, 49, 0, 50, 51, 52, 53], [0, 0, 0, 0, 0, 0, 0, 0, 0, 0, 0, 54, 0, 0, 0, 0, 0, 0, 0, 0, 0, 55, 56, 57, 58, 0, 59, 60, 61, 62, 63, 64, 65, 66, 0, 67, 68, 69, 70, 71], [0, 0, -37, 0, 0, 0, 0, 0, 0, 0, 0, 0, 0, 0, 0, 0, 0, 0, 0, 0, 72, 73, 74, 0, 75, 76, 0, 77, 78, 79, 80, 0, 81, 82, 83, 84, 85, 86, 87, 88], [-1, 0, 0, 0, 0, 0, 0, 0, 0, 0, 0, 0, 0, 0, 0, 0, 0, 0, 0, 0, 89, 90, 91, 92, 0, 0, 93, 94, 95, 96, 97, 98, 99, 100, 101, 102, 103, 104, 105, 106], [0, 0, 0, 0, 0, 0, 0, 0, 107, 0, 0, 0, 108, 0, 0, 0, 0, 0, 0, 0, 109, 110, 111, 112, 113, 114, 115, 116, 117, 118, 119, 120, 0, 121, 122, 0, 123, 0, 124, 0], [0, -20, 0, 0, 0, 0, 0, 0, 0, 125, 0, 0, 0, 0, 0, 0, 0, 126, 0, 0, 127, 128, 129, 130, 131, 132, 133, 0, 134, 135, 0, 136, 137, 0, 138, 139, 140, 141, 142, 143], [0, 0, 0, 0, 0, 0, -107, 0, 0, 0, 144, 0, 0, 0, 0, 0, 0, 0, 145, 0, 146, 0, 147, 148, 149, 0, 150, 151, 152, 153, 154, 155, 156, 157, 158, 159, 160, 161, 162, 163], [0, 0, 0, 0, 0, 0, 0, -125, 0, 0, 0, 0, 0, 0, 0, 0, 0, 0, 0, 0, 164, 165, 166, 167, 168, 169, 170, 171, 0, 172, 173, 174, 175, 0, 0, 176, 0, 177, 178, 179], [0, 0, -38, 0, 0, 0, 0, 0, -144, 0, 0, 0, 0, 0, 0, 0, 0, 0, 180, 0, 181, 182, 183, 184, 185, 0, 186, 187, 188, 0, 189, 0, 0, 190, 0, 0, 191, 192, 193, 0], [0, 0, 0, -54, 0, 0, 0, 0, 0, 0, 0, 0, 0, 0, 0, 194, 0, 0, 0, 0, 195, 196, 197, 198, 0, 199, 0, 200, 201, 0, 202, 203, 204, 205, 206, 207, 0, 208, 209, 210], [-2, 0, 0, 0, 0, 0, -108, 0, 0, 0, 0, 0, 0, 0, 0, 0, 0, 0, 0, 211, 212, 213, 0, 214, 215, 216, 217, 218, 219, 0, 220, 221, 222, 0, 0, 0, 0, 223, 224, 225], [0, 0, 0, 0, 0, 0, 0, 0, 0, 0, 0, 0, 0, 0, 0, 0, 0, 0, 0, 0, 226, 227, 228, 229, 230, 231, 232, 0, 233, 234, 235, 236, 237, 238, 0, 239, 240, 241, 242, 243], [0, 0, 0, 0, 0, 0, 0, 0, 0, 0, 0, 0, 0, 0, 0, 0, 0, 0, 0, 0, 244, 245, 246, 247, 248, 249, 250, 251, 252, 253, 254, 255, 256, 0, 257, 258, 259, 260, 0, 261], [0, 0, 0, 0, 0, 0, 0, 0, 0, 0, 0, -194, 0, 0, 0, 0, 262, 0, 0, 0, 0, 263, 0, 264, 265, 266, 267, 268, 0, 269, 270, 271, 0, 272, 273, 0, 274, 275, 276, 277], [0, 0, 0, 0, 0, 0, 0, 0, 0, 0, 0, 0, 0, 0, 0, -262, 0, 0, 0, 0, 278, 0, 0, 279, 280, 281, 282, 283, 0, 284, 285, 286, 287, 0, 288, 289, 290, 291, 292, 0], [0, 0, 0, 0, 0, 0, 0, -126, 0, 0, 0, 0, 0, 0, 0, 0, 0, 0, 0, 0, 293, 294, 295, 296, 297, 298, 0, 299, 300, 301, 0, 0, 302, 303, 304, 305, 306, 307, 0, 308], [0, -21, 0, 0, 0, 0, 0, 0, -145, 0, -180, 0, 0, 0, 0, 0, 0, 0, 0, 0, 309, 310, 0, 0, 311, 0, 312, 313, 314, 315, 316, 317, 0, 318, 319, 320, 321, 0, 322, 323], [0, 0, 0, 0, 0, 0, 0, 0, 0, 0, 0, 0, -211, 0, 0, 0, 0, 0, 0, 0, 324, 325, 326, 327, 328, 0, 329, 330, 331, 0, 332, 333, 0, 334, 335, 336, 337, 338, 0, 339], [0, -22, -39, 0, -72, -89, -109, -127, -146, -164, -181, -195, -212, -226, -244, 0, -278, -293, -309, -324, 0, 340, 341, 342, 343, 0, 0, 344, 0, 0, 0, 345, 0, 346, 347, 348, 349, 350, 351, 352], [-3, -23, -40, -55, -73, -90, -110, -128, 0, -165, -182, -196, -213, -227, -245, -263, 0, -294, -310, -325, -340, 0, 353, 354, 355, 356, 357, 358, 359, 360, 361, 362, 363, 364, 365, 0, 366, 0, 367, 368], [-4, -24, -41, -56, -74, -91, -111, -129, -147, -166, -183, -197, 0, -228, -246, 0, 0, -295, 0, -326, -341, -353, 0, 369, 370, 0, 371, 0, 372, 373, 374, 375, 376, 377, 378, 379, 380, 381, 382, 0], [-5, -25, 0, -57, 0, -92, -112, -130, -148, -167, -184, -198, -214, -229, -247, -264, -279, -296, 0, -327, -342, -354, -369, 0, 0, 383, 384, 385, 386, 387, 388, 0, 389, 390, 391, 392, 393, 394, 395, 396], [-6, -26, -42, -58, -75, 0, -113, -131, -149, -168, -185, 0, -215, -230, -248, -265, -280, -297, -311, -328, -343, -355, -370, 0, 0, 397, 0, 398, 399, 0, 400, 0, 401, 402, 403, 404, 405, 0, 406, 407], [-7, -27, -43, 0, -76, 0, -114, -132, 0, -169, 0, -199, -216, -231, -249, -266, -281, -298, 0, 0, 0, -356, 0, -383, -397, 0, 0, 408, 0, 409, 410, 411, 412, 0, 0, 413, 414, 0, 415, 0], [-8, 0, -44, -59, 0, -93, -115, -133, -150, -170, -186, 0, -217, -232, -250, -267, -282, 0, -312, -329, 0, -357, -371, -384, 0, 0, 0, 416, 417, 0, 418, 419, 420, 421, 0, 422, 423, 424, 425, 0], [-9, 0, 0, -60, -77, -94, -116, 0, -151, -171, -187, -200, -218, 0, -251, -268, -283, -299, -313, -330, -344, -358, 0, -385, -398, -408, -416, 0, 426, 427, 428, 429, 430, 0, 431, 432, 0, 0, 0, 433], [-10, -28, 0, -61, -78, -95, -117, -134, -152, 0, -188, -201, -219, -233, -252, 0, 0, -300, -314, -331, 0, -359, -372, -386, -399, 0, -417, -426, 0, 434, 435, 436, 437, 438, 0, 439, 440, 441, 0, 442], [-11, -29, 0, -62, -79, -96, -118, -135, -153, -172, 0, 0, 0, -234, -253, -269, -284, -301, -315, 0, 0, -360, -373, -387, 0, -409, 0, -427, -434, 0, 443, 0, 444, 445, 0, 446, 447, 448, 449, 0], [-12, 0, -45, -63, -80, -97, -119, 0, -154, -173, -189, -202, -220, -235, -254, -270, -285, 0, -316, -332, 0, -361, -374, -388, -400, -410, -418, -428, -435, -443, 0, 450, 451, 452, 0, 453, 454, 455, 0, 456], [-13, -30, -46, -64, 0, -98, -120, -136, -155, -174, 0, -203, -221, -236, -255, -271, -286, 0, -317, -333, -345, -362, -375, 0, 0, -411, -419, -429, -436, 0, -450, 0, 457, 458, 459, 460, 0, 461, 0, 462], [0, -31, -47, -65, -81, -99, 0, -137, -156, -175, 0, -204, -222, -237, -256, 0, -287, -302, 0, 0, 0, -363, -376, -389, -401, -412, -420, -430, -437, -444, -451, -457, 0, 463, 464, 0, 0, 0, 465, 466], [-14, 0, -48, -66, -82, -100, -121, 0, -157, 0, -190, -205, 0, -238, 0, -272, 0, -303, -318, -334, -346, -364, -377, -390, -402, 0, -421, 0, -438, -445, -452, -458, -463, 0, 467, 0, 468, 469, 470, 471], [0, -32, -49, 0, -83, -101, -122, -138, -158, 0, 0, -206, 0, 0, -257, -273, -288, -304, -319, -335, -347, -365, -378, -391, -403, 0, 0, -431, 0, 0, 0, -459, -464, -467, 0, 472, 473, 474, 475, 476], [-15, 0, 0, -67, -84, -102, 0, -139, -159, -176, 0, -207, 0, -239, -258, 0, -289, -305, -320, -336, -348, 0, -379, -392, -404, -413, -422, -432, -439, -446, -453, -460, 0, 0, -472, 0, 477, 478, 0, 479], [-16, -33, -50, -68, -85, -103, -123, -140, -160, 0, -191, 0, 0, -240, -259, -274, -290, -306, -321, -337, -349, -366, -380, -393, -405, -414, -423, 0, -440, -447, -454, 0, 0, -468, -473, -477, 0, 480, 481, 482], [-17, -34, -51, -69, -86, -104, 0, -141, -161, -177, -192, -208, -223, -241, -260, -275, -291, -307, 0, -338, -350, 0, -381, -394, 0, 0, -424, 0, -441, -448, -455, -461, 0, -469, -474, -478, -480, 0, 483, 0], [-18, -35, -52, -70, -87, -105, -124, -142, -162, -178, -193, -209, -224, -242, 0, -276, -292, 0, -322, 0, -351, -367, -382, -395, -406, -415, -425, 0, 0, -449, 0, 0, -465, -470, -475, 0, -481, -483, 0, 0], [-19, -36, -53, -71, -88, -106, 0, -143, -163, -179, 0, -210, -225, -243, -261, -277, 0, -308, -323, -339, -352, -368, 0, -396, -407, 0, 0, -433, -442, 0, -456, -462, -466, -471, -476, -479, -482, 0, 0, 0]], [[0, 0, 0, 0, 0, 0, 0, 0, 0, 0, 0, 0, 0, 0, 0, 0, 0, 0, 0, 0, 1, 2, 3, 4, 5, 6, 7, 8, 9, 10, 11, 12, 13, 14, 0, 15, 16, 17, 18, 19], [0, 0, 0, 0, 0, 0, 0, 0, 0, 0, 0, 0, 0, 0, 0, 0, 0, 0, 0, 0, 0, 20, 21, 22, 23, 24, 0, 25, 26, 27, 0, 28, 29, 30, 31, 32, 33, 0, 34, 35], [0, 0, 0, 0, 0, 0, 0, 0, 0, 0, 0, 0, 36, 0, 0, 0, 0, 0, 0, 0, 37, 38, 39, 0, 40, 0, 41, 42, 0, 43, 44, 45, 46, 0, 47, 48, 49, 0, 50, 51], [0, 0, 0, 0, 0, 0, 0, 0, 0, 0, 0, 0, 52, 0, 0, 0, 0, 0, 0, 0, 0, 0, 53, 54, 55, 56, 57, 58, 59, 60, 61, 0, 62, 63, 64, 0, 65, 66, 67, 68], [0, 0, 0, 0, 0, 0, 0, 0, 0, 69, 0, 0, 70, 0, 0, 0, 0, 0, 0, 0, 71, 72, 73, 74, 75, 76, 0, 77, 0, 78, 79, 0, 80, 81, 82, 83, 84, 85, 86, 0], [0, 0, 0, 0, 0, 0, 0, 0, 0, 0, 0, 0, 0, 87, 88, 0, 0, 89, 90, 0, 91, 92, 93, 94, 0, 95, 96, 97, 98, 99, 100, 101, 102, 103, 104, 105, 106, 107, 108, 109], [0, 0, 0, 0, 0, 0, 0, 0, 0, 0, 0, 0, 0, 0, 110, 0, 0, 0, 0, 0, 111, 112, 113, 0, 114, 0, 115, 116, 117, 118, 119, 120, 0, 121, 122, 123, 124, 125, 126, 127], [0, 0, 0, 0, 0, 0, 0, 0, 0, 128, 0, 0, 0, 0, 0, 0, 0, 0, 0, 0, 129, 0, 0, 130, 131, 132, 133, 0, 134, 0, 135, 136, 137, 0, 0, 138, 139, 140, 141, 0], [0, 0, 0, 0, 0, 0, 0, 0, 0, 0, 0, 0, 0, 0, 0, 0, 0, 0, 0, 0, 142, 143, 144, 145, 146, 147, 148, 149, 150, 151, 152, 153, 154, 155, 156, 157, 158, 159, 160, 161], [0, 0, 0, 0, -69, 0, 0, -128, 0, 0, 0, 0, 162, 0, 0, 0, 0, 0, 0, 0, 163, 164, 165, 166, 0, 167, 0, 168, 169, 170, 171, 172, 173, 174, 175, 176, 177, 178, 179, 0], [0, 0, 0, 0, 0, 0, 0, 0, 0, 0, 0, 0, 0, 0, 0, 0, 0, 180, 0, 0, 181, 182, 183, 184, 185, 186, 187, 0, 188, 189, 190, 191, 192, 193, 194, 195, 0, 196, 197, 198], [0, 0, 0, 0, 0, 0, 0, 0, 0, 0, 0, 0, 0, 199, 200, 0, 0, 201, 0, 0, 202, 0, 203, 204, 0, 0, 205, 206, 207, 0, 0, 208, 209, 210, 211, 212, 213, 214, 215, 0], [0, 0, -36, -52, -70, 0, 0, 0, 0, -162, 0, 0, 0, 0, 216, 0, 0, 0, 0, 0, 217, 0, 218, 219, 220, 221, 222, 223, 224, 0, 225, 0, 0, 0, 226, 0, 227, 228, 229, 230], [0, 0, 0, 0, 0, -87, 0, 0, 0, 0, 0, -199, 0, 0, 0, 0, 0, 0, 0, 0, 231, 232, 233, 234, 235, 236, 0, 0, 0, 237, 0, 238, 0, 239, 240, 241, 242, 243, 244, 245], [0, 0, 0, 0, 0, -88, -110, 0, 0, 0, 0, -200, -216, 0, 0, 0, 0, 0, 246, 0, 247, 248, 249, 250, 251, 0, 0, 0, 252, 0, 253, 254, 255, 256, 257, 258, 259, 260, 261, 262], [0, 0, 0, 0, 0, 0, 0, 0, 0, 0, 0, 0, 0, 0, 0, 0, 263, 0, 0, 0, 264, 265, 0, 266, 267, 268, 0, 0, 269, 0, 270, 0, 271, 272, 273, 0, 274, 0, 275, 0], [0, 0, 0, 0, 0, 0, 0, 0, 0, 0, 0, 0, 0, 0, 0, -263, 0, 0, 0, 0, 276, 277, 0, 278, 279, 280, 281, 282, 283, 0, 284, 285, 286, 0, 287, 288, 289, 290, 0, 291], [0, 0, 0, 0, 0, -89, 0, 0, 0, 0, -180, -201, 0, 0, 0, 0, 0, 0, 0, 0, 292, 293, 294, 0, 295, 296, 297, 0, 298, 299, 300, 301, 0, 302, 303, 304, 305, 306, 307, 308], [0, 0, 0, 0, 0, -90, 0, 0, 0, 0, 0, 0, 0, 0, -246, 0, 0, 0, 0, 309, 310, 311, 312, 313, 314, 315, 316, 317, 318, 319, 320, 321, 322, 323, 0, 324, 325, 326, 327, 328], [0, 0, 0, 0, 0, 0, 0, 0, 0, 0, 0, 0, 0, 0, 0, 0, 0, 0, -309, 0, 329, 330, 331, 332, 333, 0, 334, 335, 0, 336, 0, 337, 0, 338, 339, 340, 341, 342, 0, 343], [-1, 0, -37, 0, -71, -91, -111, -129, -142, -163, -181, -202, -217, -231, -247, -264, -276, -292, -310, -329, 0, 344, 345, 346, 347, 348, 349, 350, 351, 352, 353, 354, 355, 0, 356, 357, 358, 0, 359, 360], [-2, -20, -38, 0, -72, -92, -112, 0, -143, -164, -182, 0, 0, -232, -248, -265, -277, -293, -311, -330, -344, 0, 361, 362, 363, 364, 365, 366, 367, 368, 369, 370, 371, 372, 373, 374, 375, 376, 377, 378], [-3, -21, -39, -53, -73, -93, -113, 0, -144, -165, -183, -203, -218, -233, -249, 0, 0, -294, -312, -331, -345, -361, 0, 379, 380, 381, 382, 383, 384, 385, 386, 387, 388, 0, 389, 390, 391, 392, 393, 394], [-4, -22, 0, -54, -74, -94, 0, -130, -145, -166, -184, -204, -219, -234, -250, -266, -278, 0, -313, -332, -346, -362, -379, 0, 395, 396, 397, 398, 399, 400, 401, 402, 403, 404, 405, 406, 407, 408, 409, 410], [-5, -23, -40, -55, -75, 0, -114, -131, -146, 0, -185, 0, -220, -235, -251, -267, -279, -295, -314, -333, -347, -363, -380, -395, 0, 411, 0, 0, 412, 413, 0, 414, 415, 416, 417, 418, 419, 420, 421, 422], [-6, -24, 0, -56, -76, -95, 0, -132, -147, -167, -186, 0, -221, -236, 0, -268, -280, -296, -315, 0, -348, -364, -381, -396, -411, 0, 423, 424, 425, 426, 427, 428, 429, 430, 431, 0, 432, 433, 0, 434], [-7, 0, -41, -57, 0, -96, -115, -133, -148, 0, -187, -205, -222, 0, 0, 0, -281, -297, -316, -334, -349, -365, -382, -397, 0, -423, 0, 435, 436, 437, 438, 439, 440, 441, 442, 443, 0, 444, 0, 0], [-8, -25, -42, -58, -77, -97, -116, 0, -149, -168, 0, -206, -223, 0, 0, 0, -282, 0, -317, -335, -350, -366, -383, -398, 0, -424, -435, 0, 445, 446, 0, 0, 447, 448, 449, 450, 451, 452, 453, 0], [-9, -26, 0, -59, 0, -98, -117, -134, -150, -169, -188, -207, -224, 0, -252, -269, -283, -298, -318, 0, -351, -367, -384, -399, -412, -425, -436, -445, 0, 454, 455, 0, 456, 457, 458, 0, 459, 460, 461, 462], [-10, -27, -43, -60, -78, -99, -118, 0, -151, -170, -189, 0, 0, -237, 0, 0, 0, -299, -319, -336, -352, -368, -385, -400, -413, -426, -437, -446, -454, 0, 463, 464, 465, 466, 467, 0, 468, 469, 470, 471], [-11, 0, -44, -61, -79, -100, -119, -135, -152, -171, -190, 0, -225, 0, -253, -270, -284, -300, -320, 0, -353, -369, -386, -401, 0, -427, -438, 0, -455, -463, 0, 472, 473, 0, 0, 474, 0, 475, 0, 476], [-12, -28, -45, 0, 0, -101, -120, -136, -153, -172, -191, -208, 0, -238, -254, 0, -285, -301, -321, -337, -354, -370, -387, -402, -414, -428, -439, 0, 0, -464, -472, 0, 477, 478, 0, 479, 480, 481, 482, 483], [-13, -29, -46, -62, -80, -102, 0, -137, -154, -173, -192, -209, 0, 0, -255, -271, -286, 0, -322, 0, -355, -371, -388, -403, -415, -429, -440, -447, -456, -465, -473, -477, 0, 0, 0, 484, 485, 486, 487, 488], [-14, -30, 0, -63, -81, -103, -121, 0, -155, -174, -193, -210, 0, -239, -256, -272, 0, -302, -323, -338, 0, -372, 0, -404, -416, -430, -441, -448, -457, -466, 0, -478, 0, 0, 489, 0, 490, 491, 0, 492], [0, -31, -47, -64, -82, -104, -122, 0, -156, -175, -194, -211, -226, -240, -257, -273, -287, -303, 0, -339, -356, -373, -389, -405, -417, -431, -442, -449, -458, -467, 0, 0, 0, -489, 0, 493, 0, 494, 495, 496], [-15, -32, -48, 0, -83, -105, -123, -138, -157, -176, -195, -212, 0, -241, -258, 0, -288, -304, -324, -340, -357, -374, -390, -406, -418, 0, -443, -450, 0, 0, -474, -479, -484, 0, -493, 0, 497, 498, 499, 500], [-16, -33, -49, -65, -84, -106, -124, -139, -158, -177, 0, -213, -227, -242, -259, -274, -289, -305, -325, -341, -358, -375, -391, -407, -419, -432, 0, -451, -459, -468, 0, -480, -485, -490, 0, -497, 0, 501, 0, 502], [-17, 0, 0, -66, -85, -107, -125, -140, -159, -178, -196, -214, -228, -243, -260, 0, -290, -306, -326, -342, 0, -376, -392, -408, -420, -433, -444, -452, -460, -469, -475, -481, -486, -491, -494, -498, -501, 0, 503, 504], [-18, -34, -50, -67, -86, -108, -126, -141, -160, -179, -197, -215, -229, -244, -261, -275, 0, -307, -327, 0, -359, -377, -393, -409, -421, 0, 0, -453, -461, -470, 0, -482, -487, 0, -495, -499, 0, -503, 0, 0], [-19, -35, -51, -68, 0, -109, -127, 0, -161, 0, -198, 0, -230, -245, -262, 0, -291, -308, -328, -343, -360, -378, -394, -410, -422, -434, 0, 0, -462, -471, -476, -483, -488, -492, -496, -500, -502, -504, 0, 0]], [[0, 0, 0, 0, 0, 1, 0, 0, 0, 0, 0, 0, 0, 0, 0, 0, 2, 0, 0, 0, 0, 3, 4, 5, 0, 6, 0, 7, 8, 9, 10, 0, 0, 11, 0, 0, 12, 13, 14, 15], [0, 0, 0, 0, 16, 0, 0, 0, 0, 0, 0, 0, 0, 0, 0, 0, 0, 0, 0, 0, 17, 18, 0, 19, 20, 21, 0, 0, 22, 23, 24, 0, 0, 25, 0, 26, 27, 0, 28, 29], [0, 0, 0, 0, 0, 0, 30, 0, 31, 0, 0, 0, 0, 32, 0, 0, 33, 0, 34, 0, 35, 36, 0, 37, 38, 0, 39, 40, 41, 42, 43, 44, 45, 46, 0, 0, 47, 0, 48, 49], [0, 0, 0, 0, 0, 0, 0, 0, 0, 0, 50, 0, 0, 0, 51, 0, 0, 0, 0, 52, 53, 54, 55, 56, 57, 58, 59, 60, 61, 62, 63, 64, 65, 66, 67, 68, 69, 70, 71, 72], [0, -16, 0, 0, 0, 0, 0, 0, 0, 0, 0, 73, 0, 0, 0, 0, 0, 0, 0, 0, 74, 75, 76, 77, 78, 79, 80, 0, 81, 82, 83, 84, 0, 0, 0, 85, 86, 87, 88, 89], [-1, 0, 0, 0, 0, 0, 90, 0, 0, 0, 0, 0, 0, 0, 0, 0, 0, 0, 0, 0, 91, 92, 0, 93, 94, 95, 96, 97, 0, 98, 99, 100, 101, 102, 103, 104, 105, 106, 0, 107], [0, 0, -30, 0, 0, -90, 0, 108, 0, 109, 0, 0, 0, 0, 0, 0, 0, 0, 0, 0, 110, 111, 112, 113, 114, 115, 116, 117, 118, 119, 120, 0, 121, 122, 123, 0, 124, 0, 125, 0], [0, 0, 0, 0, 0, 0, -108, 0, 0, 0, 0, 0, 0, 0, 0, 0, 0, 126, 0, 0, 127, 0, 128, 129, 0, 130, 131, 0, 132, 0, 133, 134, 0, 135, 136, 137, 138, 139, 140, 141], [0, 0, -31, 0, 0, 0, 0, 0, 0, 142, 0, 0, 0, 0, 0, 0, 0, 0, 0, 0, 143, 0, 144, 145, 146, 147, 148, 0, 0, 149, 0, 150, 151, 152, 153, 0, 154, 155, 156, 157], [0, 0, 0, 0, 0, 0, -109, 0, -142, 0, 0, 0, 0, 0, 158, 0, 0, 0, 0, 0, 159, 160, 161, 162, 163, 0, 164, 165, 0, 166, 167, 0, 168, 169, 0, 170, 171, 172, 173, 174], [0, 0, 0, -50, 0, 0, 0, 0, 0, 0, 0, 0, 0, 0, 0, 0, 0, 0, 0, 0, 175, 176, 177, 178, 179, 0, 180, 0, 181, 182, 0, 183, 0, 184, 185, 186, 187, 188, 189, 190], [0, 0, 0, 0, -73, 0, 0, 0, 0, 0, 0, 0, 0, 0, 0, 0, 0, 0, 0, 0, 191, 192, 193, 194, 195, 196, 197, 198, 199, 0, 200, 201, 202, 203, 204, 205, 206, 207, 208, 209], [0, 0, 0, 0, 0, 0, 0, 0, 0, 0, 0, 0, 0, 210, 0, 211, 0, 0, 0, 0, 212, 213, 214, 215, 216, 217, 218, 219, 220, 221, 222, 223, 224, 225, 226, 227, 228, 229, 0, 230], [0, 0, -32, 0, 0, 0, 0, 0, 0, 0, 0, 0, -210, 0, 0, 0, 0, 231, 0, 0, 232, 233, 234, 235, 236, 0, 0, 0, 0, 237, 238, 239, 0, 0, 240, 241, 0, 0, 242, 243], [0, 0, 0, -51, 0, 0, 0, 0, 0, -158, 0, 0, 0, 0, 0, 0, 0, 0, 0, 0, 244, 245, 246, 247, 248, 249, 250, 251, 252, 253, 254, 0, 255, 256, 257, 258, 259, 260, 261, 262], [0, 0, 0, 0, 0, 0, 0, 0, 0, 0, 0, 0, -211, 0, 0, 0, 263, 0, 0, 0, 264, 265, 0, 0, 266, 0, 267, 0, 268, 269, 270, 271, 272, 273, 274, 0, 275, 276, 277, 278], [-2, 0, -33, 0, 0, 0, 0, 0, 0, 0, 0, 0, 0, 0, 0, -263, 0, 0, 0, 279, 280, 281, 282, 283, 284, 285, 0, 286, 287, 288, 289, 0, 290, 291, 292, 293, 294, 0, 295, 296], [0, 0, 0, 0, 0, 0, 0, -126, 0, 0, 0, 0, 0, -231, 0, 0, 0, 0, 0, 0, 297, 298, 299, 300, 301, 302, 0, 0, 0, 303, 0, 304, 305, 306, 0, 307, 0, 308, 309, 310], [0, 0, -34, 0, 0, 0, 0, 0, 0, 0, 0, 0, 0, 0, 0, 0, 0, 0, 0, 0, 311, 312, 0, 313, 314, 315, 316, 317, 318, 319, 320, 321, 322, 323, 324, 325, 326, 327, 328, 329], [0, 0, 0, -52, 0, 0, 0, 0, 0, 0, 0, 0, 0, 0, 0, 0, -279, 0, 0, 0, 330, 331, 332, 333, 334, 335, 336, 337, 0, 338, 0, 339, 340, 341, 342, 343, 344, 345, 346, 0], [0, -17, -35, -53, -74, -91, -110, -127, -143, -159, -175, -191, -212, -232, -244, -264, -280, -297, -311, -330, 0, 347, 0, 348, 349, 350, 351, 352, 353, 354, 355, 0, 356, 357, 358, 359, 360, 361, 0, 0], [-3, -18, -36, -54, -75, -92, -111, 0, 0, -160, -176, -192, -213, -233, -245, -265, -281, -298, -312, -331, -347, 0, 362, 0, 363, 0, 364, 0, 365, 0, 0, 366, 367, 0, 368, 0, 369, 0, 370, 371], [-4, 0, 0, -55, -76, 0, -112, -128, -144, -161, -177, -193, -214, -234, -246, 0, -282, -299, 0, -332, 0, -362, 0, 372, 373, 0, 0, 0, 374, 375, 376, 0, 0, 377, 0, 0, 378, 379, 380, 381], [-5, -19, -37, -56, -77, -93, -113, -129, -145, -162, -178, -194, -215, -235, -247, 0, -283, -300, -313, -333, -348, 0, -372, 0, 382, 383, 0, 384, 0, 385, 0, 386, 387, 388, 389, 0, 390, 391, 392, 393], [0, -20, -38, -57, -78, -94, -114, 0, -146, -163, -179, -195, -216, -236, -248, -266, -284, -301, -314, -334, -349, -363, -373, -382, 0, 394, 0, 395, 0, 396, 397, 398, 399, 400, 401, 402, 403, 0, 0, 404], [-6, -21, 0, -58, -79, -95, -115, -130, -147, 0, 0, -196, -217, 0, -249, 0, -285, -302, -315, -335, -350, 0, 0, -383, -394, 0, 0, 405, 0, 406, 407, 408, 409, 410, 411, 412, 413, 414, 415, 416], [0, 0, -39, -59, -80, -96, -116, -131, -148, -164, -180, -197, -218, 0, -250, -267, 0, 0, -316, -336, -351, -364, 0, 0, 0, 0, 0, 417, 418, 0, 0, 0, 419, 420, 0, 421, 422, 423, 424, 425], [-7, 0, -40, -60, 0, -97, -117, 0, 0, -165, 0, -198, -219, 0, -251, 0, -286, 0, -317, -337, -352, 0, 0, -384, -395, -405, -417, 0, 0, 426, 427, 428, 429, 430, 431, 432, 0, 0, 0, 433], [-8, -22, -41, -61, -81, 0, -118, -132, 0, 0, -181, -199, -220, 0, -252, -268, -287, 0, -318, 0, -353, -365, -374, 0, 0, 0, -418, 0, 0, 434, 435, 436, 437, 438, 439, 440, 441, 442, 443, 444], [-9, -23, -42, -62, -82, -98, -119, 0, -149, -166, -182, 0, -221, -237, -253, -269, -288, -303, -319, -338, -354, 0, -375, -385, -396, -406, 0, -426, -434, 0, 0, 445, 446, 447, 0, 448, 0, 449, 450, 0], [-10, -24, -43, -63, -83, -99, -120, -133, 0, -167, 0, -200, -222, -238, -254, -270, -289, 0, -320, 0, -355, 0, -376, 0, -397, -407, 0, -427, -435, 0, 0, 451, 452, 453, 454, 455, 0, 456, 457, 458], [0, 0, -44, -64, -84, -100, 0, -134, -150, 0, -183, -201, -223, -239, 0, -271, 0, -304, -321, -339, 0, -366, 0, -386, -398, -408, 0, -428, -436, -445, -451, 0, 459, 0, 460, 461, 462, 463, 464, 465], [0, 0, -45, -65, 0, -101, -121, 0, -151, -168, 0, -202, -224, 0, -255, -272, -290, -305, -322, -340, -356, -367, 0, -387, -399, -409, -419, -429, -437, -446, -452, -459, 0, 466, 467, 468, 469, 470, 0, 471], [-11, -25, -46, -66, 0, -102, -122, -135, -152, -169, -184, -203, -225, 0, -256, -273, -291, -306, -323, -341, -357, 0, -377, -388, -400, -410, -420, -430, -438, -447, -453, 0, -466, 0, 0, 472, 0, 473, 474, 475], [0, 0, 0, -67, 0, -103, -123, -136, -153, 0, -185, -204, -226, -240, -257, -274, -292, 0, -324, -342, -358, -368, 0, -389, -401, -411, 0, -431, -439, 0, -454, -460, -467, 0, 0, 0, 476, 477, 0, 0], [0, -26, 0, -68, -85, -104, 0, -137, 0, -170, -186, -205, -227, -241, -258, 0, -293, -307, -325, -343, -359, 0, 0, 0, -402, -412, -421, -432, -440, -448, -455, -461, -468, -472, 0, 0, 478, 479, 0, 480], [-12, -27, -47, -69, -86, -105, -124, -138, -154, -171, -187, -206, -228, 0, -259, -275, -294, 0, -326, -344, -360, -369, -378, -390, -403, -413, -422, 0, -441, 0, 0, -462, -469, 0, -476, -478, 0, 481, 482, 483], [-13, 0, 0, -70, -87, -106, 0, -139, -155, -172, -188, -207, -229, 0, -260, -276, 0, -308, -327, -345, -361, 0, -379, -391, 0, -414, -423, 0, -442, -449, -456, -463, -470, -473, -477, -479, -481, 0, 484, 485], [-14, -28, -48, -71, -88, 0, -125, -140, -156, -173, -189, -208, 0, -242, -261, -277, -295, -309, -328, -346, 0, -370, -380, -392, 0, -415, -424, 0, -443, -450, -457, -464, 0, -474, 0, 0, -482, -484, 0, 486], [-15, -29, -49, -72, -89, -107, 0, -141, -157, -174, -190, -209, -230, -243, -262, -278, -296, -310, -329, 0, 0, -371, -381, -393, -404, -416, -425, -433, -444, 0, -458, -465, -471, -475, 0, -480, -483, -485, -486, 0]], [[0, 0, 0, 0, 0, 0, 1, 0, 0, 0, 0, 0, 2, 3, 0, 0, 0, 0, 0, 4, 5, 6, 7, 8, 9, 10, 11, 12, 13, 14, 15, 16, 17, 18, 19, 20, 21, 0, 22, 23], [0, 0, 0, 24, 0, 0, 0, 0, 0, 0, 0, 25, 0, 0, 0, 0, 0, 0, 0, 0, 26, 27, 0, 28, 29, 30, 0, 31, 0, 32, 0, 33, 0, 0, 34, 35, 36, 37, 38, 39], [0, 0, 0, 40, 0, 41, 0, 0, 0, 42, 0, 0, 0, 0, 0, 0, 0, 0, 0, 0, 0, 0, 43, 44, 45, 46, 47, 48, 0, 49, 50, 51, 52, 53, 54, 55, 56, 57, 58, 59], [0, -24, -40, 0, 60, 0, 0, 0, 0, 61, 0, 0, 0, 0, 0, 0, 0, 0, 0, 0, 62, 0, 63, 64, 0, 65, 0, 66, 67, 68, 0, 69, 70, 71, 72, 0, 73, 74, 75, 76], [0, 0, 0, -60, 0, 0, 0, 0, 0, 0, 0, 0, 0, 0, 0, 77, 0, 0, 0, 0, 78, 0, 0, 0, 79, 0, 80, 0, 0, 81, 82, 0, 83, 84, 85, 86, 0, 87, 88, 89], [0, 0, -41, 0, 0, 0, 0, 0, 0, 0, 0, 0, 0, 0, 0, 0, 0, 0, 0, 0, 0, 90, 91, 92, 93, 0, 0, 94, 95, 96, 97, 98, 99, 100, 101, 0, 102, 103, 0, 104], [-1, 0, 0, 0, 0, 0, 0, 0, 0, 0, 105, 0, 0, 0, 0, 0, 0, 0, 0, 0, 106, 107, 108, 109, 110, 111, 112, 113, 114, 115, 0, 116, 0, 117, 118, 0, 119, 120, 121, 122], [0, 0, 0, 0, 0, 0, 0, 0, 0, 0, 0, 123, 0, 0, 0, 0, 124, 0, 0, 0, 125, 0, 126, 127, 128, 129, 0, 130, 131, 132, 133, 134, 135, 136, 137, 138, 139, 140, 141, 142], [0, 0, 0, 0, 0, 0, 0, 0, 0, 143, 0, 0, 0, 144, 0, 0, 0, 0, 145, 0, 146, 147, 148, 149, 0, 150, 151, 152, 153, 154, 0, 155, 0, 156, 0, 157, 158, 0, 159, 160], [0, 0, -42, -61, 0, 0, 0, 0, -143, 0, 0, 0, 161, 0, 0, 0, 0, 0, 0, 0, 162, 163, 0, 164, 165, 166, 167, 0, 168, 169, 170, 171, 172, 173, 174, 175, 176, 0, 177, 178], [0, 0, 0, 0, 0, 0, -105, 0, 0, 0, 0, 0, 0, 0, 0, 0, 0, 179, 180, 0, 0, 181, 182, 183, 0, 184, 185, 186, 187, 188, 189, 190, 0, 191, 192, 193, 194, 195, 196, 197], [0, -25, 0, 0, 0, 0, 0, -123, 0, 0, 0, 0, 0, 0, 0, 0, 0, 0, 0, 0, 198, 199, 200, 201, 202, 0, 203, 204, 205, 206, 207, 208, 209, 210, 211, 212, 0, 213, 214, 215], [-2, 0, 0, 0, 0, 0, 0, 0, 0, -161, 0, 0, 0, 0, 0, 0, 0, 0, 0, 0, 216, 217, 218, 219, 220, 221, 222, 223, 224, 225, 226, 227, 228, 229, 230, 0, 231, 0, 232, 0], [-3, 0, 0, 0, 0, 0, 0, 0, -144, 0, 0, 0, 0, 0, 0, 233, 0, 0, 0, 0, 234, 235, 236, 237, 0, 238, 239, 240, 241, 0, 242, 0, 243, 0, 244, 245, 246, 247, 248, 249], [0, 0, 0, 0, 0, 0, 0, 0, 0, 0, 0, 0, 0, 0, 0, 0, 0, 250, 251, 0, 252, 253, 0, 0, 254, 255, 256, 257, 0, 258, 259, 260, 261, 262, 263, 264, 265, 266, 267, 268], [0, 0, 0, 0, -77, 0, 0, 0, 0, 0, 0, 0, 0, -233, 0, 0, 0, 0, 0, 0, 269, 270, 0, 0, 271, 272, 273, 274, 275, 276, 277, 278, 0, 279, 280, 281, 282, 283, 284, 285], [0, 0, 0, 0, 0, 0, 0, -124, 0, 0, 0, 0, 0, 0, 0, 0, 0, 0, 0, 0, 0, 286, 287, 288, 0, 0, 0, 289, 290, 291, 0, 292, 293, 294, 295, 296, 297, 298, 299, 0], [0, 0, 0, 0, 0, 0, 0, 0, 0, 0, -179, 0, 0, 0, -250, 0, 0, 0, 0, 300, 301, 302, 303, 304, 305, 306, 0, 0, 307, 308, 309, 310, 311, 312, 313, 314, 315, 0, 316, 317], [0, 0, 0, 0, 0, 0, 0, 0, -145, 0, -180, 0, 0, 0, -251, 0, 0, 0, 0, 0, 318, 319, 320, 0, 0, 0, 321, 322, 323, 324, 325, 0, 0, 326, 327, 328, 329, 330, 331, 332], [-4, 0, 0, 0, 0, 0, 0, 0, 0, 0, 0, 0, 0, 0, 0, 0, 0, -300, 0, 0, 333, 334, 335, 336, 0, 337, 0, 338, 339, 340, 0, 341, 342, 0, 0, 0, 343, 344, 0, 345], [-5, -26, 0, -62, -78, 0, -106, -125, -146, -162, 0, -198, -216, -234, -252, -269, 0, -301, -318, -333, 0, 346, 0, 347, 348, 349, 350, 0, 351, 0, 0, 352, 353, 354, 355, 356, 357, 0, 358, 359], [-6, -27, 0, 0, 0, -90, -107, 0, -147, -163, -181, -199, -217, -235, -253, -270, -286, -302, -319, -334, -346, 0, 0, 360, 361, 0, 362, 363, 364, 365, 0, 366, 0, 0, 367, 368, 369, 370, 371, 372], [-7, 0, -43, -63, 0, -91, -108, -126, -148, 0, -182, -200, -218, -236, 0, 0, -287, -303, -320, -335, 0, 0, 0, 373, 374, 375, 376, 377, 378, 379, 380, 0, 381, 382, 383, 384, 385, 0, 0, 386], [-8, -28, -44, -64, 0, -92, -109, -127, -149, -164, -183, -201, -219, -237, 0, 0, -288, -304, 0, -336, -347, -360, -373, 0, 387, 388, 389, 0, 390, 0, 391, 392, 393, 394, 395, 396, 397, 398, 0, 399], [-9, -29, -45, 0, -79, -93, -110, -128, 0, -165, 0, -202, -220, 0, -254, -271, 0, -305, 0, 0, -348, -361, -374, -387, 0, 400, 401, 402, 403, 404, 405, 406, 407, 408, 0, 409, 410, 411, 0, 0], [-10, -30, -46, -65, 0, 0, -111, -129, -150, -166, -184, 0, -221, -238, -255, -272, 0, -306, 0, -337, -349, 0, -375, -388, -400, 0, 412, 413, 414, 415, 416, 417, 0, 418, 419, 420, 421, 422, 423, 0], [-11, 0, -47, 0, -80, 0, -112, 0, -151, -167, -185, -203, -222, -239, -256, -273, 0, 0, -321, 0, -350, -362, -376, -389, -401, -412, 0, 424, 425, 426, 427, 428, 429, 0, 430, 431, 0, 0, 432, 433], [-12, -31, -48, -66, 0, -94, -113, -130, -152, 0, -186, -204, -223, -240, -257, -274, -289, 0, -322, -338, 0, -363, -377, 0, -402, -413, -424, 0, 434, 0, 435, 