[[[0, 0, 0, 0, 0, 0, 0, 0, 0, 0, 0, 0, 0, 0, 0, 0, 0, 0, 0, 1, 2, 3, 4, 0, 5, 6, 7, 8, 0, 9, 10, 11, 12, 0, 13, 14], [0, 0, 0, 0, 0, 0, 0, 0, 0, 0, 0, 0, 0, 0, 0, 0, 0, 0, 15, 16, 17, 0, 18, 19, 20, 21, 22, 23, 24, 0, 25, 0, 26, 27, 28, 0], [0, 0, 0, 0, 0, 0, 0, 0, 0, 0, 0, 0, 0, 0, 0, 0, 0, 0, 0, 29, 30, 31, 32, 33, 34, 35, 0, 36, 37, 38, 39, 40, 41, 42, 43, 44], [0, 0, 0, 0, 45, 0, 0, 0, 0, 0, 46, 0, 0, 47, 48, 0, 0, 0, 0, 49, 0, 50, 0, 51, 52, 53, 54, 55, 56, 57, 58, 59, 60, 61, 62, 63], [0, 0, 0, -45, 0, 0, 0, 0, 0, 0, 0, 0, 0, 64, 0, 0, 0, 0, 65, 66, 0, 67, 68, 69, 70, 71, 72, 0, 73, 0, 0, 74, 75, 76, 77, 78], [0, 0, 0, 0, 0, 0, 79, 80, 0, 0, 0, 0, 0, 0, 0, 81, 0, 0, 0, 0, 82, 83, 84, 0, 0, 85, 86, 0, 87, 88, 89, 90, 91, 92, 93, 94], [0, 0, 0, 0, 0, -79, 0, 0, 0, 95, 96, 0, 0, 0, 0, 97, 98, 0, 99, 0, 100, 101, 102, 103, 104, 105, 106, 0, 107, 108, 109, 110, 111, 112, 113, 114], [0, 0, 0, 0, 0, -80, 0, 0, 0, 115, 0, 0, 0, 0, 0, 0, 0, 0, 116, 117, 118, 119, 120, 0, 121, 122, 123, 124, 125, 126, 127, 128, 129, 130, 131, 132], [0, 0, 0, 0, 0, 0, 0, 0, 0, 0, 0, 0, 0, 0, 0, 0, 0, 0, 133, 134, 135, 136, 137, 138, 139, 140, 141, 142, 143, 144, 145, 146, 0, 0, 147, 148], [0, 0, 0, 0, 0, 0, -95, -115, 0, 0, 0, 0, 0, 0, 0, 149, 0, 0, 150, 151, 152, 153, 154, 155, 156, 0, 157, 0, 158, 159, 160, 0, 0, 161, 162, 163], [0, 0, 0, -46, 0, 0, -96, 0, 0, 0, 0, 0, 0, 0, 0, 0, 0, 0, 0, 164, 165, 166, 167, 168, 169, 170, 171, 0, 172, 0, 173, 0, 174, 175, 176, 0], [0, 0, 0, 0, 0, 0, 0, 0, 0, 0, 0, 0, 0, 0, 0, 177, 0, 0, 178, 179, 180, 181, 182, 183, 0, 0, 184, 185, 186, 187, 188, 189, 190, 191, 192, 193], [0, 0, 0, 0, 0, 0, 0, 0, 0, 0, 0, 0, 0, 0, 0, 0, 0, 0, 0, 0, 194, 195, 196, 197, 198, 199, 200, 201, 0, 0, 202, 203, 0, 204, 205, 206], [0, 0, 0, -47, -64, 0, 0, 0, 0, 0, 0, 0, 0, 0, 0, 0, 0, 0, 207, 0, 208, 209, 210, 211, 212, 213, 214, 215, 216, 217, 218, 0, 219, 220, 221, 0], [0, 0, 0, -48, 0, 0, 0, 0, 0, 0, 0, 0, 0, 0, 0, 0, 222, 0, 223, 224, 225, 226, 227, 228, 229, 230, 231, 232, 233, 0, 234, 235, 236, 0, 237, 238], [0, 0, 0, 0, 0, -81, -97, 0, 0, -149, 0, -177, 0, 0, 0, 0, 0, 239, 0, 240, 241, 0, 0, 242, 243, 244, 0, 245, 246, 0, 247, 248, 249, 250, 251, 252], [0, 0, 0, 0, 0, 0, -98, 0, 0, 0, 0, 0, 0, 0, -222, 0, 0, 0, 253, 254, 255, 256, 257, 258, 259, 260, 261, 0, 0, 262, 263, 0, 264, 0, 265, 266], [0, 0, 0, 0, 0, 0, 0, 0, 0, 0, 0, 0, 0, 0, 0, -239, 0, 0, 267, 268, 269, 270, 271, 272, 0, 273, 274, 275, 276, 277, 278, 279, 0, 280, 281, 282], [0, -15, 0, 0, -65, 0, -99, -116, -133, -150, 0, -178, 0, -207, -223, 0, -253, -267, 0, 283, 284, 285, 286, 287, 288, 0, 0, 289, 290, 291, 292, 293, 294, 295, 296, 297], [-1, -16, -29, -49, -66, 0, 0, -117, -134, -151, -164, -179, 0, 0, -224, -240, -254, -268, -283, 0, 0, 298, 299, 0, 300, 301, 302, 0, 303, 304, 305, 306, 307, 308, 309, 310], [-2, -17, -30, 0, 0, -82, -100, -118, -135, -152, -165, -180, -194, -208, -225, -241, -255, -269, -284, 0, 0, 311, 0, 312, 313, 314, 0, 315, 316, 0, 0, 317, 0, 318, 319, 320], [-3, 0, -31, -50, -67, -83, -101, -119, -136, -153, -166, -181, -195, -209, -226, 0, -256, -270, -285, -298, -311, 0, 321, 322, 323, 0, 324, 325, 326, 327, 328, 329, 0, 330, 331, 332], [-4, -18, -32, 0, -68, -84, -102, -120, -137, -154, -167, -182, -196, -210, -227, 0, -257, -271, -286, -299, 0, -321, 0, 333, 0, 334, 0, 335, 336, 337, 338, 339, 0, 340, 341, 342], [0, -19, -33, -51, -69, 0, -103, 0, -138, -155, -168, -183, -197, -211, -228, -242, -258, -272, -287, 0, -312, -322, -333, 0, 0, 343, 344, 345, 346, 347, 348, 0, 349, 350, 351, 352], [-5, -20, -34, -52, -70, 0, -104, -121, -139, -156, -169, 0, -198, -212, -229, -243, -259, 0, -288, -300, -313, -323, 0, 0, 0, 0, 0, 353, 354, 355, 356, 0, 357, 358, 359, 360], [-6, -21, -35, -53, -71, -85, -105, -122, -140, 0, -170, 0, -199, -213, -230, -244, -260, -273, 0, -301, -314, 0, -334, -343, 0, 0, 361, 362, 363, 364, 365, 366, 0, 367, 368, 369], [-7, -22, 0, -54, -72, -86, -106, -123, -141, -157, -171, -184, -200, -214, -231, 0, -261, -274, 0, -302, 0, -324, 0, -344, 0, -361, 0, 0, 370, 371, 372, 373, 374, 375, 376, 377], [-8, -23, -36, -55, 0, 0, 0, -124, -142, 0, 0, -185, -201, -215, -232, -245, 0, -275, -289, 0, -315, -325, -335, -345, -353, -362, 0, 0, 378, 379, 380, 381, 382, 383, 384, 0], [0, -24, -37, -56, -73, -87, -107, -125, -143, -158, -172, -186, 0, -216, -233, -246, 0, -276, -290, -303, -316, -326, -336, -346, -354, -363, -370, -378, 0, 385, 386, 0, 387, 388, 389, 390], [-9, 0, -38, -57, 0, -88, -108, -126, -144, -159, 0, -187, 0, -217, 0, 0, -262, -277, -291, -304, 0, -327, -337, -347, -355, -364, -371, -379, -385, 0, 391, 392, 393, 0, 394, 395], [-10, -25, -39, -58, 0, -89, -109, -127, -145, -160, -173, -188, -202, -218, -234, -247, -263, -278, -292, -305, 0, -328, -338, -348, -356, -365, -372, -380, -386, -391, 0, 396, 397, 0, 398, 399], [-11, 0, -40, -59, -74, -90, -110, -128, -146, 0, 0, -189, -203, 0, -235, -248, 0, -279, -293, -306, -317, -329, -339, 0, 0, -366, -373, -381, 0, -392, -396, 0, 400, 401, 0, 402], [-12, -26, -41, -60, -75, -91, -111, -129, 0, 0, -174, -190, 0, -219, -236, -249, -264, 0, -294, -307, 0, 0, 0, -349, -357, 0, -374, -382, -387, -393, -397, -400, 0, 0, 403, 404], [0, -27, -42, -61, -76, -92, -112, -130, 0, -161, -175, -191, -204, -220, 0, -250, 0, -280, -295, -308, -318, -330, -340, -350, -358, -367, -375, -383, -388, 0, 0, -401, 0, 0, 405, 406], [-13, -28, -43, -62, -77, -93, -113, -131, -147, -162, -176, -192, -205, -221, -237, -251, -265, -281, -296, -309, -319, -331, -341, -351, -359, -368, -376, -384, -389, -394, -398, 0, -403, -405, 0, 407], [-14, 0, -44, -63, -78, -94, -114, -132, -148, -163, 0, -193, -206, 0, -238, -252, -266, -282, -297, -310, -320, -332, -342, -352, -360, -369, -377, 0, -390, -395, -399, -402, -404, -406, -407, 0]], [[0, 0, 0, 1, 0, 0, 0, 0, 0, 0, 0, 0, 0, 0, 0, 0, 0, 0, 0, 2, 3, 4, 5, 6, 7, 8, 9, 10, 11, 12, 0, 13, 14, 15, 0, 16], [0, 0, 0, 0, 0, 0, 17, 0, 0, 0, 0, 0, 0, 0, 0, 0, 0, 0, 0, 18, 19, 0, 0, 20, 0, 21, 22, 23, 24, 25, 0, 26, 27, 28, 29, 30], [0, 0, 0, 0, 0, 0, 0, 0, 0, 0, 0, 0, 0, 31, 0, 0, 0, 0, 32, 0, 33, 34, 35, 36, 37, 38, 39, 40, 41, 42, 43, 44, 45, 0, 46, 47], [-1, 0, 0, 0, 0, 0, 0, 0, 48, 0, 49, 0, 0, 0, 0, 0, 0, 0, 50, 0, 51, 52, 53, 54, 55, 56, 0, 57, 58, 59, 60, 61, 62, 63, 64, 0], [0, 0, 0, 0, 0, 0, 0, 0, 0, 0, 0, 0, 0, 65, 0, 66, 0, 0, 67, 68, 69, 70, 0, 71, 72, 73, 74, 75, 76, 77, 78, 0, 79, 80, 0, 81], [0, 0, 0, 0, 0, 0, 82, 0, 0, 0, 83, 0, 84, 0, 0, 0, 0, 0, 85, 86, 87, 88, 89, 90, 0, 0, 91, 92, 93, 94, 95, 96, 97, 98, 0, 99], [0, -17, 0, 0, 0, -82, 0, 0, 0, 100, 0, 0, 0, 101, 0, 0, 0, 0, 102, 103, 0, 0, 0, 104, 105, 0, 106, 107, 108, 109, 0, 110, 111, 112, 113, 114], [0, 0, 0, 0, 0, 0, 0, 0, 0, 0, 0, 0, 0, 0, 0, 0, 115, 0, 116, 0, 117, 118, 119, 120, 121, 122, 0, 0, 123, 124, 0, 0, 125, 126, 127, 128], [0, 0, 0, -48, 0, 0, 0, 0, 0, 0, 0, 0, 0, 0, 0, 0, 0, 0, 129, 0, 130, 131, 0, 0, 132, 133, 134, 135, 136, 137, 0, 0, 138, 0, 139, 140], [0, 0, 0, 0, 0, 0, -100, 0, 0, 0, 141, 0, 0, 0, 142, 0, 0, 0, 143, 0, 144, 145, 146, 147, 0, 148, 149, 0, 150, 0, 151, 0, 152, 153, 154, 155], [0, 0, 0, -49, 0, -83, 0, 0, 0, -141, 0, 0, 0, 0, 0, 0, 0, 0, 0, 0, 0, 156, 157, 158, 159, 0, 160, 161, 162, 163, 164, 0, 165, 166, 167, 168], [0, 0, 0, 0, 0, 0, 0, 0, 0, 0, 0, 0, 0, 0, 0, 0, 0, 0, 0, 169, 170, 171, 172, 0, 173, 174, 175, 176, 177, 0, 178, 179, 180, 181, 0, 182], [0, 0, 0, 0, 0, -84, 0, 0, 0, 0, 0, 0, 0, 0, 0, 0, 0, 0, 183, 184, 185, 186, 187, 188, 189, 190, 191, 192, 0, 193, 194, 195, 196, 197, 0, 198], [0, 0, -31, 0, -65, 0, -101, 0, 0, 0, 0, 0, 0, 0, 0, 0, 199, 0, 200, 0, 201, 202, 203, 204, 205, 206, 207, 208, 0, 0, 209, 210, 211, 0, 212, 213], [0, 0, 0, 0, 0, 0, 0, 0, 0, -142, 0, 0, 0, 0, 0, 0, 0, 214, 215, 216, 217, 0, 218, 219, 220, 0, 0, 221, 222, 223, 0, 224, 225, 226, 0, 0], [0, 0, 0, 0, -66, 0, 0, 0, 0, 0, 0, 0, 0, 0, 0, 0, 0, 227, 0, 228, 229, 230, 231, 232, 233, 234, 235, 236, 237, 0, 238, 239, 240, 241, 0, 242], [0, 0, 0, 0, 0, 0, 0, -115, 0, 0, 0, 0, 0, -199, 0, 0, 0, 243, 244, 245, 246, 247, 248, 249, 250, 251, 0, 252, 253, 254, 255, 256, 0, 0, 257, 258], [0, 0, 0, 0, 0, 0, 0, 0, 0, 0, 0, 0, 0, 0, -214, -227, -243, 0, 259, 260, 0, 261, 262, 263, 264, 265, 0, 266, 267, 268, 0, 269, 270, 271, 272, 273], [0, 0, -32, -50, -67, -85, -102, -116, -129, -143, 0, 0, -183, -200, -215, 0, -244, -259, 0, 0, 0, 274, 275, 276, 277, 0, 278, 279, 0, 0, 0, 280, 281, 282, 283, 284], [-2, -18, 0, 0, -68, -86, -103, 0, 0, 0, 0, -169, -184, 0, -216, -228, -245, -260, 0, 0, 285, 286, 287, 288, 289, 290, 291, 0, 292, 0, 293, 294, 0, 295, 296, 297], [-3, -19, -33, -51, -69, -87, 0, -117, -130, -144, 0, -170, -185, -201, -217, -229, -246, 0, 0, -285, 0, 298, 299, 300, 301, 302, 303, 0, 304, 0, 305, 306, 307, 308, 309, 310], [-4, 0, -34, -52, -70, -88, 0, -118, -131, -145, -156, -171, -186, -202, 0, -230, -247, -261, -274, -286, -298, 0, 311, 312, 313, 0, 314, 0, 315, 316, 0, 317, 318, 319, 320, 321], [-5, 0, -35, -53, 0, -89, 0, -119, 0, -146, -157, -172, -187, -203, -218, -231, -248, -262, -275, -287, -299, -311, 0, 322, 323, 324, 325, 326, 327, 328, 329, 0, 330, 331, 332, 333], [-6, -20, -36, -54, -71, -90, -104, -120, 0, -147, -158, 0, -188, -204, -219, -232, -249, -263, -276, -288, -300, -312, -322, 0, 334, 335, 0, 336, 0, 337, 0, 338, 339, 340, 341, 342], [-7, 0, -37, -55, -72, 0, -105, -121, -132, 0, -159, -173, -189, -205, -220, -233, -250, -264, -277, -289, -301, -313, -323, -334, 0, 343, 0, 0, 344, 345, 346, 347, 348, 349, 350, 351], [-8, -21, -38, -56, -73, 0, 0, -122, -133, -148, 0, -174, -190, -206, 0, -234, -251, -265, 0, -290, -302, 0, -324, -335, -343, 0, 0, 352, 353, 354, 355, 356, 357, 358, 359, 360], [-9, -22, -39, 0, -74, -91, -106, 0, -134, -149, -160, -175, -191, -207, 0, -235, 0, 0, -278, -291, -303, -314, -325, 0, 0, 0, 0, 361, 362, 363, 364, 365, 0, 366, 0, 367], [-10, -23, -40, -57, -75, -92, -107, 0, -135, 0, -161, -176, -192, -208, -221, -236, -252, -266, -279, 0, 0, 0, -326, -336, 0, -352, -361, 0, 368, 369, 370, 0, 371, 372, 373, 374], [-11, -24, -41, -58, -76, -93, -108, -123, -136, -150, -162, -177, 0, 0, -222, -237, -253, -267, 0, -292, -304, -315, -327, 0, -344, -353, -362, -368, 0, 375, 376, 377, 378, 379, 380, 381], [-12, -25, -42, -59, -77, -94, -109, -124, -137, 0, -163, 0, -193, 0, -223, 0, -254, -268, 0, 0, 0, -316, -328, -337, -345, -354, -363, -369, -375, 0, 382, 383, 384, 0, 385, 386], [0, 0, -43, -60, -78, -95, 0, 0, 0, -151, -164, -178, -194, -209, 0, -238, -255, 0, 0, -293, -305, 0, -329, 0, -346, -355, -364, -370, -376, -382, 0, 387, 388, 389, 0, 390], [-13, -26, -44, -61, 0, -96, -110, 0, 0, 0, 0, -179, -195, -210, -224, -239, -256, -269, -280, -294, -306, -317, 0, -338, -347, -356, -365, 0, -377, -383, -387, 0, 391, 0, 392, 393], [-14, -27, -45, -62, -79, -97, -111, -125, -138, -152, -165, -180, -196, -211, -225, -240, 0, -270, -281, 0, -307, -318, -330, -339, -348, -357, 0, -371, -378, -384, -388, -391, 0, 394, 395, 396], [-15, -28, 0, -63, -80, -98, -112, -126, 0, -153, -166, -181, -197, 0, -226, -241, 0, -271, -282, -295, -308, -319, -331, -340, -349, -358, -366, -372, -379, 0, -389, 0, -394, 0, 397, 398], [0, -29, -46, -64, 0, 0, -113, -127, -139, -154, -167, 0, 0, -212, 0, 0, -257, -272, -283, -296, -309, -320, -332, -341, -350, -359, 0, -373, -380, -385, 0, -392, -395, -397, 0, 399], [-16, -30, -47, 0, -81, -99, -114, -128, -140, -155, -168, -182, -198, -213, 0, -242, -258, -273, -284, -297, -310, -321, -333, -342, -351, -360, -367, -374, -381, -386, -390, -393, -396, -398, -399, 0]], [[0, 0, 0, 0, 0, 0, 0, 0, 0, 0, 0, 0, 0, 0, 0, 0, 0, 0, 0, 0, 0, 1, 2, 3, 4, 5, 6, 7, 0, 8, 9, 0, 10, 11, 12, 13], [0, 0, 0, 0, 0, 0, 0, 0, 0, 0, 0, 14, 0, 0, 0, 15, 0, 0, 16, 17, 18, 19, 20, 21, 0, 22, 23, 24, 25, 26, 0, 27, 28, 29, 30, 31], [0, 0, 0, 32, 0, 0, 0, 0, 0, 0, 0, 0, 0, 33, 0, 0, 0, 0, 34, 35, 36, 37, 0, 0, 38, 39, 40, 41, 42, 43, 44, 45, 46, 47, 48, 49], [0, 0, -32, 0, 0, 0, 0, 0, 0, 0, 0, 0, 0, 0, 0, 0, 0, 0, 0, 0, 50, 51, 52, 53, 54, 55, 56, 57, 58, 59, 60, 61, 0, 62, 63, 64], [0, 0, 0, 0, 0, 0, 0, 0, 0, 0, 0, 0, 0, 0, 65, 66, 0, 0, 67, 68, 69, 70, 71, 0, 72, 73, 74, 75, 0, 0, 76, 77, 78, 79, 80, 81], [0, 0, 0, 0, 0, 0, 0, 0, 0, 82, 0, 0, 83, 0, 0, 0, 0, 0, 0, 84, 85, 86, 87, 88, 89, 90, 91, 92, 0, 0, 93, 94, 95, 0, 96, 97], [0, 0, 0, 0, 0, 0, 0, 0, 98, 0, 0, 0, 0, 0, 0, 0, 0, 0, 99, 100, 101, 102, 103, 104, 105, 106, 107, 108, 109, 110, 111, 112, 113, 0, 114, 115], [0, 0, 0, 0, 0, 0, 0, 0, 0, 0, 0, 0, 0, 0, 116, 117, 0, 0, 118, 119, 120, 121, 122, 123, 124, 0, 125, 126, 127, 128, 129, 130, 131, 132, 133, 134], [0, 0, 0, 0, 0, 0, -98, 0, 0, 0, 0, 0, 0, 0, 0, 0, 0, 0, 135, 136, 0, 0, 137, 138, 0, 139, 140, 141, 142, 143, 144, 145, 146, 147, 148, 149], [0, 0, 0, 0, 0, -82, 0, 0, 0, 0, 0, 0, 0, 0, 150, 0, 0, 0, 151, 152, 153, 154, 0, 155, 156, 157, 158, 159, 0, 160, 161, 0, 0, 162, 0, 163], [0, 0, 0, 0, 0, 0, 0, 0, 0, 0, 0, 0, 0, 0, 0, 0, 0, 0, 0, 164, 165, 166, 167, 168, 169, 0, 0, 0, 170, 171, 172, 0, 0, 0, 173, 174], [0, -14, 0, 0, 0, 0, 0, 0, 0, 0, 0, 0, 0, 175, 0, 0, 0, 0, 176, 177, 178, 179, 180, 181, 182, 183, 184, 185, 186, 187, 188, 189, 190, 191, 192, 193], [0, 0, 0, 0, 0, -83, 0, 0, 0, 0, 0, 0, 0, 0, 0, 194, 0, 0, 0, 195, 196, 197, 0, 198, 199, 200, 0, 201, 202, 203, 204, 205, 206, 207, 208, 209], [0, 0, -33, 0, 0, 0, 0, 0, 0, 0, 0, -175, 0, 0, 0, 0, 0, 0, 0, 210, 211, 212, 213, 214, 215, 216, 217, 218, 0, 219, 220, 221, 222, 0, 223, 224], [0, 0, 0, 0, -65, 0, 0, -116, 0, -150, 0, 0, 0, 0, 0, 0, 0, 225, 0, 0, 226, 227, 228, 0, 229, 230, 0, 231, 232, 233, 234, 235, 236, 237, 238, 0], [0, -15, 0, 0, -66, 0, 0, -117, 0, 0, 0, 0, -194, 0, 0, 0, 0, 0, 239, 240, 241, 242, 243, 244, 245, 0, 246, 247, 0, 248, 249, 250, 251, 252, 253, 254], [0, 0, 0, 0, 0, 0, 0, 0, 0, 0, 0, 0, 0, 0, 0, 0, 0, 0, 255, 256, 257, 258, 259, 260, 261, 262, 0, 263, 264, 265, 0, 266, 267, 268, 269, 270], [0, 0, 0, 0, 0, 0, 0, 0, 0, 0, 0, 0, 0, 0, -225, 0, 0, 0, 271, 272, 273, 0, 0, 274, 275, 276, 277, 278, 279, 280, 281, 282, 0, 283, 284, 0], [0, -16, -34, 0, -67, 0, -99, -118, -135, -151, 0, -176, 0, 0, 0, -239, -255, -271, 0, 285, 286, 0, 287, 288, 289, 290, 291, 292, 293, 0, 294, 295, 0, 296, 297, 298], [0, -17, -35, 0, -68, -84, -100, -119, -136, -152, -164, -177, -195, -210, 0, -240, -256, -272, -285, 0, 0, 299, 300, 301, 302, 303, 304, 305, 306, 0, 307, 308, 309, 310, 311, 312], [0, -18, -36, -50, -69, -85, -101, -120, 0, -153, -165, -178, -196, -211, -226, -241, -257, -273, -286, 0, 0, 0, 0, 0, 0, 313, 314, 0, 315, 316, 317, 318, 319, 320, 321, 322], [-1, -19, -37, -51, -70, -86, -102, -121, 0, -154, -166, -179, -197, -212, -227, -242, -258, 0, 0, -299, 0, 0, 0, 323, 324, 325, 0, 326, 0, 327, 328, 329, 330, 331, 332, 0], [-2, -20, 0, -52, -71, -87, -103, -122, -137, 0, -167, -180, 0, -213, -228, -243, -259, 0, -287, -300, 0, 0, 0, 0, 333, 334, 335, 336, 0, 0, 337, 338, 0, 339, 340, 341], [-3, -21, 0, -53, 0, -88, -104, -123, -138, -155, -168, -181, -198, -214, 0, -244, -260, -274, -288, -301, 0, -323, 0, 0, 342, 343, 344, 345, 346, 347, 348, 349, 350, 351, 352, 353], [-4, 0, -38, -54, -72, -89, -105, -124, 0, -156, -169, -182, -199, -215, -229, -245, -261, -275, -289, -302, 0, -324, -333, -342, 0, 354, 355, 356, 357, 358, 359, 0, 360, 0, 361, 362], [-5, -22, -39, -55, -73, -90, -106, 0, -139, -157, 0, -183, -200, -216, -230, 0, -262, -276, -290, -303, -313, -325, -334, -343, -354, 0, 0, 363, 364, 0, 365, 366, 367, 368, 369, 0], [-6, -23, -40, -56, -74, -91, -107, -125, -140, -158, 0, -184, 0, -217, 0, -246, 0, -277, -291, -304, -314, 0, -335, -344, -355, 0, 0, 370, 371, 372, 373, 0, 374, 375, 376, 377], [-7, -24, -41, -57, -75, -92, -108, -126, -141, -159, 0, -185, -201, -218, -231, -247, -263, -278, -292, -305, 0, -326, -336, -345, -356, -363, -370, 0, 378, 379, 380, 381, 382, 383, 0, 0], [0, -25, -42, -58, 0, 0, -109, -127, -142, 0, -170, -186, -202, 0, -232, 0, -264, -279, -293, -306, -315, 0, 0, -346, -357, -364, -371, -378, 0, 384, 385, 386, 387, 388, 389, 390], [-8, -26, -43, -59, 0, 0, -110, -128, -143, -160, -171, -187, -203, -219, -233, -248, -265, -280, 0, 0, -316, -327, 0, -347, -358, 0, -372, -379, -384, 0, 391, 392, 393, 394, 395, 396], [-9, 0, -44, -60, -76, -93, -111, -129, -144, -161, -172, -188, -204, -220, -234, -249, 0, -281, -294, -307, -317, -328, -337, -348, -359, -365, -373, -380, -385, -391, 0, 397, 398, 399, 400, 401], [0, -27, -45, -61, -77, -94, -112, -130, -145, 0, 0, -189, -205, -221, -235, -250, -266, -282, -295, -308, -318, -329, -338, -349, 0, -366, 0, -381, -386, -392, -397, 0, 0, 402, 403, 404], [-10, -28, -46, 0, -78, -95, -113, -131, -146, 0, 0, -190, -206, -222, -236, -251, -267, 0, 0, -309, -319, -330, 0, -350, -360, -367, -374, -382, -387, -393, -398, 0, 0, 405, 406, 407], [-11, -29, -47, -62, -79, 0, 0, -132, -147, -162, 0, -191, -207, 0, -237, -252, -268, -283, -296, -310, -320, -331, -339, -351, 0, -368, -375, -383, -388, -394, -399, -402, -405, 0, 0, 0], [-12, -30, -48, -63, -80, -96, -114, -133, -148, 0, -173, -192, -208, -223, -238, -253, -269, -284, -297, -311, -321, -332, -340, -352, -361, -369, -376, 0, -389, -395, -400, -403, -406, 0, 0, 0], [-13, -31, -49, -64, -81, -97, -115, -134, -149, -163, -174, -193, -209, -224, 0, -254, -270, 0, -298, -312, -322, 0, -341, -353, -362, 0, -377, 0, -390, -396, -401, -404, -407, 0, 0, 0]], [[0, 0, 0, 0, 1, 0, 0, 0, 0, 0, 0, 0, 0, 0, 0, 0, 0, 0, 2, 3, 0, 4, 5, 6, 0, 7, 8, 0, 9, 10, 11, 12, 13, 0, 14, 15], [0, 0, 0, 0, 0, 16, 0, 0, 0, 0, 0, 0, 0, 0, 0, 0, 0, 0, 17, 18, 19, 20, 21, 22, 23, 24, 25, 0, 26, 27, 0, 0, 28, 29, 0, 30], [0, 0, 0, 0, 0, 0, 31, 0, 0, 0, 0, 0, 0, 0, 0, 0, 0, 0, 32, 33, 34, 35, 36, 37, 38, 39, 40, 41, 42, 43, 44, 0, 0, 45, 0, 46], [0, 0, 0, 0, 0, 0, 0, 0, 0, 0, 0, 0, 47, 0, 0, 0, 48, 0, 0, 49, 50, 51, 52, 53, 0, 54, 55, 56, 57, 58, 59, 0, 0, 60, 61, 62], [-1, 0, 0, 0, 0, 0, 0, 0, 0, 0, 0, 0, 0, 0, 0, 0, 0, 0, 63, 64, 65, 66, 0, 67, 0, 68, 69, 70, 71, 72, 0, 73, 0, 74, 75, 76], [0, -16, 0, 0, 0, 0, 0, 0, 0, 0, 0, 0, 0, 0, 0, 0, 0, 77, 0, 78, 0, 79, 80, 81, 82, 83, 0, 84, 0, 0, 85, 86, 0, 0, 87, 88], [0, 0, -31, 0, 0, 0, 0, 0, 0, 0, 0, 0, 0, 0, 0, 0, 0, 0, 89, 0, 0, 90, 91, 0, 92, 93, 94, 95, 96, 97, 98, 99, 100, 101, 102, 103], [0, 0, 0, 0, 0, 0, 0, 0, 104, 0, 0, 0, 0, 0, 0, 0, 0, 105, 106, 0, 107, 108, 0, 109, 110, 111, 112, 0, 113, 114, 0, 115, 116, 0, 117, 118], [0, 0, 0, 0, 0, 0, 0, -104, 0, 0, 0, 0, 0, 0, 0, 0, 0, 0, 119, 120, 121, 122, 123, 124, 125, 126, 127, 128, 0, 129, 130, 131, 132, 133, 134, 135], [0, 0, 0, 0, 0, 0, 0, 0, 0, 0, 0, 0, 0, 0, 0, 0, 0, 0, 136, 137, 0, 138, 0, 0, 139, 140, 141, 142, 143, 0, 0, 0, 144, 0, 145, 146], [0, 0, 0, 0, 0, 0, 0, 0, 0, 0, 0, 0, 0, 0, 0, 0, 0, 0, 0, 147, 148, 149, 150, 151, 152, 0, 0, 153, 154, 155, 156, 157, 158, 159, 160, 161], [0, 0, 0, 0, 0, 0, 0, 0, 0, 0, 0, 0, 0, 0, 0, 0, 0, 0, 162, 163, 164, 165, 166, 167, 168, 0, 169, 0, 170, 0, 171, 172, 173, 174, 175, 176], [0, 0, 0, -47, 0, 0, 0, 0, 0, 0, 0, 0, 0, 0, 0, 177, 0, 0, 178, 179, 180, 181, 182, 183, 0, 184, 185, 186, 0, 187, 188, 189, 0, 0, 190, 191], [0, 0, 0, 0, 0, 0, 0, 0, 0, 0, 0, 0, 0, 0, 0, 0, 0, 0, 192, 193, 194, 0, 195, 196, 197, 198, 199, 200, 201, 202, 203, 204, 205, 206, 207, 0], [0, 0, 0, 0, 0, 0, 0, 0, 0, 0, 0, 0, 0, 0, 0, 0, 0, 0, 208, 209, 210, 211, 212, 213, 0, 0, 214, 215, 216, 217, 218, 219, 0, 220, 0, 0], [0, 0, 0, 0, 0, 0, 0, 0, 0, 0, 0, 0, -177, 0, 0, 0, 0, 0, 0, 221, 222, 0, 223, 224, 225, 226, 227, 228, 229, 230, 231, 232, 233, 0, 0, 0], [0, 0, 0, -48, 0, 0, 0, 0, 0, 0, 0, 0, 0, 0, 0, 0, 0, 234, 235, 236, 0, 237, 238, 239, 240, 241, 242, 243, 244, 245, 246, 247, 0, 248, 249, 250], [0, 0, 0, 0, 0, -77, 0, -105, 0, 0, 0, 0, 0, 0, 0, 0, -234, 0, 0, 0, 251, 252, 0, 253, 254, 255, 0, 0, 256, 257, 258, 259, 260, 0, 261, 262], [-2, -17, -32, 0, -63, 0, -89, -106, -119, -136, 0, -162, -178, -192, -208, 0, -235, 0, 0, 263, 264, 265, 0, 266, 267, 268, 269, 270, 271, 272, 273, 274, 275, 276, 0, 277], [-3, -18, -33, -49, -64, -78, 0, 0, -120, -137, -147, -163, -179, -193, -209, -221, -236, 0, -263, 0, 0, 278, 279, 280, 281, 282, 283, 0, 284, 285, 286, 287, 288, 289, 290, 291], [0, -19, -34, -50, -65, 0, 0, -107, -121, 0, -148, -164, -180, -194, -210, -222, 0, -251, -264, 0, 0, 292, 293, 294, 0, 295, 296, 297, 298, 299, 300, 301, 302, 303, 304, 305], [-4, -20, -35, -51, -66, -79, -90, -108, -122, -138, -149, -165, -181, 0, -211, 0, -237, -252, -265, -278, -292, 0, 306, 307, 308, 0, 309, 310, 311, 312, 313, 314, 315, 316, 317, 0], [-5, -21, -36, -52, 0, -80, -91, 0, -123, 0, -150, -166, -182, -195, -212, -223, -238, 0, 0, -279, -293, -306, 0, 318, 319, 0, 320, 321, 322, 323, 324, 325, 326, 327, 328, 329], [-6, -22, -37, -53, -67, -81, 0, -109, -124, 0, -151, -167, -183, -196, -213, -224, -239, -253, -266, -280, -294, -307, -318, 0, 330, 0, 0, 331, 332, 333, 334, 335, 336, 0, 337, 0], [0, -23, -38, 0, 0, -82, -92, -110, -125, -139, -152, -168, 0, -197, 0, -225, -240, -254, -267, -281, 0, -308, -319, -330, 0, 0, 0, 338, 0, 0, 339, 340, 341, 342, 343, 0], [-7, -24, -39, -54, -68, -83, -93, -111, -126, -140, 0, 0, -184, -198, 0, -226, -241, -255, -268, -282, -295, 0, 0, 0, 0, 0, 344, 345, 346, 0, 347, 0, 348, 349, 350, 351], [-8, -25, -40, -55, -69, 0, -94, -112, -127, -141, 0, -169, -185, -199, -214, -227, -242, 0, -269, -283, -296, -309, -320, 0, 0, -344, 0, 352, 353, 354, 355, 356, 357, 358, 359, 360], [0, 0, -41, -56, -70, -84, -95, 0, -128, -142, -153, 0, -186, -200, -215, -228, -243, 0, -270, 0, -297, -310, -321, -331, -338, -345, -352, 0, 361, 362, 0, 363, 364, 365, 366, 0], [-9, -26, -42, -57, -71, 0, -96, -113, 0, -143, -154, -170, 0, -201, -216, -229, -244, -256, -271, -284, -298, -311, -322, -332, 0, -346, -353, -361, 0, 367, 368, 369, 370, 0, 371, 372], [-10, -27, -43, -58, -72, 0, -97, -114, -129, 0, -155, 0, -187, -202, -217, -230, -245, -257, -272, -285, -299, -312, -323, -333, 0, 0, -354, -362, -367, 0, 373, 0, 374, 0, 375, 0], [-11, 0, -44, -59, 0, -85, -98, 0, -130, 0, -156, -171, -188, -203, -218, -231, -246, -258, -273, -286, -300, -313, -324, -334, -339, -347, -355, 0, -368, -373, 0, 376, 0, 377, 378, 0], [-12, 0, 0, 0, -73, -86, -99, -115, -131, 0, -157, -172, -189, -204, -219, -232, -247, -259, -274, -287, -301, -314, -325, -335, -340, 0, -356, -363, -369, 0, -376, 0, 0, 379, 380, 381], [-13, -28, 0, 0, 0, 0, -100, -116, -132, -144, -158, -173, 0, -205, 0, -233, 0, -260, -275, -288, -302, -315, -326, -336, -341, -348, -357, -364, -370, -374, 0, 0, 0, 382, 383, 384], [0, -29, -45, -60, -74, 0, -101, 0, -133, 0, -159, -174, 0, -206, -220, 0, -248, 0, -276, -289, -303, -316, -327, 0, -342, -349, -358, -365, 0, 0, -377, -379, -382, 0, 385, 0], [-14, 0, 0, -61, -75, -87, -102, -117, -134, -145, -160, -175, -190, -207, 0, 0, -249, -261, 0, -290, -304, -317, -328, -337, -343, -350, -359, -366, -371, -375, -378, -380, -383, -385, 0, 386], [-15, -30, -46, -62, -76, -88, -103, -118, -135, -146, -161, -176, -191, 0, 0, 0, -250, -262, -277, -291, -305, 0, -329, 0, 0, -351, -360, 0, -372, 0, 0, -381, -384, 0, -386, 0]], [[0, 0, 0, 0, 1, 0, 0, 0, 0, 0, 0, 0, 0, 0, 0, 0, 0, 0, 2, 0, 3, 4, 5, 6, 7, 8, 9, 10, 0, 0, 11, 12, 13, 0, 14, 0], [0, 0, 15, 0, 0, 0, 0, 0, 0, 0, 0, 0, 0, 0, 0, 16, 0, 0, 17, 18, 19, 20, 21, 22, 0, 0, 23, 24, 25, 26, 27, 28, 29, 30, 31, 32], [0, -15, 0, 0, 0, 0, 0, 0, 0, 0, 0, 0, 0, 0, 0, 0, 0, 0, 33, 34, 35, 36, 37, 38, 39, 40, 41, 42, 43, 44, 45, 46, 47, 0, 48, 49], [0, 0, 0, 0, 0, 50, 0, 0, 51, 0, 0, 0, 52, 0, 53, 0, 0, 0, 0, 54, 0, 55, 0, 0, 56, 57, 58, 0, 59, 60, 61, 62, 0, 63, 0, 64], [-1, 0, 0, 0, 0, 65, 66, 0, 0, 0, 0, 0, 0, 0, 0, 0, 0, 0, 67, 68, 69, 70, 71, 72, 73, 0, 74, 75, 76, 77, 78, 79, 0, 80, 81, 82], [0, 0, 0, -50, -65, 0, 0, 0, 83, 84, 0, 85, 0, 0, 0, 0, 0, 0, 86, 87, 88, 0, 89, 90, 91, 0, 92, 93, 94, 0, 95, 96, 97, 98, 99, 100], [0, 0, 0, 0, -66, 0, 0, 0, 0, 0, 0, 0, 0, 0, 0, 0, 0, 0, 101, 102, 103, 104, 105, 106, 107, 108, 109, 110, 111, 112, 113, 0, 114, 0, 115, 116], [0, 0, 0, 0, 0, 0, 0, 0, 0, 0, 0, 0, 0, 0, 117, 0, 0, 0, 0, 118, 0, 119, 120, 121, 122, 123, 124, 125, 126, 127, 128, 129, 130, 131, 132, 133], [0, 0, 0, -51, 0, -83, 0, 0, 0, 0, 0, 134, 0, 0, 0, 0, 0, 0, 135, 136, 0, 137, 138, 139, 0, 140, 141, 142, 143, 144, 145, 146, 147, 148, 149, 150], [0, 0, 0, 0, 0, -84, 0, 0, 0, 0, 0, 151, 0, 0, 0, 0, 0, 0, 152, 153, 154, 155, 156, 0, 157, 158, 159, 160, 161, 162, 163, 164, 165, 166, 167, 168], [0, 0, 0, 0, 0, 0, 0, 0, 0, 0, 0, 0, 169, 0, 170, 0, 0, 0, 171, 172, 173, 174, 175, 176, 177, 178, 179, 180, 181, 182, 183, 0, 184, 185, 186, 187], [0, 0, 0, 0, 0, -85, 0, 0, -134, -151, 0, 0, 0, 0, 0, 0, 0, 0, 188, 189, 190, 0, 0, 191, 192, 193, 194, 195, 196, 197, 198, 0, 199, 200, 201, 202], [0, 0, 0, -52, 0, 0, 0, 0, 0, 0, -169, 0, 0, 0, 0, 0, 0, 0, 203, 0, 204, 205, 206, 207, 208, 209, 210, 211, 212, 213, 214, 215, 0, 216, 0, 217], [0, 0, 0, 0, 0, 0, 0, 0, 0, 0, 0, 0, 0, 0, 0, 0, 0, 0, 218, 219, 220, 221, 0, 222, 223, 224, 0, 0, 225, 226, 227, 228, 229, 230, 231, 232], [0, 0, 0, -53, 0, 0, 0, -117, 0, 0, -170, 0, 0, 0, 0, 0, 0, 0, 233, 234, 0, 235, 236, 237, 238, 239, 0, 240, 241, 242, 243, 244, 245, 246, 247, 248], [0, -16, 0, 0, 0, 0, 0, 0, 0, 0, 0, 0, 0, 0, 0, 0, 0, 0, 249, 250, 251, 252, 253, 254, 255, 256, 257, 258, 259, 260, 261, 262, 263, 264, 0, 265], [0, 0, 0, 0, 0, 0, 0, 0, 0, 0, 0, 0, 0, 0, 0, 0, 0, 0, 266, 0, 267, 0, 0, 268, 269, 270, 0, 271, 272, 273, 274, 275, 276, 277, 278, 279], [0, 0, 0, 0, 0, 0, 0, 0, 0, 0, 0, 0, 0, 0, 0, 0, 0, 0, 280, 281, 282, 283, 284, 285, 286, 287, 288, 289, 290, 291, 292, 293, 294, 295, 0, 296], [-2, -17, -33, 0, -67, -86, -101, 0, -135, -152, -171, -188, -203, -218, -233, -249, -266, -280, 0, 297, 0, 0, 298, 299, 300, 301, 0, 302, 0, 303, 0, 304, 305, 306, 0, 307], [0, -18, -34, -54, -68, -87, -102, -118, -136, -153, -172, -189, 0, -219, -234, -250, 0, -281, -297, 0, 308, 309, 0, 310, 311, 312, 313, 314, 315, 316, 317, 318, 319, 0, 320, 0], [-3, -19, -35, 0, -69, -88, -103, 0, 0, -154, -173, -190, -204, -220, 0, -251, -267, -282, 0, -308, 0, 321, 322, 323, 324, 325, 326, 327, 0, 0, 328, 329, 0, 330, 331, 332], [-4, -20, -36, -55, -70, 0, -104, -119, -137, -155, -174, 0, -205, -221, -235, -252, 0, -283, 0, -309, -321, 0, 333, 0, 334, 335, 336, 337, 0, 338, 339, 340, 341, 0, 342, 343], [-5, -21, -37, 0, -71, -89, -105, -120, -138, -156, -175, 0, -206, 0, -236, -253, 0, -284, -298, 0, -322, -333, 0, 344, 0, 345, 346, 347, 0, 348, 349, 0, 350, 351, 0, 352], [-6, -22, -38, 0, -72, -90, -106, -121, -139, 0, -176, -191, -207, -222, -237, -254, -268, -285, -299, -310, -323, 0, -344, 0, 353, 354, 355, 0, 356, 357, 0, 358, 359, 360, 0, 361], [-7, 0, -39, -56, -73, -91, -107, -122, 0, -157, -177, -192, -208, -223, -238, -255, -269, -286, -300, -311, -324, -334, 0, -353, 0, 362, 363, 364, 365, 366, 367, 368, 369, 0, 370, 371], [-8, 0, -40, -57, 0, 0, -108, -123, -140, -158, -178, -193, -209, -224, -239, -256, -270, -287, -301, -312, -325, -335, -345, -354, -362, 0, 372, 373, 374, 375, 376, 377, 378, 379, 380, 381], [-9, -23, -41, -58, -74, -92, -109, -124, -141, -159, -179, -194, -210, 0, 0, -257, 0, -288, 0, -313, -326, -336, -346, -355, -363, -372, 0, 0, 382, 383, 384, 0, 385, 386, 387, 388], [-10, -24, -42, 0, -75, -93, -110, -125, -142, -160, -180, -195, -211, 0, -240, -258, -271, -289, -302, -314, -327, -337, -347, 0, -364, -373, 0, 0, 0, 389, 0, 390, 391, 392, 393, 394], [0, -25, -43, -59, -76, -94, -111, -126, -143, -161, -181, -196, -212, -225, -241, -259, -272, -290, 0, -315, 0, 0, 0, -356, -365, -374, -382, 0, 0, 395, 396, 397, 398, 399, 400, 0], [0, -26, -44, -60, -77, 0, -112, -127, -144, -162, -182, -197, -213, -226, -242, -260, -273, -291, -303, -316, 0, -338, -348, -357, -366, -375, -383, -389, -395, 0, 401, 402, 403, 404, 405, 0], [-11, -27, -45, -61, -78, -95, -113, -128, -145, -163, -183, -198, -214, -227, -243, -261, -274, -292, 0, -317, -328, -339, -349, 0, -367, -376, -384, 0, -396, -401, 0, 406, 407, 408, 0, 409], [-12, -28, -46, -62, -79, -96, 0, -129, -146, -164, 0, 0, -215, -228, -244, -262, -275, -293, -304, -318, -329, -340, 0, -358, -368, -377, 0, -390, -397, -402, -406, 0, 410, 411, 412, 0], [-13, -29, -47, 0, 0, -97, -114, -130, -147, -165, -184, -199, 0, -229, -245, -263, -276, -294, -305, -319, 0, -341, -350, -359, -369, -378, -385, -391, -398, -403, -407, -410, 0, 413, 0, 0], [0, -30, 0, -63, -80, -98, 0, -131, -148, -166, -185, -200, -216, -230, -246, -264, -277, -295, -306, 0, -330, 0, -351, -360, 0, -379, -386, -392, -399, -404, -408, -411, -413, 0, 414, 415], [-14, -31, -48, 0, -81, -99, -115, -132, -149, -167, -186, -201, 0, -231, -247, 0, -278, 0, 0, -320, -331, -342, 0, 0, -370, -380, -387, -393, -400, -405, 0, -412, 0, -414, 0, 416], [0, -32, -49, -64, -82, -100, -116, -133, -150, -168, -187, -202, -217, -232, -248, -265, -279, -296, -307, 0, -332, -343, -352, -361, -371, -381, -388, -394, 0, 0, -409, 0, 0, -415, -416, 0]], [[0, 0, 0, 0, 0, 0, 0, 1, 0, 0, 0, 0, 0, 0, 0, 0, 0, 0, 2, 3, 4, 5, 6, 7, 0, 8, 0, 9, 10, 11, 12, 13, 14, 15, 0, 0], [0, 0, 0, 16, 0, 17, 0, 0, 18, 0, 0, 0, 0, 0, 0, 0, 0, 0, 19, 0, 20, 0, 21, 22, 23, 24, 25, 26, 27, 28, 29, 30, 31, 32, 33, 34], [0, 0, 0, 0, 0, 0, 0, 0, 35, 0, 0, 0, 0, 0, 0, 0, 0, 0, 36, 37, 38, 0, 39, 40, 41, 42, 0, 43, 44, 45, 46, 0, 47, 0, 48, 49], [0, -16, 0, 0, 0, 0, 0, 0, 0, 0, 0, 0, 50, 0, 0, 0, 51, 0, 52, 53, 0, 0, 54, 55, 56, 57, 0, 58, 59, 60, 0, 61, 62, 0, 63, 0], [0, 0, 0, 0, 0, 0, 0, 0, 0, 0, 0, 0, 0, 0, 0, 0, 0, 0, 0, 64, 65, 66, 67, 68, 69, 70, 71, 72, 73, 74, 75, 0, 76, 0, 77, 78], [0, -17, 0, 0, 0, 0, 79, 0, 0, 0, 0, 0, 0, 0, 0, 0, 0, 0, 80, 81, 0, 82, 83, 0, 84, 85, 86, 87, 88, 0, 89, 90, 91, 92, 93, 0], [0, 0, 0, 0, 0, -79, 0, 94, 0, 0, 0, 0, 0, 0, 0, 0, 95, 96, 97, 0, 98, 99, 100, 101, 102, 103, 104, 105, 106, 107, 108, 109, 110, 0, 111, 112], [-1, 0, 0, 0, 0, 0, -94, 0, 0, 0, 0, 113, 0, 0, 0, 0, 0, 0, 0, 114, 115, 116, 0, 117, 118, 119, 120, 121, 122, 123, 0, 124, 125, 126, 0, 127], [0, -18, -35, 0, 0, 0, 0, 0, 0, 128, 0, 0, 0, 0, 0, 0, 0, 0, 129, 130, 131, 132, 133, 134, 135, 136, 137, 138, 139, 140, 141, 142, 143, 144, 145, 146], [0, 0, 0, 0, 0, 0, 0, 0, -128, 0, 0, 0, 147, 0, 0, 0, 0, 0, 148, 149, 150, 151, 152, 153, 154, 0, 0, 155, 156, 157, 158, 159, 160, 0, 0, 0], [0, 0, 0, 0, 0, 0, 0, 0, 0, 0, 0, 0, 0, 0, 0, 0, 161, 0, 162, 163, 164, 165, 166, 167, 168, 169, 0, 170, 171, 172, 0, 173, 174, 175, 176, 177], [0, 0, 0, 0, 0, 0, 0, -113, 0, 0, 0, 0, 0, 0, 0, 0, 0, 178, 179, 0, 180, 181, 182, 183, 184, 185, 186, 0, 187, 188, 189, 190, 191, 192, 193, 194], [0, 0, 0, -50, 0, 0, 0, 0, 0, -147, 0, 0, 0, 0, 195, 0, 0, 0, 0, 196, 197, 198, 199, 200, 201, 202, 203, 204, 0, 205, 206, 207, 208, 209, 210, 211], [0, 0, 0, 0, 0, 0, 0, 0, 0, 0, 0, 0, 0, 0, 0, 0, 0, 0, 212, 0, 213, 214, 0, 215, 216, 217, 218, 219, 220, 221, 0, 222, 223, 0, 0, 224], [0, 0, 0, 0, 0, 0, 0, 0, 0, 0, 0, 0, -195, 0, 0, 0, 0, 0, 225, 0, 226, 227, 0, 0, 228, 0, 229, 230, 231, 232, 233, 234, 235, 0, 236, 237], [0, 0, 0, 0, 0, 0, 0, 0, 0, 0, 0, 0, 0, 0, 0, 0, 0, 0, 238, 239, 240, 241, 0, 242, 243, 244, 245, 246, 247, 248, 249, 250, 251, 0, 252, 253], [0, 0, 0, -51, 0, 0, -95, 0, 0, 0, -161, 0, 0, 0, 0, 0, 0, 0, 254, 255, 256, 0, 257, 258, 259, 260, 261, 262, 263, 264, 265, 266, 0, 267, 268, 0], [0, 0, 0, 0, 0, 0, -96, 0, 0, 0, 0, -178, 0, 0, 0, 0, 0, 0, 269, 270, 271, 272, 273, 274, 275, 276, 277, 278, 279, 280, 281, 282, 0, 283, 284, 285], [-2, -19, -36, -52, 0, -80, -97, 0, -129, -148, -162, -179, 0, -212, -225, -238, -254, -269, 0, 286, 0, 287, 288, 289, 290, 291, 0, 0, 292, 0, 293, 294, 295, 296, 0, 297], [-3, 0, -37, -53, -64, -81, 0, -114, -130, -149, -163, 0, -196, 0, 0, -239, -255, -270, -286, 0, 298, 299, 300, 301, 302, 303, 304, 305, 306, 307, 308, 0, 309, 310, 311, 0], [-4, -20, -38, 0, -65, 0, -98, -115, -131, -150, -164, -180, -197, -213, -226, -240, -256, -271, 0, -298, 0, 312, 0, 313, 314, 315, 316, 0, 317, 318, 0, 319, 320, 321, 322, 323], [-5, 0, 0, 0, -66, -82, -99, -116, -132, -151, -165, -181, -198, -214, -227, -241, 0, -272, -287, -299, -312, 0, 324, 325, 326, 327, 328, 329, 330, 331, 332, 0, 0, 333, 334, 0], [-6, -21, -39, -54, -67, -83, -100, 0, -133, -152, -166, -182, -199, 0, 0, 0, -257, -273, -288, -300, 0, -324, 0, 335, 336, 337, 338, 339, 340, 0, 341, 342, 0, 343, 344, 345], [-7, -22, -40, -55, -68, 0, -101, -117, -134, -153, -167, -183, -200, -215, 0, -242, -258, -274, -289, -301, -313, -325, -335, 0, 346, 347, 348, 0, 349, 350, 351, 352, 353, 354, 355, 0], [0, -23, -41, -56, -69, -84, -102, -118, -135, -154, -168, -184, -201, -216, -228, -243, -259, -275, -290, -302, -314, -326, -336, -346, 0, 356, 0, 357, 0, 358, 359, 360, 361, 362, 363, 364], [-8, -24, -42, -57, -70, -85, -103, -119, -136, 0, -169, -185, -202, -217, 0, -244, -260, -276, -291, -303, -315, -327, -337, -347, -356, 0, 365, 366, 367, 368, 369, 370, 371, 372, 373, 0], [0, -25, 0, 0, -71, -86, -104, -120, -137, 0, 0, -186, -203, -218, -229, -245, -261, -277, 0, -304, -316, -328, -338, -348, 0, -365, 0, 0, 374, 375, 376, 377, 378, 0, 379, 380], [-9, -26, -43, -58, -72, -87, -105, -121, -138, -155, -170, 0, -204, -219, -230, -246, -262, -278, 0, -305, 0, -329, -339, 0, -357, -366, 0, 0, 381, 382, 383, 0, 384, 385, 386, 387], [-10, -27, -44, -59, -73, -88, -106, -122, -139, -156, -171, -187, 0, -220, -231, -247, -263, -279, -292, -306, -317, -330, -340, -349, 0, -367, -374, -381, 0, 388, 389, 0, 390, 391, 392, 393], [-11, -28, -45, -60, -74, 0, -107, -123, -140, -157, -172, -188, -205, -221, -232, -248, -264, -280, 0, -307, -318, -331, 0, -350, -358, -368, -375, -382, -388, 0, 394, 395, 0, 396, 397, 398], [-12, -29, -46, 0, -75, -89, -108, 0, -141, -158, 0, -189, -206, 0, -233, -249, -265, -281, -293, -308, 0, -332, -341, -351, -359, -369, -376, -383, -389, -394, 0, 399, 400, 0, 401, 402], [-13, -30, 0, -61, 0, -90, -109, -124, -142, -159, -173, -190, -207, -222, -234, -250, -266, -282, -294, 0, -319, 0, -342, -352, -360, -370, -377, 0, 0, -395, -399, 0, 403, 404, 405, 406], [-14, -31, -47, -62, -76, -91, -110, -125, -143, -160, -174, -191, -208, -223, -235, -251, 0, 0, -295, -309, -320, 0, 0, -353, -361, -371, -378, -384, -390, 0, -400, -403, 0, 407, 408, 409], [-15, -32, 0, 0, 0, -92, 0, -126, -144, 0, -175, -192, -209, 0, 0, 0, -267, -283, -296, -310, -321, -333, -343, -354, -362, -372, 0, -385, -391, -396, 0, -404, -407, 0, 410, 411], [0, -33, -48, -63, -77, -93, -111, 0, -145, 0, -176, -193, -210, 0, -236, -252, -268, -284, 0, -311, -322, -334, -344, -355, -363, -373, -379, -386, -392, -397, -401, -405, -408, -410, 0, 412], [0, -34, -49, 0, -78, 0, -112, -127, -146, 0, -177, -194, -211, -224, -237, -253, 0, -285, -297, 0, -323, 0, -345, 0, -364, 0, -380, -387, -393, -398, -402, -406, -409, -411, -412, 0]], [[0, 0, 0, 0, 0, 0, 0, 0, 1, 0, 0, 0, 0, 0, 0, 0, 0, 0, 2, 3, 4, 5, 0, 6, 7, 8, 0, 9, 0, 10, 11, 12, 13, 0, 0, 14], [0, 0, 0, 0, 0, 0, 0, 15, 0, 0, 0, 0, 0, 0, 0, 0, 0, 16, 17, 18, 19, 0, 0, 20, 0, 21, 22, 23, 24, 25, 26, 27, 28, 29, 30, 31], [0, 0, 0, 0, 0, 0, 0, 0, 0, 0, 0, 0, 0, 0, 0, 0, 0, 0, 32, 33, 0, 34, 0, 35, 36, 37, 38, 39, 0, 40, 41, 42, 43, 44, 45, 46], [0, 0, 0, 0, 0, 0, 0, 0, 47, 0, 48, 0, 0, 0, 0, 0, 0, 0, 49, 50, 51, 52, 53, 54, 55, 56, 57, 58, 0, 59, 60, 61, 62, 0, 63, 64], [0, 0, 0, 0, 0, 0, 0, 0, 65, 0, 0, 66, 0, 0, 0, 67, 0, 68, 0, 69, 70, 71, 72, 73, 74, 75, 76, 77, 78, 79, 80, 81, 0, 82, 83, 84], [0, 0, 0, 0, 0, 0, 85, 0, 0, 0, 0, 86, 0, 87, 0, 0, 0, 0, 0, 88, 89, 0, 90, 91, 92, 93, 94, 95, 96, 97, 98, 0, 99, 0, 100, 101], [0, 0, 0, 0, 0, -85, 0, 0, 0, 0, 0, 0, 0, 0, 0, 0, 0, 0, 102, 103, 0, 104, 105, 106, 0, 107, 0, 108, 109, 0, 110, 111, 112, 113, 114, 115], [0, -15, 0, 0, 0, 0, 0, 0, 0, 0, 0, 116, 0, 0, 0, 0, 0, 0, 0, 0, 117, 118, 119, 120, 121, 122, 123, 124, 125, 126, 127, 128, 129, 130, 0, 131], [-1, 0, 0, -47, -65, 0, 0, 0, 0, 0, 0, 0, 0, 0, 0, 0, 0, 0, 0, 132, 133, 134, 135, 136, 137, 138, 0, 139, 140, 141, 142, 143, 144, 145, 146, 147], [0, 0, 0, 0, 0, 0, 0, 0, 0, 0, 0, 0, 0, 0, 0, 0, 0, 0, 0, 148, 149, 150, 151, 152, 153, 154, 0, 155, 156, 157, 158, 159, 160, 161, 162, 163], [0, 0, 0, -48, 0, 0, 0, 0, 0, 0, 0, 0, 0, 0, 0, 0, 0, 0, 164, 0, 165, 166, 167, 0, 168, 0, 169, 170, 0, 0, 0, 171, 172, 173, 174, 175], [0, 0, 0, 0, -66, -86, 0, -116, 0, 0, 0, 0, 0, 176, 177, 0, 0, 0, 178, 179, 180, 181, 182, 183, 184, 185, 186, 187, 188, 0, 189, 190, 191, 0, 0, 192], [0, 0, 0, 0, 0, 0, 0, 0, 0, 0, 0, 0, 0, 0, 0, 0, 0, 0, 193, 194, 195, 0, 196, 197, 198, 199, 200, 201, 202, 203, 0, 204, 205, 0, 206, 207], [0, 0, 0, 0, 0, -87, 0, 0, 0, 0, 0, -176, 0, 0, 0, 0, 0, 0, 0, 0, 0, 208, 209, 210, 0, 211, 0, 212, 213, 214, 215, 216, 0, 217, 0, 218], [0, 0, 0, 0, 0, 0, 0, 0, 0, 0, 0, -177, 0, 0, 0, 0, 0, 0, 0, 219, 220, 221, 222, 223, 224, 0, 0, 225, 226, 227, 228, 229, 230, 231, 232, 233], [0, 0, 0, 0, -67, 0, 0, 0, 0, 0, 0, 0, 0, 0, 0, 0, 0, 234, 235, 236, 237, 238, 239, 240, 241, 242, 243, 0, 244, 245, 246, 247, 248, 249, 0, 250], [0, 0, 0, 0, 0, 0, 0, 0, 0, 0, 0, 0, 0, 0, 0, 0, 0, 0, 251, 252, 253, 0, 254, 255, 256, 257, 258, 259, 0, 260, 261, 262, 263, 264, 265, 266], [0, -16, 0, 0, -68, 0, 0, 0, 0, 0, 0, 0, 0, 0, 0, -234, 0, 0, 267, 268, 269, 270, 0, 271, 272, 273, 274, 275, 276, 0, 277, 278, 279, 280, 281, 282], [-2, -17, -32, -49, 0, 0, -102, 0, 0, 0, -164, -178, -193, 0, 0, -235, -251, -267, 0, 283, 284, 285, 286, 287, 0, 288, 289, 290, 291, 292, 293, 294, 295, 296, 297, 298], [-3, -18, -33, -50, -69, -88, -103, 0, -132, -148, 0, -179, -194, 0, -219, -236, -252, -268, -283, 0, 299, 300, 301, 0, 302, 303, 0, 304, 0, 305, 306, 0, 307, 308, 309, 310], [-4, -19, 0, -51, -70, -89, 0, -117, -133, -149, -165, -180, -195, 0, -220, -237, -253, -269, -284, -299, 0, 311, 0, 0, 312, 313, 314, 315, 316, 317, 318, 0, 319, 320, 321, 322], [-5, 0, -34, -52, -71, 0, -104, -118, -134, -150, -166, -181, 0, -208, -221, -238, 0, -270, -285, -300, -311, 0, 323, 0, 324, 325, 0, 0, 326, 327, 328, 0, 329, 0, 330, 331], [0, 0, 0, -53, -72, -90, -105, -119, -135, -151, -167, -182, -196, -209, -222, -239, -254, 0, -286, -301, 0, -323, 0, 332, 333, 334, 0, 0, 335, 336, 337, 338, 339, 340, 341, 342], [-6, -20, -35, -54, -73, -91, -106, -120, -136, -152, 0, -183, -197, -210, -223, -240, -255, -271, -287, 0, 0, 0, -332, 0, 343, 0, 344, 0, 345, 346, 347, 348, 0, 349, 350, 351], [-7, 0, -36, -55, -74, -92, 0, -121, -137, -153, -168, -184, -198, 0, -224, -241, -256, -272, 0, -302, -312, -324, -333, -343, 0, 352, 353, 354, 355, 356, 357, 358, 359, 360, 361, 362], [-8, -21, -37, -56, -75, -93, -107, -122, -138, -154, 0, -185, -199, -211, 0, -242, -257, -273, -288, -303, -313, -325, -334, 0, -352, 0, 363, 364, 365, 0, 0, 0, 366, 367, 368, 369], [0, -22, -38, -57, -76, -94, 0, -123, 0, 0, -169, -186, -200, 0, 0, -243, -258, -274, -289, 0, -314, 0, 0, -344, -353, -363, 0, 370, 371, 372, 373, 0, 374, 375, 376, 377], [-9, -23, -39, -58, -77, -95, -108, -124, -139, -155, -170, -187, -201, -212, -225, 0, -259, -275, -290, -304, -315, 0, 0, 0, -354, -364, -370, 0, 378, 379, 380, 381, 382, 383, 384, 385], [0, -24, 0, 0, -78, -96, -109, -125, -140, -156, 0, -188, -202, -213, -226, -244, 0, -276, -291, 0, -316, -326, -335, -345, -355, -365, -371, -378, 0, 386, 387, 0, 388, 389, 390, 391], [-10, -25, -40, -59, -79, -97, 0, -126, -141, -157, 0, 0, -203, -214, -227, -245, -260, 0, -292, -305, -317, -327, -336, -346, -356, 0, -372, -379, -386, 0, 0, 392, 393, 394, 395, 0], [-11, -26, -41, -60, -80, -98, -110, -127, -142, -158, 0, -189, 0, -215, -228, -246, -261, -277, -293, -306, -318, -328, -337, -347, -357, 0, -373, -380, -387, 0, 0, 396, 397, 398, 0, 0], [-12, -27, -42, -61, -81, 0, -111, -128, -143, -159, -171, -190, -204, -216, -229, -247, -262, -278, -294, 0, 0, 0, -338, -348, -358, 0, 0, -381, 0, -392, -396, 0, 399, 400, 401, 402], [-13, -28, -43, -62, 0, -99, -112, -129, -144, -160, -172, -191, -205, 0, -230, -248, -263, -279, -295, -307, -319, -329, -339, 0, -359, -366, -374, -382, -388, -393, -397, -399, 0, 403, 404, 405], [0, -29, -44, 0, -82, 0, -113, -130, -145, -161, -173, 0, 0, -217, -231, -249, -264, -280, -296, -308, -320, 0, -340, -349, -360, -367, -375, -383, -389, -394, -398, -400, -403, 0, 0, 406], [