[[[0, 0, 0, 0, 1, 0, 0, 0, 2, 0, 0, 0, 0, 0, 0, 0, 0, 0, 0, 0, 0, 0, 0, 3, 0, 0, 0, 0, 0, 4, 5, 0, 6, 7, 0, 0, 0, 8, 9, 10, 11, 12, 13, 0, 14, 0, 15, 16, 17, 18, 19, 0, 20, 21, 0, 22, 23, 0], [0, 0, 0, 0, 0, 24, 0, 0, 0, 0, 0, 0, 0, 0, 0, 0, 0, 0, 0, 0, 0, 0, 0, 25, 0, 0, 0, 0, 0, 26, 27, 28, 29, 0, 30, 0, 31, 32, 33, 0, 34, 35, 36, 0, 0, 37, 38, 39, 40, 41, 42, 43, 0, 44, 45, 46, 47, 48], [0, 0, 0, 0, 0, 49, 0, 0, 0, 0, 0, 50, 0, 0, 51, 52, 0, 0, 0, 0, 0, 0, 0, 0, 0, 53, 0, 0, 0, 54, 55, 56, 57, 58, 59, 60, 61, 62, 63, 64, 65, 66, 67, 68, 69, 70, 71, 0, 72, 73, 0, 74, 75, 76, 77, 0, 78, 79], [0, 0, 0, 0, 0, 0, 0, 0, 0, 0, 0, 0, 80, 81, 0, 0, 0, 82, 0, 0, 0, 0, 0, 0, 0, 0, 0, 0, 0, 83, 0, 84, 85, 86, 87, 0, 0, 88, 89, 90, 0, 91, 92, 0, 93, 94, 95, 96, 0, 0, 97, 0, 98, 99, 100, 0, 101, 102], [-1, 0, 0, 0, 0, 0, 0, 0, 0, 0, 103, 0, 0, 104, 0, 0, 0, 0, 0, 0, 0, 0, 0, 105, 0, 0, 0, 0, 0, 0, 106, 107, 108, 0, 0, 109, 110, 0, 111, 112, 113, 114, 115, 116, 117, 118, 0, 119, 0, 120, 121, 122, 123, 124, 125, 126, 127, 128], [0, -24, -49, 0, 0, 0, 0, 0, 0, 0, 0, 0, 0, 129, 0, 0, 0, 0, 0, 0, 0, 0, 0, 0, 0, 0, 0, 0, 130, 131, 0, 132, 133, 134, 135, 136, 137, 138, 139, 140, 141, 0, 0, 142, 143, 0, 144, 145, 0, 146, 147, 0, 148, 149, 150, 0, 0, 151], [0, 0, 0, 0, 0, 0, 0, 0, 0, 0, 0, 0, 0, 0, 0, 0, 0, 0, 0, 0, 0, 0, 0, 0, 0, 0, 0, 0, 0, 0, 152, 0, 153, 154, 0, 0, 155, 156, 157, 0, 158, 159, 160, 161, 162, 163, 164, 0, 165, 166, 167, 168, 0, 0, 169, 170, 171, 172], [0, 0, 0, 0, 0, 0, 0, 0, 0, 0, 0, 0, 0, 0, 173, 0, 0, 0, 0, 0, 0, 0, 0, 0, 0, 0, 0, 0, 174, 0, 175, 0, 176, 0, 177, 0, 178, 179, 180, 0, 0, 181, 182, 183, 184, 0, 185, 186, 187, 188, 189, 190, 191, 192, 193, 194, 195, 0], [-2, 0, 0, 0, 0, 0, 0, 0, 0, 196, 197, 0, 0, 0, 0, 0, 0, 0, 0, 0, 0, 0, 0, 0, 0, 0, 0, 198, 0, 199, 200, 201, 202, 203, 204, 0, 0, 205, 206, 207, 208, 0, 209, 210, 0, 0, 211, 212, 213, 0, 214, 215, 216, 217, 218, 0, 219, 220], [0, 0, 0, 0, 0, 0, 0, 0, -196, 0, 0, 0, 0, 0, 0, 0, 221, 0, 0, 0, 0, 0, 222, 0, 0, 0, 0, 0, 0, 223, 224, 225, 226, 0, 227, 228, 229, 230, 231, 232, 233, 0, 234, 235, 0, 236, 237, 238, 0, 0, 0, 239, 0, 240, 241, 242, 0, 0], [0, 0, 0, 0, -103, 0, 0, 0, -197, 0, 0, 0, 0, 0, 0, 0, 243, 0, 0, 0, 0, 0, 0, 0, 0, 0, 0, 0, 0, 244, 245, 246, 247, 248, 249, 250, 251, 252, 253, 254, 255, 256, 257, 258, 259, 0, 260, 261, 262, 263, 264, 265, 266, 267, 268, 0, 0, 0], [0, 0, -50, 0, 0, 0, 0, 0, 0, 0, 0, 0, 0, 0, 0, 0, 269, 0, 0, 0, 0, 0, 0, 0, 0, 0, 0, 270, 0, 271, 272, 273, 274, 275, 276, 0, 277, 0, 278, 279, 280, 281, 282, 283, 284, 285, 286, 0, 287, 288, 289, 290, 291, 292, 293, 294, 0, 295], [0, 0, 0, -80, 0, 0, 0, 0, 0, 0, 0, 0, 0, 0, 0, 0, 0, 0, 0, 0, 296, 0, 0, 0, 0, 0, 0, 0, 0, 297, 0, 298, 299, 0, 300, 301, 0, 302, 303, 0, 304, 0, 305, 306, 0, 307, 0, 308, 309, 0, 310, 311, 312, 313, 314, 315, 316, 317], [0, 0, 0, -81, -104, -129, 0, 0, 0, 0, 0, 0, 0, 0, 0, 0, 0, 0, 0, 0, 0, 0, 318, 0, 0, 0, 0, 0, 0, 319, 320, 321, 322, 0, 323, 324, 325, 326, 0, 327, 328, 329, 330, 331, 332, 333, 334, 335, 336, 337, 338, 339, 340, 341, 342, 343, 0, 344], [0, 0, -51, 0, 0, 0, 0, -173, 0, 0, 0, 0, 0, 0, 0, 0, 0, 0, 0, 0, 0, 0, 0, 0, 0, 345, 0, 346, 347, 348, 0, 349, 350, 351, 352, 353, 354, 0, 355, 356, 357, 358, 359, 360, 361, 362, 363, 364, 365, 366, 367, 368, 369, 370, 371, 0, 372, 373], [0, 0, -52, 0, 0, 0, 0, 0, 0, 0, 0, 0, 0, 0, 0, 0, 0, 0, 374, 375, 0, 0, 0, 0, 0, 0, 0, 0, 0, 0, 376, 377, 0, 378, 379, 0, 0, 380, 381, 382, 383, 384, 0, 0, 385, 386, 0, 387, 388, 0, 0, 389, 390, 391, 0, 392, 0, 393], [0, 0, 0, 0, 0, 0, 0, 0, 0, -221, -243, -269, 0, 0, 0, 0, 0, 0, 0, 0, 0, 0, 0, 0, 0, 0, 0, 0, 0, 394, 0, 395, 396, 397, 398, 399, 400, 401, 402, 403, 404, 405, 406, 407, 408, 409, 410, 0, 0, 411, 412, 413, 0, 414, 0, 415, 0, 416], [0, 0, 0, -82, 0, 0, 0, 0, 0, 0, 0, 0, 0, 0, 0, 0, 0, 0, 0, 417, 0, 0, 0, 0, 0, 0, 418, 0, 0, 419, 420, 0, 0, 421, 422, 0, 423, 424, 425, 426, 427, 428, 429, 0, 430, 0, 431, 432, 433, 434, 0, 435, 0, 436, 437, 438, 439, 440], [0, 0, 0, 0, 0, 0, 0, 0, 0, 0, 0, 0, 0, 0, 0, -374, 0, 0, 0, 0, 0, 0, 0, 0, 0, 0, 0, 0, 0, 441, 0, 442, 443, 444, 445, 446, 447, 448, 449, 450, 451, 0, 0, 452, 453, 454, 455, 456, 457, 458, 459, 460, 0, 461, 462, 463, 464, 465], [0, 0, 0, 0, 0, 0, 0, 0, 0, 0, 0, 0, 0, 0, 0, -375, 0, -417, 0, 0, 0, 466, 0, 0, 0, 0, 0, 0, 0, 467, 0, 468, 469, 470, 471, 0, 472, 473, 474, 0, 475, 476, 0, 477, 0, 478, 479, 0, 480, 481, 482, 483, 484, 0, 485, 486, 487, 488], [0, 0, 0, 0, 0, 0, 0, 0, 0, 0, 0, 0, -296, 0, 0, 0, 0, 0, 0, 0, 0, 0, 0, 0, 0, 0, 489, 0, 0, 490, 491, 492, 493, 0, 494, 495, 0, 496, 497, 0, 498, 499, 500, 0, 501, 502, 503, 504, 505, 506, 507, 508, 509, 510, 0, 0, 0, 511], [0, 0, 0, 0, 0, 0, 0, 0, 0, 0, 0, 0, 0, 0, 0, 0, 0, 0, 0, -466, 0, 0, 0, 0, 0, 0, 0, 0, 0, 512, 513, 514, 515, 516, 517, 518, 519, 520, 521, 522, 0, 523, 524, 525, 526, 0, 0, 527, 528, 529, 530, 531, 0, 0, 532, 533, 534, 0], [0, 0, 0, 0, 0, 0, 0, 0, 0, -222, 0, 0, 0, -318, 0, 0, 0, 0, 0, 0, 0, 0, 0, 0, 0, 0, 0, 0, 0, 535, 0, 536, 537, 538, 539, 540, 541, 542, 543, 544, 545, 546, 547, 548, 549, 550, 551, 552, 553, 554, 555, 556, 557, 0, 558, 559, 560, 561], [-3, -25, 0, 0, -105, 0, 0, 0, 0, 0, 0, 0, 0, 0, 0, 0, 0, 0, 0, 0, 0, 0, 0, 0, 0, 0, 0, 0, 0, 0, 562, 563, 0, 564, 0, 565, 0, 0, 566, 567, 568, 0, 569, 570, 571, 572, 0, 0, 573, 0, 574, 0, 0, 575, 576, 577, 578, 579], [0, 0, 0, 0, 0, 0, 0, 0, 0, 0, 0, 0, 0, 0, 0, 0, 0, 0, 0, 0, 0, 0, 0, 0, 0, 0, 0, 0, 0, 580, 581, 0, 582, 0, 583, 584, 585, 586, 587, 588, 589, 590, 0, 591, 0, 592, 593, 0, 594, 595, 596, 597, 598, 0, 599, 600, 601, 602], [0, 0, -53, 0, 0, 0, 0, 0, 0, 0, 0, 0, 0, 0, -345, 0, 0, 0, 0, 0, 0, 0, 0, 0, 0, 0, 0, 603, 0, 604, 605, 606, 0, 607, 608, 609, 610, 611, 612, 613, 0, 614, 615, 616, 617, 618, 619, 620, 621, 0, 622, 623, 624, 625, 626, 627, 628, 629], [0, 0, 0, 0, 0, 0, 0, 0, 0, 0, 0, 0, 0, 0, 0, 0, 0, -418, 0, 0, -489, 0, 0, 0, 0, 0, 0, 630, 0, 631, 632, 0, 633, 634, 635, 636, 0, 637, 638, 0, 639, 640, 641, 642, 643, 0, 644, 645, 0, 646, 647, 648, 649, 650, 651, 652, 653, 654], [0, 0, 0, 0, 0, 0, 0, 0, -198, 0, 0, -270, 0, 0, -346, 0, 0, 0, 0, 0, 0, 0, 0, 0, 0, -603, -630, 0, 0, 655, 656, 657, 658, 0, 659, 0, 660, 661, 662, 663, 664, 665, 666, 0, 0, 667, 668, 0, 669, 670, 0, 671, 672, 673, 674, 675, 676, 677], [0, 0, 0, 0, 0, -130, 0, -174, 0, 0, 0, 0, 0, 0, -347, 0, 0, 0, 0, 0, 0, 0, 0, 0, 0, 0, 0, 0, 0, 678, 679, 0, 680, 681, 682, 0, 683, 684, 685, 686, 687, 688, 0, 689, 690, 691, 0, 692, 693, 0, 694, 0, 695, 0, 696, 697, 698, 0], [-4, -26, -54, -83, 0, -131, 0, 0, -199, -223, -244, -271, -297, -319, -348, 0, -394, -419, -441, -467, -490, -512, -535, 0, -580, -604, -631, -655, -678, 0, 699, 0, 700, 0, 701, 702, 703, 0, 704, 0, 705, 706, 707, 0, 708, 709, 0, 0, 710, 711, 0, 0, 0, 712, 713, 714, 715, 716], [-5, -27, -55, 0, -106, 0, -152, -175, -200, -224, -245, -272, 0, -320, 0, -376, 0, -420, 0, 0, -491, -513, 0, -562, -581, -605, -632, -656, -679, -699, 0, 0, 717, 0, 0, 718, 719, 720, 721, 722, 723, 724, 725, 0, 0, 726, 727, 728, 729, 730, 731, 732, 0, 0, 0, 733, 734, 735], [0, -28, -56, -84, -107, -132, 0, 0, -201, -225, -246, -273, -298, -321, -349, -377, -395, 0, -442, -468, -492, -514, -536, -563, 0, -606, 0, -657, 0, 0, 0, 0, 0, 736, 0, 737, 0, 0, 738, 0, 739, 740, 0, 741, 742, 743, 744, 745, 0, 746, 747, 748, 749, 750, 751, 752, 0, 0], [-6, -29, -57, -85, -108, -133, -153, -176, -202, -226, -247, -274, -299, -322, -350, 0, -396, 0, -443, -469, -493, -515, -537, 0, -582, 0, -633, -658, -680, -700, -717, 0, 0, 753, 0, 754, 755, 0, 756, 757, 758, 759, 760, 761, 762, 763, 764, 765, 0, 766, 767, 768, 769, 0, 0, 770, 771, 772], [-7, 0, -58, -86, 0, -134, -154, 0, -203, 0, -248, -275, 0, 0, -351, -378, -397, -421, -444, -470, 0, -516, -538, -564, 0, -607, -634, 0, -681, 0, 0, -736, -753, 0, 773, 774, 0, 775, 776, 777, 778, 779, 780, 781, 782, 783, 0, 784, 785, 786, 787, 788, 789, 790, 791, 0, 0, 792], [0, -30, -59, -87, 0, -135, 0, -177, -204, -227, -249, -276, -300, -323, -352, -379, -398, -422, -445, -471, -494, -517, -539, 0, -583, -608, -635, -659, -682, -701, 0, 0, 0, -773, 0, 793, 0, 794, 795, 0, 796, 797, 0, 798, 799, 800, 801, 802, 803, 804, 805, 806, 807, 0, 808, 809, 810, 811], [0, 0, -60, 0, -109, -136, 0, 0, 0, -228, -250, 0, -301, -324, -353, 0, -399, 0, -446, 0, -495, -518, -540, -565, -584, -609, -636, 0, 0, -702, -718, -737, -754, -774, -793, 0, 812, 813, 814, 815, 816, 817, 0, 818, 819, 0, 820, 821, 822, 823, 0, 824, 0, 825, 826, 0, 827, 828], [0, -31, -61, 0, -110, -137, -155, -178, 0, -229, -251, -277, 0, -325, -354, 0, -400, -423, -447, -472, 0, -519, -541, 0, -585, -610, 0, -660, -683, -703, -719, 0, -755, 0, 0, -812, 0, 829, 830, 831, 832, 833, 834, 835, 836, 837, 0, 838, 839, 840, 841, 842, 0, 843, 844, 845, 846, 0], [-8, -32, -62, -88, 0, -138, -156, -179, -205, -230, -252, 0, -302, -326, 0, -380, -401, -424, -448, -473, -496, -520, -542, 0, -586, -611, -637, -661, -684, 0, -720, 0, 0, -775, -794, -813, -829, 0, 847, 848, 849, 0, 850, 851, 852, 853, 854, 855, 856, 857, 0, 858, 859, 860, 0, 861, 862, 863], [-9, -33, -63, -89, -111, -139, -157, -180, -206, -231, -253, -278, -303, 0, -355, -381, -402, -425, -449, -474, -497, -521, -543, -566, -587, -612, -638, -662, -685, -704, -721, -738, -756, -776, -795, -814, -830, -847, 0, 864, 865, 866, 0, 867, 868, 869, 870, 871, 872, 873, 0, 874, 0, 875, 876, 0, 877, 878], [-10, 0, -64, -90, -112, -140, 0, 0, -207, -232, -254, -279, 0, -327, -356, -382, -403, -426, -450, 0, 0, -522, -544, -567, -588, -613, 0, -663, -686, 0, -722, 0, -757, -777, 0, -815, -831, -848, -864, 0, 879, 880, 881, 0, 882, 883, 884, 885, 886, 887, 0, 888, 889, 0, 890, 891, 892, 893], [-11, -34, -65, 0, -113, -141, -158, 0, -208, -233, -255, -280, -304, -328, -357, -383, -404, -427, -451, -475, -498, 0, -545, -568, -589, 0, -639, -664, -687, -705, -723, -739, -758, -778, -796, -816, -832, -849, -865, -879, 0, 0, 894, 895, 896, 897, 898, 899, 900, 901, 902, 903, 904, 905, 906, 0, 907, 0], [-12, -35, -66, -91, -114, 0, -159, -181, 0, 0, -256, -281, 0, -329, -358, -384, -405, -428, 0, -476, -499, -523, -546, 0, -590, -614, -640, -665, -688, -706, -724, -740, -759, -779, -797, -817, -833, 0, -866, -880, 0, 0, 908, 0, 909, 910, 0, 911, 912, 913, 914, 915, 916, 0, 0, 917, 918, 919], [-13, -36, -67, -92, -115, 0, -160, -182, -209, -234, -257, -282, -305, -330, -359, 0, -406, -429, 0, 0, -500, -524, -547, -569, 0, -615, -641, -666, 0, -707, -725, 0, -760, -780, 0, 0, -834, -850, 0, -881, -894, -908, 0, 920, 921, 922, 923, 0, 924, 925, 926, 927, 928, 929, 930, 931, 0, 932], [0, 0, -68, 0, -116, -142, -161, -183, -210, -235, -258, -283, -306, -331, -360, 0, -407, 0, -452, -477, 0, -525, -548, -570, -591, -616, -642, 0, -689, 0, 0, -741, -761, -781, -798, -818, -835, -851, -867, 0, -895, 0, -920, 0, 933, 934, 935, 936, 937, 938, 939, 940, 941, 942, 943, 944, 0, 0], [-14, 0, -69, -93, -117, -143, -162, -184, 0, 0, -259, -284, 0, -332, -361, -385, -408, -430, -453, 0, -501, -526, -549, -571, 0, -617, -643, 0, -690, -708, 0, -742, -762, -782, -799, -819, -836, -852, -868, -882, -896, -909, -921, -933, 0, 945, 946, 0, 947, 948, 949, 950, 951, 952, 953, 954, 955, 956], [0, -37, -70, -94, -118, 0, -163, 0, 0, -236, 0, -285, -307, -333, -362, -386, -409, 0, -454, -478, -502, 0, -550, -572, -592, -618, 0, -667, -691, -709, -726, -743, -763, -783, -800, 0, -837, -853, -869, -883, -897, -910, -922, -934, -945, 0, 957, 0, 958, 0, 0, 959, 960, 0, 961, 962, 963, 964], [-15, -38, -71, -95, 0, -144, -164, -185, -211, -237, -260, -286, 0, -334, -363, 0, -410, -431, -455, -479, -503, 0, -551, 0, -593, -619, -644, -668, 0, 0, -727, -744, -764, 0, -801, -820, 0, -854, -870, -884, -898, 0, -923, -935, -946, -957, 0, 965, 966, 967, 968, 969, 970, 971, 972, 0, 973, 974], [-16, -39, 0, -96, -119, -145, 0, -186, -212, -238, -261, 0, -308, -335, -364, -387, 0, -432, -456, 0, -504, -527, -552, 0, 0, -620, -645, 0, -692, 0, -728, -745, -765, -784, -802, -821, -838, -855, -871, -885, -899, -911, 0, -936, 0, 0, -965, 0, 0, 975, 976, 977, 978, 0, 979, 980, 0, 0], [-17, -40, -72, 0, 0, 0, -165, -187, -213, 0, -262, -287, -309, -336, -365, -388, 0, -433, -457, -480, -505, -528, -553, -573, -594, -621, 0, -669, -693, -710, -729, 0, 0, -785, -803, -822, -839, -856, -872, -886, -900, -912, -924, -937, -947, -958, -966, 0, 0, 981, 982, 983, 984, 985, 0, 986, 987, 988], [-18, -41, -73, 0, -120, -146, -166, -188, 0, 0, -263, -288, 0, -337, -366, 0, -411, -434, -458, -481, -506, -529, -554, 0, -595, 0, -646, -670, 0, -711, -730, -746, -766, -786, -804, -823, -840, -857, -873, -887, -901, -913, -925, -938, -948, 0, -967, -975, -981, 0, 989, 990, 991, 0, 0, 992, 993, 0], [-19, -42, 0, -97, -121, -147, -167, -189, -214, 0, -264, -289, -310, -338, -367, 0, -412, 0, -459, -482, -507, -530, -555, -574, -596, -622, -647, 0, -694, 0, -731, -747, -767, -787, -805, 0, -841, 0, 0, 0, -902, -914, -926, -939, -949, 0, -968, -976, -982, -989, 0, 994, 995, 996, 0, 997, 998, 999], [0, -43, -74, 0, -122, 0, -168, -190, -215, -239, -265, -290, -311, -339, -368, -389, -413, -435, -460, -483, -508, -531, -556, 0, -597, -623, -648, -671, 0, 0, -732, -748, -768, -788, -806, -824, -842, -858, -874, -888, -903, -915, -927, -940, -950, -959, -969, -977, -983, -990, -994, 0, 1000, 0, 1001, 1002, 1003, 1004], [-20, 0, -75, -98, -123, -148, 0, -191, -216, 0, -266, -291, -312, -340, -369, -390, 0, 0, 0, -484, -509, 0, -557, 0, -598, -624, -649, -672, -695, 0, 0, -749, -769, -789, -807, 0, 0, -859, 0, -889, -904, -916, -928, -941, -951, -960, -970, -978, -984, -991, -995, -1000, 0, 1005, 1006, 1007, 0, 1008], [-21, -44, -76, -99, -124, -149, 0, -192, -217, -240, -267, -292, -313, -341, -370, -391, -414, -436, -461, 0, -510, 0, 0, -575, 0, -625, -650, -673, 0, -712, 0, -750, 0, -790, 0, -825, -843, -860, -875, 0, -905, 0, -929, -942, -952, 0, -971, 0, -985, 0, -996, 0, -1005, 0, 0, 1009, 1010, 0], [0, -45, -77, -100, -125, -150, -169, -193, -218, -241, -268, -293, -314, -342, -371, 0, 0, -437, -462, -485, 0, -532, -558, -576, -599, -626, -651, -674, -696, -713, 0, -751, 0, -791, -808, -826, -844, 0, -876, -890, -906, 0, -930, -943, -953, -961, -972, -979, 0, 0, 0, -1001, -1006, 0, 0, 1011, 1012, 0], [-22, -46, 0, 0, -126, 0, -170, -194, 0, -242, 0, -294, -315, -343, 0, -392, -415, -438, -463, -486, 0, -533, -559, -577, -600, -627, -652, -675, -697, -714, -733, -752, -770, 0, -809, 0, -845, -861, 0, -891, 0, -917, -931, -944, -954, -962, 0, -980, -986, -992, -997, -1002, -1007, -1009, -1011, 0, 0, 1013], [-23, -47, -78, -101, -127, 0, -171, -195, -219, 0, 0, 0, -316, 0, -372, 0, 0, -439, -464, -487, 0, -534, -560, -578, -601, -628, -653, -676, -698, -715, -734, 0, -771, 0, -810, -827, -846, -862, -877, -892, -907, -918, 0, 0, -955, -963, -973, 0, -987, -993, -998, -1003, 0, -1010, -1012, 0, 0, 0], [0, -48, -79, -102, -128, -151, -172, 0, -220, 0, 0, -295, -317, -344, -373, -393, -416, -440, -465, -488, -511, 0, -561, -579, -602, -629, -654, -677, 0, -716, -735, 0, -772, -792, -811, -828, 0, -863, -878, -893, 0, -919, -932, 0, -956, -964, -974, 0, -988, 0, -999, -1004, -1008, 0, 0, -1013, 0, 0]], [[0, 0, 0, 0, 0, 0, 0, 0, 0, 0, 1, 0, 0, 0, 2, 0, 0, 0, 0, 0, 0, 0, 0, 0, 3, 0, 0, 0, 0, 4, 5, 6, 7, 8, 9, 10, 11, 12, 13, 14, 15, 0, 16, 0, 17, 0, 18, 19, 20, 21, 0, 22, 0, 23, 0, 24, 25, 26], [0, 0, 0, 0, 0, 0, 0, 27, 28, 29, 0, 0, 0, 0, 0, 0, 30, 0, 0, 31, 0, 32, 0, 0, 0, 0, 0, 0, 33, 34, 35, 36, 37, 38, 39, 40, 41, 42, 43, 0, 44, 45, 46, 0, 47, 48, 49, 50, 51, 52, 0, 53, 0, 54, 0, 0, 55, 56], [0, 0, 0, 0, 0, 0, 0, 0, 0, 0, 0, 0, 0, 0, 0, 0, 0, 0, 0, 0, 0, 0, 0, 0, 0, 0, 0, 0, 0, 57, 58, 0, 59, 60, 61, 62, 63, 0, 64, 0, 65, 66, 67, 68, 69, 70, 71, 72, 73, 74, 75, 76, 77, 78, 79, 0, 80, 81], [0, 0, 0, 0, 82, 0, 0, 0, 0, 0, 0, 0, 0, 0, 0, 0, 0, 0, 0, 0, 0, 0, 0, 0, 0, 0, 0, 0, 0, 83, 0, 84, 85, 86, 87, 88, 89, 90, 91, 92, 0, 93, 0, 94, 95, 96, 97, 98, 99, 100, 101, 102, 103, 104, 105, 106, 107, 108], [0, 0, 0, -82, 0, 0, 0, 0, 0, 0, 109, 0, 0, 0, 0, 0, 0, 0, 0, 0, 0, 0, 0, 0, 0, 0, 0, 0, 0, 110, 0, 0, 111, 112, 113, 114, 115, 0, 0, 116, 0, 117, 118, 119, 120, 121, 0, 122, 123, 0, 124, 125, 126, 127, 128, 129, 130, 131], [0, 0, 0, 0, 0, 0, 0, 132, 0, 0, 0, 0, 0, 0, 0, 133, 0, 0, 0, 0, 0, 0, 0, 0, 0, 0, 134, 0, 135, 0, 0, 0, 136, 137, 138, 139, 0, 0, 0, 0, 140, 141, 142, 143, 144, 145, 146, 147, 148, 149, 150, 151, 152, 0, 0, 0, 153, 0], [0, 0, 0, 0, 0, 0, 0, 0, 0, 0, 0, 0, 0, 0, 0, 0, 154, 0, 0, 0, 0, 0, 0, 0, 0, 0, 0, 155, 0, 156, 157, 158, 159, 160, 0, 0, 0, 161, 162, 0, 163, 164, 165, 166, 167, 168, 0, 169, 170, 171, 0, 172, 0, 173, 174, 175, 176, 177], [0, -27, 0, 0, 0, -132, 0, 0, 0, 0, 0, 0, 0, 0, 178, 0, 0, 0, 179, 0, 0, 0, 180, 0, 0, 181, 0, 0, 0, 182, 183, 184, 185, 186, 187, 188, 189, 190, 191, 192, 193, 194, 195, 196, 197, 0, 198, 199, 0, 200, 201, 202, 203, 204, 205, 206, 207, 208], [0, -28, 0, 0, 0, 0, 0, 0, 0, 0, 0, 0, 0, 0, 0, 0, 0, 0, 0, 0, 0, 0, 0, 0, 0, 0, 0, 0, 0, 209, 210, 211, 212, 0, 0, 213, 214, 215, 0, 216, 217, 218, 219, 0, 220, 0, 221, 222, 223, 0, 224, 225, 226, 227, 228, 229, 0, 230], [0, -29, 0, 0, 0, 0, 0, 0, 0, 0, 0, 0, 0, 0, 0, 0, 0, 0, 0, 231, 0, 232, 0, 0, 0, 0, 0, 0, 0, 233, 234, 0, 235, 0, 236, 237, 238, 239, 240, 241, 242, 243, 244, 245, 246, 247, 248, 249, 250, 251, 252, 253, 254, 255, 0, 0, 256, 257], [-1, 0, 0, 0, -109, 0, 0, 0, 0, 0, 0, 0, 0, 258, 259, 0, 0, 0, 260, 0, 0, 0, 0, 0, 0, 0, 0, 0, 0, 261, 0, 262, 263, 264, 265, 266, 267, 268, 269, 270, 271, 0, 0, 272, 273, 274, 275, 276, 0, 277, 278, 279, 280, 281, 282, 283, 284, 285], [0, 0, 0, 0, 0, 0, 0, 0, 0, 0, 0, 0, 286, 287, 0, 0, 0, 0, 288, 0, 0, 0, 0, 0, 0, 0, 0, 0, 0, 289, 290, 291, 292, 293, 294, 295, 296, 297, 298, 299, 300, 301, 302, 303, 304, 305, 306, 0, 307, 308, 309, 310, 0, 311, 312, 313, 314, 315], [0, 0, 0, 0, 0, 0, 0, 0, 0, 0, 0, -286, 0, 0, 0, 0, 0, 0, 316, 0, 0, 0, 0, 0, 0, 0, 0, 0, 0, 317, 318, 0, 319, 320, 321, 322, 323, 0, 324, 325, 326, 327, 0, 328, 329, 330, 331, 332, 333, 334, 335, 336, 337, 338, 339, 340, 341, 0], [0, 0, 0, 0, 0, 0, 0, 0, 0, 0, -258, -287, 0, 0, 0, 0, 0, 0, 342, 0, 0, 0, 0, 0, 0, 0, 0, 0, 0, 343, 344, 345, 346, 347, 348, 349, 350, 351, 0, 352, 353, 354, 0, 355, 0, 0, 0, 356, 357, 358, 0, 359, 360, 361, 362, 0, 363, 364], [-2, 0, 0, 0, 0, 0, 0, -178, 0, 0, -259, 0, 0, 0, 0, 0, 0, 0, 0, 365, 0, 0, 0, 0, 0, 0, 0, 0, 0, 366, 367, 368, 369, 370, 371, 0, 372, 373, 374, 375, 376, 377, 378, 379, 380, 381, 0, 382, 0, 383, 0, 0, 0, 0, 384, 385, 0, 386], [0, 0, 0, 0, 0, -133, 0, 0, 0, 0, 0, 0, 0, 0, 0, 0, 0, 387, 0, 0, 0, 0, 0, 0, 0, 0, 0, 388, 389, 390, 0, 391, 392, 393, 394, 395, 396, 397, 398, 0, 399, 400, 401, 402, 403, 404, 405, 406, 407, 408, 409, 410, 411, 412, 0, 413, 0, 0], [0, -30, 0, 0, 0, 0, -154, 0, 0, 0, 0, 0, 0, 0, 0, 0, 0, 0, 0, 0, 0, 0, 0, 0, 0, 0, 0, 0, 0, 414, 415, 416, 417, 418, 419, 420, 421, 422, 423, 424, 425, 0, 426, 427, 428, 429, 430, 431, 432, 433, 434, 0, 435, 0, 436, 0, 437, 438], [0, 0, 0, 0, 0, 0, 0, 0, 0, 0, 0, 0, 0, 0, 0, -387, 0, 0, 0, 0, 0, 0, 0, 0, 0, 0, 439, 0, 0, 440, 441, 442, 0, 0, 443, 444, 445, 0, 446, 447, 448, 449, 450, 451, 452, 453, 454, 455, 456, 0, 0, 457, 458, 459, 460, 461, 462, 463], [0, 0, 0, 0, 0, 0, 0, -179, 0, 0, -260, -288, -316, -342, 0, 0, 0, 0, 0, 0, 0, 0, 464, 0, 465, 0, 0, 0, 0, 466, 467, 468, 469, 470, 471, 472, 473, 474, 475, 476, 0, 477, 478, 0, 479, 480, 0, 481, 482, 483, 484, 0, 485, 486, 487, 488, 489, 490], [0, -31, 0, 0, 0, 0, 0, 0, 0, -231, 0, 0, 0, 0, -365, 0, 0, 0, 0, 0, 491, 0, 0, 0, 0, 0, 0, 0, 0, 492, 493, 494, 495, 496, 497, 498, 0, 499, 500, 501, 502, 0, 0, 0, 0, 503, 504, 505, 0, 506, 507, 0, 508, 0, 509, 510, 511, 512], [0, 0, 0, 0, 0, 0, 0, 0, 0, 0, 0, 0, 0, 0, 0, 0, 0, 0, 0, -491, 0, 0, 0, 0, 0, 0, 0, 0, 0, 513, 514, 0, 515, 516, 517, 518, 519, 520, 0, 521, 522, 523, 524, 525, 0, 526, 527, 528, 529, 530, 531, 532, 533, 534, 535, 536, 537, 538], [0, -32, 0, 0, 0, 0, 0, 0, 0, -232, 0, 0, 0, 0, 0, 0, 0, 0, 0, 0, 0, 0, 0, 0, 0, 0, 0, 0, 0, 0, 0, 539, 540, 0, 541, 0, 542, 0, 543, 544, 545, 546, 547, 548, 549, 550, 551, 552, 553, 554, 0, 555, 556, 557, 558, 559, 560, 561], [0, 0, 0, 0, 0, 0, 0, -180, 0, 0, 0, 0, 0, 0, 0, 0, 0, 0, -464, 0, 0, 0, 0, 0, 0, 0, 0, 0, 0, 0, 562, 563, 564, 565, 566, 567, 568, 569, 570, 571, 572, 0, 573, 574, 575, 576, 577, 578, 579, 0, 0, 580, 581, 582, 583, 584, 0, 585], [0, 0, 0, 0, 0, 0, 0, 0, 0, 0, 0, 0, 0, 0, 0, 0, 0, 0, 0, 0, 0, 0, 0, 0, 0, 0, 0, 0, 0, 0, 586, 587, 0, 588, 0, 589, 590, 591, 592, 593, 594, 595, 596, 597, 0, 0, 0, 598, 599, 600, 601, 602, 603, 604, 605, 0, 0, 606], [-3, 0, 0, 0, 0, 0, 0, 0, 0, 0, 0, 0, 0, 0, 0, 0, 0, 0, -465, 0, 0, 0, 0, 0, 0, 0, 0, 0, 0, 607, 608, 609, 610, 0, 611, 612, 613, 614, 0, 615, 616, 617, 0, 618, 0, 619, 620, 621, 622, 623, 624, 625, 626, 627, 628, 629, 630, 631], [0, 0, 0, 0, 0, 0, 0, -181, 0, 0, 0, 0, 0, 0, 0, 0, 0, 0, 0, 0, 0, 0, 0, 0, 0, 0, 0, 0, 0, 632, 633, 634, 635, 636, 0, 637, 638, 0, 639, 640, 641, 642, 0, 643, 644, 645, 646, 0, 0, 0, 647, 648, 649, 650, 651, 652, 653, 654], [0, 0, 0, 0, 0, -134, 0, 0, 0, 0, 0, 0, 0, 0, 0, 0, 0, -439, 0, 0, 0, 0, 0, 0, 0, 0, 0, 0, 0, 655, 0, 656, 0, 657, 658, 659, 0, 0, 660, 661, 662, 663, 0, 664, 665, 666, 667, 668, 0, 0, 669, 670, 671, 672, 673, 0, 674, 675], [0, 0, 0, 0, 0, 0, -155, 0, 0, 0, 0, 0, 0, 0, 0, -388, 0, 0, 0, 0, 0, 0, 0, 0, 0, 0, 0, 0, 0, 0, 676, 677, 678, 0, 679, 0, 0, 680, 681, 682, 683, 684, 685, 686, 687, 688, 689, 690, 691, 692, 693, 694, 0, 695, 0, 696, 697, 698], [0, -33, 0, 0, 0, -135, 0, 0, 0, 0, 0, 0, 0, 0, 0, -389, 0, 0, 0, 0, 0, 0, 0, 0, 0, 0, 0, 0, 0, 699, 0, 700, 701, 702, 703, 704, 705, 706, 707, 708, 709, 0, 710, 711, 712, 0, 0, 713, 714, 715, 0, 716, 717, 718, 719, 720, 721, 0], [-4, -34, -57, -83, -110, 0, -156, -182, -209, -233, -261, -289, -317, -343, -366, -390, -414, -440, -466, -492, -513, 0, 0, 0, -607, -632, -655, 0, -699, 0, 722, 723, 724, 0, 725, 726, 0, 727, 0, 0, 728, 729, 0, 730, 731, 732, 733, 0, 0, 734, 735, 736, 737, 738, 0, 0, 739, 740], [-5, -35, -58, 0, 0, 0, -157, -183, -210, -234, 0, -290, -318, -344, -367, 0, -415, -441, -467, -493, -514, 0, -562, -586, -608, -633, 0, -676, 0, -722, 0, 741, 742, 0, 743, 0, 0, 744, 745, 746, 747, 748, 749, 750, 751, 752, 0, 753, 754, 755, 756, 0, 757, 0, 0, 758, 759, 0], [-6, -36, 0, -84, 0, 0, -158, -184, -211, 0, -262, -291, 0, -345, -368, -391, -416, -442, -468, -494, 0, -539, -563, -587, -609, -634, -656, -677, -700, -723, -741, 0, 0, 760, 761, 762, 763, 0, 764, 0, 765, 766, 767, 0, 768, 769, 770, 771, 772, 773, 774, 0, 775, 0, 776, 777, 0, 0], [-7, -37, -59, -85, -111, -136, -159, -185, -212, -235, -263, -292, -319, -346, -369, -392, -417, 0, -469, -495, -515, -540, -564, 0, -610, -635, 0, -678, -701, -724, -742, 0, 0, 778, 779, 780, 0, 781, 782, 783, 784, 785, 786, 0, 787, 0, 0, 788, 789, 790, 0, 791, 792, 793, 794, 795, 796, 0], [-8, -38, -60, -86, -112, -137, -160, -186, 0, 0, -264, -293, -320, -347, -370, -393, -418, 0, -470, -496, -516, 0, -565, -588, 0, -636, -657, 0, -702, 0, 0, -760, -778, 0, 797, 798, 799, 800, 801, 802, 803, 804, 805, 0, 806, 0, 0, 807, 808, 809, 0, 810, 811, 812, 813, 814, 815, 816], [-9, -39, -61, -87, -113, -138, 0, -187, 0, -236, -265, -294, -321, -348, -371, -394, -419, -443, -471, -497, -517, -541, -566, 0, -611, 0, -658, -679, -703, -725, -743, -761, -779, -797, 0, 817, 0, 818, 819, 0, 820, 821, 822, 0, 823, 824, 825, 826, 0, 0, 827, 828, 829, 0, 830, 831, 832, 833], [-10, -40, -62, -88, -114, -139, 0, -188, -213, -237, -266, -295, -322, -349, 0, -395, -420, -444, -472, -498, -518, 0, -567, -589, -612, -637, -659, 0, -704, -726, 0, -762, -780, -798, -817, 0, 0, 834, 835, 836, 0, 837, 838, 839, 840, 841, 842, 843, 844, 0, 845, 846, 847, 848, 0, 849, 0, 850], [-11, -41, -63, -89, -115, 0, 0, -189, -214, -238, -267, -296, -323, -350, -372, -396, -421, -445, -473, 0, -519, -542, -568, -590, -613, -638, 0, 0, -705, 0, 0, -763, 0, -799, 0, 0, 0, 0, 851, 0, 852, 853, 0, 0, 854, 855, 856, 857, 858, 0, 859, 860, 861, 862, 863, 864, 865, 866], [-12, -42, 0, -90, 0, 0, -161, -190, -215, -239, -268, -297, 0, -351, -373, -397, -422, 0, -474, -499, -520, 0, -569, -591, -614, 0, 0, -680, -706, -727, -744, 0, -781, -800, -818, -834, 0, 0, 867, 868, 869, 0, 870, 871, 872, 873, 0, 874, 875, 876, 0, 877, 878, 879, 880, 881, 882, 883], [-13, -43, -64, -91, 0, 0, -162, -191, 0, -240, -269, -298, -324, 0, -374, -398, -423, -446, -475, -500, 0, -543, -570, -592, 0, -639, -660, -681, -707, 0, -745, -764, -782, -801, -819, -835, -851, -867, 0, 884, 885, 886, 0, 887, 888, 889, 890, 891, 892, 893, 894, 0, 895, 0, 0, 896, 897, 898], [-14, 0, 0, -92, -116, 0, 0, -192, -216, -241, -270, -299, -325, -352, -375, 0, -424, -447, -476, -501, -521, -544, -571, -593, -615, -640, -661, -682, -708, 0, -746, 0, -783, -802, 0, -836, 0, -868, -884, 0, 899, 900, 901, 902, 903, 904, 905, 906, 907, 0, 908, 909, 910, 911, 912, 913, 914, 915], [-15, -44, -65, 0, 0, -140, -163, -193, -217, -242, -271, -300, -326, -353, -376, -399, -425, -448, 0, -502, -522, -545, -572, -594, -616, -641, -662, -683, -709, -728, -747, -765, -784, -803, -820, 0, -852, -869, -885, -899, 0, 916, 917, 918, 919, 920, 921, 922, 923, 924, 925, 0, 926, 927, 928, 929, 930, 931], [0, -45, -66, -93, -117, -141, -164, -194, -218, -243, 0, -301, -327, -354, -377, -400, 0, -449, -477, 0, -523, -546, 0, -595, -617, -642, -663, -684, 0, -729, -748, -766, -785, -804, -821, -837, -853, 0, -886, -900, -916, 0, 932, 933, 934, 935, 936, 0, 937, 0, 938, 939, 0, 940, 941, 942, 0, 943], [-16, -46, -67, 0, -118, -142, -165, -195, -219, -244, 0, -302, 0, 0, -378, -401, -426, -450, -478, 0, -524, -547, -573, -596, 0, 0, 0, -685, -710, 0, -749, -767, -786, -805, -822, -838, 0, -870, 0, -901, -917, -932, 0, 0, 944, 945, 0, 946, 947, 0, 948, 949, 950, 951, 952, 953, 954, 0], [0, 0, -68, -94, -119, -143, -166, -196, 0, -245, -272, -303, -328, -355, -379, -402, -427, -451, 0, 0, -525, -548, -574, -597, -618, -643, -664, -686, -711, -730, -750, 0, 0, 0, 0, -839, 0, -871, -887, -902, -918, -933, 0, 0, 955, 956, 957, 958, 959, 960, 961, 962, 963, 964, 965, 966, 967, 0], [-17, -47, -69, -95, -120, -144, -167, -197, -220, -246, -273, -304, -329, 0, -380, -403, -428, -452, -479, 0, 0, -549, -575, 0, 0, -644, -665, -687, -712, -731, -751, -768, -787, -806, -823, -840, -854, -872, -888, -903, -919, -934, -944, -955, 0, 968, 0, 969, 0, 0, 970, 971, 972, 973, 974, 975, 0, 976], [0, -48, -70, -96, -121, -145, -168, 0, 0, -247, -274, -305, -330, 0, -381, -404, -429, -453, -480, -503, -526, -550, -576, 0, -619, -645, -666, -688, 0, -732, -752, -769, 0, 0, -824, -841, -855, -873, -889, -904, -920, -935, -945, -956, -968, 0, 0, 977, 978, 979, 980, 0, 981, 982, 0, 0, 983, 984], [-18, -49, -71, -97, 0, -146, 0, -198, -221, -248, -275, -306, -331, 0, 0, -405, -430, -454, 0, -504, -527, -551, -577, 0, -620, -646, -667, -689, 0, -733, 0, -770, 0, 0, -825, -842, -856, 0, -890, -905, -921, -936, 0, -957, 0, 0, 0, 985, 986, 987, 988, 0, 0, 989, 0, 990, 991, 992], [-19, -50, -72, -98, -122, -147, -169, -199, -222, -249, -276, 0, -332, -356, -382, -406, -431, -455, -481, -505, -528, -552, -578, -598, -621, 0, -668, -690, -713, 0, -753, -771, -788, -807, -826, -843, -857, -874, -891, -906, -922, 0, -946, -958, -969, -977, -985, 0, 993, 0, 994, 0, 995, 996, 997, 998, 999, 0], [-20, -51, -73, -99, -123, -148, -170, 0, -223, -250, 0, -307, -333, -357, 0, -407, -432, -456, -482, 0, -529, -553, -579, -599, -622, 0, 0, -691, -714, 0, -754, -772, -789, -808, 0, -844, -858, -875, -892, -907, -923, -937, -947, -959, 0, -978, -986, -993, 0, 0, 1000, 1001, 1002, 1003, 1004, 1005, 1006, 0], [-21, -52, -74, -100, 0, -149, -171, -200, 0, -251, -277, -308, -334, -358, -383, -408, -433, 0, -483, -506, -530, -554, 0, -600, -623, 0, 0, -692, -715, -734, -755, -773, -790, -809, 0, 0, 0, -876, -893, 0, -924, 0, 0, -960, 0, -979, -987, 0, 0, 0, 0, 1007, 1008, 0, 1009, 1010, 1011, 1012], [0, 0, -75, -101, -124, -150, 0, -201, -224, -252, -278, -309, -335, 0, 0, -409, -434, 0, -484, -507, -531, 0, 0, -601, -624, -647, -669, -693, 0, -735, -756, -774, 0, 0, -827, -845, -859, 0, -894, -908, -925, -938, -948, -961, -970, -980, -988, -994, -1000, 0, 0, 1013, 1014, 0, 0, 1015, 0, 1016], [-22, -53, -76, -102, -125, -151, -172, -202, -225, -253, -279, -310, -336, -359, 0, -410, 0, -457, 0, 0, -532, -555, -580, -602, -625, -648, -670, -694, -716, -736, 0, 0, -791, -810, -828, -846, -860, -877, 0, -909, 0, -939, -949, -962, -971, 0, 0, 0, -1001, -1007, -1013, 0, 0, 0, 1017, 1018, 1019, 1020], [0, 0, -77, -103, -126, -152, 0, -203, -226, -254, -280, 0, -337, -360, 0, -411, -435, -458, -485, -508, -533, -556, -581, -603, -626, -649, -671, 0, -717, -737, -757, -775, -792, -811, -829, -847, -861, -878, -895, -910, -926, 0, -950, -963, -972, -981, 0, -995, -1002, -1008, -1014, 0, 0, 1021, 1022, 1023, 1024, 1025], [-23, -54, -78, -104, -127, 0, -173, -204, -227, -255, -281, -311, -338, -361, 0, -412, 0, -459, -486, 0, -534, -557, -582, -604, -627, -650, -672, -695, -718, -738, 0, 0, -793, -812, 0, -848, -862, -879, 0, -911, -927, -940, -951, -964, -973, -982, -989, -996, -1003, 0, 0, 0, -1021, 0, 0, 0, 1026, 1027], [0, 0, -79, -105, -128, 0, -174, -205, -228, 0, -282, -312, -339, -362, -384, 0, -436, -460, -487, -509, -535, -558, -583, -605, -628, -651, -673, 0, -719, 0, 0, -776, -794, -813, -830, 0, -863, -880, 0, -912, -928, -941, -952, -965, -974, 0, 0, -997, -1004, -1009, 0, -1017, -1022, 0, 0, 1028, 1029, 0], [-24, 0, 0, -106, -129, 0, -175, -206, -229, 0, -283, -313, -340, 0, -385, -413, 0, -461, -488, -510, -536, -559, -584, 0, -629, -652, 0, -696, -720, 0, -758, -777, -795, -814, -831, -849, -864, -881, -896, -913, -929, -942, -953, -966, -975, 0, -990, -998, -1005, -1010, -1015, -1018, -1023, 0, -1028, 0, 1030, 1031], [-25, -55, -80, -107, -130, -153, -176, -207, 0, -256, -284, -314, -341, -363, 0, 0, -437, -462, -489, -511, -537, -560, 0, 0, -630, -653, -674, -697, -721, -739, -759, 0, -796, -815, -832, 0, -865, -882, -897, -914, -930, 0, -954, -967, 0, -983, -991, -999, -1006, -1011, 0, -1019, -1024, -1026, -1029, -1030, 0, 0], [-26, -56, -81, -108, -131, 0, -177, -208, -230, -257, -285, -315, 0, -364, -386, 0, -438, -463, -490, -512, -538, -561, -585, -606, -631, -654, -675, -698, 0, -740, 0, 0, 0, -816, -833, -850, -866, -883, -898, -915, -931, -943, 0, 0, -976, -984, -992, 0, 0, -1012, -1016, -1020, -1025, -1027, 0, -1031, 0, 0]], [[0, 0, 0, 0, 0, 0, 0, 0, 0, 0, 0, 0, 0, 0, 0, 0, 0, 0, 0, 1, 0, 0, 0, 0, 0, 0, 0, 0, 0, 2, 3, 4, 5, 6, 7, 8, 9, 10, 0, 11, 12, 13, 14, 15, 16, 17, 18, 19, 20, 0, 21, 22, 23, 24, 0, 25, 26, 27], [0, 0, 0, 28, 0, 29, 0, 0, 0, 0, 0, 0, 0, 0, 0, 0, 0, 0, 30, 0, 0, 0, 0, 0, 0, 0, 0, 31, 0, 32, 33, 34, 35, 0, 0, 36, 0, 37, 38, 39, 40, 41, 0, 42, 43, 44, 45, 46, 47, 48, 0, 49, 0, 50, 0, 51, 52, 53], [0, 0, 0, 0, 0, 0, 0, 0, 54, 0, 0, 0, 0, 0, 55, 0, 0, 0, 0, 0, 0, 0, 0, 0, 0, 0, 0, 0, 0, 0, 56, 57, 58, 59, 0, 60, 0, 61, 62, 63, 64, 65, 66, 0, 67, 68, 69, 70, 71, 72, 0, 73, 74, 75, 0, 76, 77, 78], [0, -28, 0, 0, 0, 79, 0, 80, 0, 0, 0, 0, 0, 0, 0, 0, 0, 0, 0, 0, 0, 0, 0, 0, 0, 81, 0, 0, 0, 82, 0, 83, 84, 85, 86, 0, 87, 88, 89, 90, 91, 92, 93, 94, 95, 96, 97, 98, 99, 100, 101, 102, 103, 104, 105, 106, 107, 108], [0, 0, 0, 0, 0, 0, 109, 0, 0, 110, 0, 0, 0, 0, 0, 0, 0, 0, 0, 0, 0, 0, 0, 0, 111, 0, 0, 0, 0, 0, 112, 113, 114, 115, 116, 117, 118, 119, 120, 121, 122, 123, 124, 125, 126, 127, 128, 129, 0, 130, 0, 131, 132, 133, 134, 0, 0, 135], [0, -29, 0, -79, 0, 0, 0, 0, 0, 0, 0, 0, 0, 136, 0, 0, 0, 137, 0, 0, 0, 0, 0, 0, 0, 0, 0, 0, 0, 138, 0, 139, 140, 141, 142, 143, 144, 145, 146, 147, 148, 149, 150, 151, 0, 152, 153, 154, 155, 156, 157, 158, 159, 160, 0, 161, 162, 163], [0, 0, 0, 0, -109, 0, 0, 0, 0, 0, 0, 0, 164, 0, 0, 0, 0, 0, 0, 0, 0, 165, 0, 0, 0, 0, 0, 0, 166, 167, 168, 169, 170, 171, 172, 0, 173, 174, 175, 0, 176, 177, 178, 179, 0, 180, 181, 182, 0, 183, 184, 185, 0, 186, 187, 188, 189, 0], [0, 0, 0, -80, 0, 0, 0, 0, 190, 0, 191, 0, 0, 0, 0, 0, 0, 0, 0, 0, 0, 0, 0, 0, 192, 193, 0, 0, 0, 0, 194, 195, 196, 197, 198, 199, 200, 201, 202, 203, 0, 204, 205, 0, 0, 206, 207, 0, 208, 0, 209, 210, 0, 211, 0, 212, 0, 213], [0, 0, -54, 0, 0, 0, 0, -190, 0, 0, 0, 0, 0, 0, 0, 214, 0, 0, 0, 0, 0, 0, 0, 0, 0, 0, 0, 0, 0, 215, 216, 217, 218, 219, 0, 220, 221, 222, 223, 224, 225, 226, 227, 228, 229, 230, 0, 231, 232, 233, 234, 235, 236, 237, 238, 0, 0, 239], [0, 0, 0, 0, -110, 0, 0, 0, 0, 0, 0, 0, 0, 240, 0, 0, 0, 0, 0, 0, 0, 241, 0, 0, 0, 242, 243, 0, 0, 0, 244, 245, 246, 0, 247, 248, 249, 0, 0, 250, 251, 252, 253, 254, 0, 0, 255, 0, 256, 257, 258, 259, 260, 261, 262, 263, 264, 265], [0, 0, 0, 0, 0, 0, 0, -191, 0, 0, 0, 266, 0, 0, 0, 0, 0, 0, 0, 0, 0, 0, 0, 0, 0, 0, 0, 267, 0, 268, 269, 270, 271, 0, 272, 273, 274, 275, 276, 0, 277, 278, 279, 280, 281, 282, 283, 284, 285, 286, 287, 288, 289, 0, 290, 291, 292, 0], [0, 0, 0, 0, 0, 0, 0, 0, 0, 0, -266, 0, 0, 0, 0, 0, 0, 0, 293, 0, 0, 0, 0, 0, 294, 0, 0, 0, 0, 295, 296, 297, 298, 299, 300, 0, 301, 302, 0, 303, 0, 304, 305, 306, 307, 308, 309, 310, 311, 312, 313, 314, 315, 316, 317, 0, 0, 318], [0, 0, 0, 0, 0, 0, -164, 0, 0, 0, 0, 0, 0, 0, 0, 0, 0, 0, 0, 0, 0, 0, 0, 0, 0, 0, 0, 0, 0, 319, 0, 320, 321, 0, 322, 0, 0, 0, 0, 323, 324, 325, 326, 0, 327, 0, 328, 329, 0, 330, 331, 332, 333, 334, 335, 0, 336, 0], [0, 0, 0, 0, 0, -136, 0, 0, 0, -240, 0, 0, 0, 0, 0, 0, 0, 0, 0, 0, 0, 0, 0, 0, 0, 0, 0, 0, 337, 338, 0, 0, 339, 340, 0, 341, 342, 343, 344, 345, 0, 346, 347, 0, 348, 349, 0, 0, 350, 351, 352, 353, 354, 355, 356, 357, 358, 359], [0, 0, -55, 0, 0, 0, 0, 0, 0, 0, 0, 0, 0, 0, 0, 0, 0, 0, 0, 0, 0, 0, 0, 0, 0, 0, 0, 0, 0, 360, 361, 0, 362, 363, 364, 365, 366, 367, 368, 369, 0, 370, 371, 372, 373, 0, 374, 375, 376, 377, 378, 379, 380, 0, 381, 382, 383, 384], [0, 0, 0, 0, 0, 0, 0, 0, -214, 0, 0, 0, 0, 0, 0, 0, 0, 0, 0, 0, 0, 0, 385, 386, 0, 0, 0, 387, 0, 388, 389, 0, 390, 391, 0, 392, 393, 394, 395, 396, 397, 398, 399, 400, 401, 402, 403, 404, 405, 0, 406, 407, 408, 409, 410, 411, 412, 413], [0, 0, 0, 0, 0, 0, 0, 0, 0, 0, 0, 0, 0, 0, 0, 0, 0, 0, 0, 414, 0, 0, 415, 0, 0, 0, 0, 0, 0, 416, 417, 418, 0, 0, 419, 420, 0, 421, 422, 423, 424, 425, 426, 0, 427, 428, 429, 430, 431, 432, 433, 434, 435, 436, 437, 438, 439, 440], [0, 0, 0, 0, 0, -137, 0, 0, 0, 0, 0, 0, 0, 0, 0, 0, 0, 0, 0, 0, 0, 441, 0, 0, 0, 0, 442, 0, 0, 0, 443, 444, 445, 446, 447, 0, 448, 449, 0, 0, 0, 450, 451, 452, 453, 454, 455, 456, 457, 458, 459, 0, 460, 461, 462, 463, 464, 465], [0, -30, 0, 0, 0, 0, 0, 0, 0, 0, 0, -293, 0, 0, 0, 0, 0, 0, 0, 0, 0, 0, 0, 0, 0, 0, 0, 0, 0, 466, 0, 467, 0, 468, 469, 470, 471, 472, 473, 474, 475, 0, 476, 0, 477, 478, 479, 480, 481, 0, 482, 483, 484, 485, 486, 487, 0, 488], [-1, 0, 0, 0, 0, 0, 0, 0, 0, 0, 0, 0, 0, 0, 0, 0, -414, 0, 0, 0, 0, 489, 0, 0, 490, 0, 0, 0, 0, 491, 492, 0, 493, 494, 495, 496, 497, 0, 0, 498, 499, 500, 501, 502, 503, 504, 505, 506, 507, 508, 509, 510, 511, 512, 513, 514, 0, 515], [0, 0, 0, 0, 0, 0, 0, 0, 0, 0, 0, 0, 0, 0, 0, 0, 0, 0, 0, 0, 0, 0, 0, 0, 0, 0, 0, 0, 0, 516, 0, 517, 518, 519, 520, 521, 522, 0, 523, 524, 525, 526, 527, 528, 529, 530, 531, 532, 533, 534, 535, 536, 537, 538, 539, 540, 0, 541], [0, 0, 0, 0, 0, 0, -165, 0, 0, -241, 0, 0, 0, 0, 0, 0, 0, -441, 0, -489, 0, 0, 0, 0, 0, 542, 0, 0, 0, 543, 544, 545, 546, 547, 548, 0, 0, 549, 550, 0, 0, 551, 552, 0, 553, 554, 0, 555, 0, 556, 557, 558, 559, 560, 0, 561, 562, 563], [0, 0, 0, 0, 0, 0, 0, 0, 0, 0, 0, 0, 0, 0, 0, -385, -415, 0, 0, 0, 0, 0, 0, 0, 0, 0, 0, 0, 0, 564, 565, 566, 567, 568, 569, 570, 0, 571, 572, 573, 574, 575, 0, 576, 577, 578, 579, 580, 581, 582, 583, 584, 0, 585, 586, 587, 588, 589], [0, 0, 0, 0, 0, 0, 0, 0, 0, 0, 0, 0, 0, 0, 0, -386, 0, 0, 0, 0, 0, 0, 0, 0, 0, 0, 0, 0, 0, 590, 591, 592, 593, 0, 594, 0, 595, 596, 597, 598, 599, 600, 601, 602, 603, 604, 605, 606, 607, 608, 0, 609, 610, 611, 0, 612, 613, 614], [0, 0, 0, 0, -111, 0, 0, -192, 0, 0, 0, -294, 0, 0, 0, 0, 0, 0, 0, -490, 0, 0, 0, 0, 0, 0, 0, 0, 0, 615, 616, 617, 618, 619, 620, 0, 621, 622, 623, 624, 625, 626, 627, 628, 629, 0, 0, 630, 631, 632, 633, 634, 635, 636, 637, 638, 639, 0], [0, 0, 0, -81, 0, 0, 0, -193, 0, -242, 0, 0, 0, 0, 0, 0, 0, 0, 0, 0, 0, -542, 0, 0, 0, 0, 0, 0, 0, 640, 641, 642, 643, 644, 645, 0, 646, 647, 648, 649, 650, 651, 652, 653, 0, 654, 655, 656, 657, 658, 659, 660, 661, 662, 663, 664, 665, 666], [0, 0, 0, 0, 0, 0, 0, 0, 0, -243, 0, 0, 0, 0, 0, 0, 0, -442, 0, 0, 0, 0, 0, 0, 0, 0, 0, 0, 0, 667, 668, 669, 670, 671, 672, 673, 674, 0, 0, 675, 676, 0, 677, 678, 0, 679, 680, 681, 0, 0, 682, 683, 684, 685, 686, 687, 688, 689], [0, -31, 0, 0, 0, 0, 0, 0, 0, 0, -267, 0, 0, 0, 0, -387, 0, 0, 0, 0, 0, 0, 0, 0, 0, 0, 0, 0, 0, 690, 691, 692, 693, 694, 695, 696, 697, 698, 699, 700, 701, 0, 702, 703, 704, 705, 706, 707, 708, 709, 710, 711, 712, 0, 713, 714, 715, 716], [0, 0, 0, 0, 0, 0, -166, 0, 0, 0, 0, 0, 0, -337, 0, 0, 0, 0, 0, 0, 0, 0, 0, 0, 0, 0, 0, 0, 0, 717, 718, 719, 0, 0, 0, 720, 721, 0, 722, 0, 723, 724, 725, 726, 727, 728, 729, 730, 731, 0, 732, 0, 733, 734, 735, 736, 737, 738], [-2, -32, 0, -82, 0, -138, -167, 0, -215, 0, -268, -295, -319, -338, -360, -388, -416, 0, -466, -491, -516, -543, -564, -590, -615, -640, -667, -690, -717, 0, 739, 740, 741, 0, 742, 743, 744, 745, 746, 747, 748, 749, 750, 751, 752, 753, 0, 0, 754, 755, 756, 757, 758, 759, 760, 761, 762, 763], [-3, -33, -56, 0, -112, 0, -168, -194, -216, -244, -269, -296, 0, 0, -361, -389, -417, -443, 0, -492, 0, -544, -565, -591, -616, -641, -668, -691, -718, -739, 0, 764, 765, 766, 767, 0, 768, 769, 770, 771, 0, 772, 773, 774, 775, 0, 776, 0, 777, 0, 778, 779, 780, 781, 782, 783, 784, 785], [-4, -34, -57, -83, -113, -139, -169, -195, -217, -245, -270, -297, -320, 0, 0, 0, -418, -444, -467, 0, -517, -545, -566, -592, -617, -642, -669, -692, -719, -740, -764, 0, 0, 0, 786, 787, 788, 789, 790, 791, 792, 793, 794, 795, 796, 0, 797, 798, 799, 800, 801, 802, 803, 804, 805, 806, 0, 0], [-5, -35, -58, -84, -114, -140, -170, -196, -218, -246, -271, -298, -321, -339, -362, -390, 0, -445, 0, -493, -518, -546, -567, -593, -618, -643, -670, -693, 0, -741, -765, 0, 0, 807, 808, 809, 0, 810, 811, 812, 813, 814, 815, 816, 817, 818, 819, 820, 821, 822, 823, 824, 825, 0, 826, 827, 828, 829], [-6, 0, -59, -85, -115, -141, -171, -197, -219, 0, 0, -299, 0, -340, -363, -391, 0, -446, -468, -494, -519, -547, -568, 0, -619, -644, -671, -694, 0, 0, -766, 0, -807, 0, 830, 0, 0, 831, 832, 833, 834, 0, 835, 836, 837, 0, 838, 0, 839, 840, 841, 842, 843, 844, 845, 846, 847, 0], [-7, 0, 0, -86, -116, -142, -172, -198, 0, -247, -272, -300, -322, 0, -364, 0, -419, -447, -469, -495, -520, -548, -569, -594, -620, -645, -672, -695, 0, -742, -767, -786, -808, -830, 0, 0, 848, 849, 850, 851, 0, 0, 852, 853, 0, 854, 855, 856, 857, 0, 858, 859, 860, 861, 862, 863, 864, 865], [-8, -36, -60, 0, -117, -143, 0, -199, -220, -248, -273, 0, 0, -341, -365, -392, -420, 0, -470, -496, -521, 0, -570, 0, 0, 0, -673, -696, -720, -743, 0, -787, -809, 0, 0, 0, 866, 867, 868, 0, 869, 870, 871, 872, 873, 874, 875, 876, 0, 877, 878, 879, 0, 880, 881, 882, 883, 0], [-9, 0, 0, -87, -118, -144, -173, -200, -221, -249, -274, -301, 0, -342, -366, -393, 0, -448, -471, -497, -522, 0, 0, -595, -621, -646, -674, -697, -721, -744, -768, -788, 0, 0, -848, -866, 0, 0, 884, 0, 885, 886, 887, 888, 889, 890, 891, 892, 893, 894, 895, 0, 896, 897, 898, 899, 900, 901], [-10, -37, -61, -88, -119, -145, -174, -201, -222, 0, -275, -302, 0, -343, -367, -394, -421, -449, -472, 0, 0, -549, -571, -596, -622, -647, 0, -698, 0, -745, -769, -789, -810, -831, -849, -867, 0, 0, 902, 0, 903, 904, 905, 906, 0, 0, 0, 907, 908, 909, 910, 0, 911, 912, 913, 914, 915, 916], [0, -38, -62, -89, -120, -146, -175, -202, -223, 0, -276, 0, 0, -344, -368, -395, -422, 0, -473, 0, -523, -550, -572, -597, -623, -648, 0, -699, -722, -746, -770, -790, -811, -832, -850, -868, -884, -902, 0, 917, 918, 919, 920, 921, 922, 0, 0, 923, 924, 925, 926, 0, 927, 928, 929, 930, 931, 932], [-11, -39, -63, -90, -121, -147, 0, -203, -224, -250, 0, -303, -323, -345, -369, -396, -423, 0, -474, -498, -524, 0, -573, -598, -624, -649, -675, -700, 0, -747, -771, -791, -812, -833, -851, 0, 0, 0, 