[[[0.0, 0.0, 0.0, 0.0, 0.0, 0.0, 0.0, 0.0, 1.0, 2.0, 3.0, 4.0, 0.0, 5.0, 0.0, 0.0], [0.0, 0.0, 0.0, 0.0, 0.0, 0.0, 0.0, 0.0, 6.0, 7.0, 8.0, 9.0, 10.0, 11.0, 0.0, 0.0], [0.0, 0.0, 0.0, 0.0, 0.0, 0.0, 12.0, 13.0, 0.0, 0.0, 14.0, 15.0, 16.0, 17.0, 18.0, 19.0], [0.0, 0.0, 0.0, 0.0, 0.0, 0.0, 0.0, 0.0, 20.0, 0.0, 21.0, 0.0, 0.0, 22.0, 23.0, 24.0], [0.0, 0.0, 0.0, 0.0, 0.0, 0.0, 0.0, 0.0, 25.0, 26.0, 27.0, 28.0, 29.0, 30.0, 31.0, 32.0], [0.0, 0.0, 0.0, 0.0, 0.0, 0.0, 0.0, 0.0, 33.0, 34.0, 35.0, 0.0, 36.0, 0.0, 37.0, 0.0], [0.0, 0.0, -12.0, 0.0, 0.0, 0.0, 0.0, 0.0, 0.0, 38.0, 39.0, 40.0, 41.0, 0.0, 42.0, 43.0], [0.0, 0.0, -13.0, 0.0, 0.0, 0.0, 0.0, 0.0, 44.0, 45.0, 0.0, 46.0, 47.0, 48.0, 0.0, 49.0], [-1.0, -6.0, 0.0, -20.0, -25.0, -33.0, 0.0, -44.0, 0.0, 50.0, 51.0, 0.0, 52.0, 53.0, 54.0, 55.0], [-2.0, -7.0, 0.0, 0.0, -26.0, -34.0, -38.0, -45.0, -50.0, 0.0, 56.0, 57.0, 58.0, 59.0, 60.0, 61.0], [-3.0, -8.0, -14.0, -21.0, -27.0, -35.0, -39.0, 0.0, -51.0, -56.0, 0.0, 0.0, 62.0, 63.0, 64.0, 65.0], [-4.0, -9.0, -15.0, 0.0, -28.0, 0.0, -40.0, -46.0, 0.0, -57.0, 0.0, 0.0, 66.0, 67.0, 68.0, 69.0], [0.0, -10.0, -16.0, 0.0, -29.0, -36.0, -41.0, -47.0, -52.0, -58.0, -62.0, -66.0, 0.0, 70.0, 71.0, 72.0], [-5.0, -11.0, -17.0, -22.0, -30.0, 0.0, 0.0, -48.0, -53.0, -59.0, -63.0, -67.0, -70.0, 0.0, 73.0, 74.0], [0.0, 0.0, -18.0, -23.0, -31.0, -37.0, -42.0, 0.0, -54.0, -60.0, -64.0, -68.0, -71.0, -73.0, 0.0, 75.0], [0.0, 0.0, -19.0, -24.0, -32.0, 0.0, -43.0, -49.0, -55.0, -61.0, -65.0, -69.0, -72.0, -74.0, -75.0, 0.0]], [[0.0, 0.0, 0.0, 0.0, 0.0, 0.0, 0.0, 1.0, 2.0, 3.0, 4.0, 5.0, 6.0, 7.0, 8.0, 9.0], [0.0, 0.0, 0.0, 0.0, 0.0, 0.0, 0.0, 0.0, 10.0, 11.0, 12.0, 13.0, 14.0, 15.0, 16.0, 17.0], [0.0, 0.0, 0.0, 0.0, 0.0, 0.0, 0.0, 0.0, 0.0, 0.0, 0.0, 0.0, 18.0, 19.0, 0.0, 20.0], [0.0, 0.0, 0.0, 0.0, 0.0, 0.0, 0.0, 0.0, 21.0, 22.0, 23.0, 24.0, 25.0, 26.0, 27.0, 28.0], [0.0, 0.0, 0.0, 0.0, 0.0, 0.0, 0.0, 0.0, 29.0, 30.0, 0.0, 31.0, 32.0, 33.0, 34.0, 35.0], [0.0, 0.0, 0.0, 0.0, 0.0, 0.0, 0.0, 0.0, 0.0, 36.0, 37.0, 38.0, 39.0, 40.0, 0.0, 41.0], [0.0, 0.0, 0.0, 0.0, 0.0, 0.0, 0.0, 0.0, 42.0, 43.0, 44.0, 45.0, 46.0, 47.0, 0.0, 48.0], [-1.0, 0.0, 0.0, 0.0, 0.0, 0.0, 0.0, 0.0, 49.0, 50.0, 51.0, 52.0, 53.0, 54.0, 55.0, 56.0], [-2.0, -10.0, 0.0, -21.0, -29.0, 0.0, -42.0, -49.0, 0.0, 57.0, 58.0, 59.0, 60.0, 61.0, 0.0, 62.0], [-3.0, -11.0, 0.0, -22.0, -30.0, -36.0, -43.0, -50.0, -57.0, 0.0, 63.0, 64.0, 65.0, 66.0, 67.0, 68.0], [-4.0, -12.0, 0.0, -23.0, 0.0, -37.0, -44.0, -51.0, -58.0, -63.0, 0.0, 69.0, 70.0, 71.0, 72.0, 73.0], [-5.0, -13.0, 0.0, -24.0, -31.0, -38.0, -45.0, -52.0, -59.0, -64.0, -69.0, 0.0, 74.0, 75.0, 76.0, 0.0], [-6.0, -14.0, -18.0, -25.0, -32.0, -39.0, -46.0, -53.0, -60.0, -65.0, -70.0, -74.0, 0.0, 0.0, 77.0, 0.0], [-7.0, -15.0, -19.0, -26.0, -33.0, -40.0, -47.0, -54.0, -61.0, -66.0, -71.0, -75.0, 0.0, 0.0, 78.0, 79.0], [-8.0, -16.0, 0.0, -27.0, -34.0, 0.0, 0.0, -55.0, 0.0, -67.0, -72.0, -76.0, -77.0, -78.0, 0.0, 80.0], [-9.0, -17.0, -20.0, -28.0, -35.0, -41.0, -48.0, -56.0, -62.0, -68.0, -73.0, 0.0, 0.0, -79.0, -80.0, 0.0]], [[0.0, 0.0, 0.0, 0.0, 0.0, 1.0, 0.0, 2.0, 3.0, 4.0, 5.0, 6.0, 7.0, 8.0, 9.0, 10.0], [0.0, 0.0, 0.0, 0.0, 0.0, 0.0, 0.0, 0.0, 11.0, 12.0, 13.0, 14.0, 15.0, 16.0, 17.0, 18.0], [0.0, 0.0, 0.0, 0.0, 19.0, 0.0, 0.0, 0.0, 20.0, 21.0, 22.0, 23.0, 24.0, 25.0, 26.0, 27.0], [0.0, 0.0, 0.0, 0.0, 0.0, 0.0, 0.0, 0.0, 28.0, 0.0, 29.0, 30.0, 0.0, 31.0, 32.0, 33.0], [0.0, 0.0, -19.0, 0.0, 0.0, 0.0, 0.0, 0.0, 0.0, 34.0, 35.0, 36.0, 37.0, 38.0, 0.0, 0.0], [-1.0, 0.0, 0.0, 0.0, 0.0, 0.0, 0.0, 0.0, 39.0, 0.0, 40.0, 41.0, 42.0, 43.0, 44.0, 45.0], [0.0, 0.0, 0.0, 0.0, 0.0, 0.0, 0.0, 46.0, 0.0, 0.0, 47.0, 0.0, 48.0, 0.0, 49.0, 50.0], [-2.0, 0.0, 0.0, 0.0, 0.0, 0.0, -46.0, 0.0, 0.0, 51.0, 52.0, 0.0, 53.0, 54.0, 0.0, 55.0], [-3.0, -11.0, -20.0, -28.0, 0.0, -39.0, 0.0, 0.0, 0.0, 56.0, 57.0, 58.0, 59.0, 0.0, 0.0, 60.0], [-4.0, -12.0, -21.0, 0.0, -34.0, 0.0, 0.0, -51.0, -56.0, 0.0, 61.0, 62.0, 63.0, 64.0, 65.0, 66.0], [-5.0, -13.0, -22.0, -29.0, -35.0, -40.0, -47.0, -52.0, -57.0, -61.0, 0.0, 67.0, 68.0, 69.0, 0.0, 70.0], [-6.0, -14.0, -23.0, -30.0, -36.0, -41.0, 0.0, 0.0, -58.0, -62.0, -67.0, 0.0, 71.0, 72.0, 73.0, 74.0], [-7.0, -15.0, -24.0, 0.0, -37.0, -42.0, -48.0, -53.0, -59.0, -63.0, -68.0, -71.0, 0.0, 75.0, 76.0, 0.0], [-8.0, -16.0, -25.0, -31.0, -38.0, -43.0, 0.0, -54.0, 0.0, -64.0, -69.0, -72.0, -75.0, 0.0, 77.0, 78.0], [-9.0, -17.0, -26.0, -32.0, 0.0, -44.0, -49.0, 0.0, 0.0, -65.0, 0.0, -73.0, -76.0, -77.0, 0.0, 0.0], [-10.0, -18.0, -27.0, -33.0, 0.0, -45.0, -50.0, -55.0, -60.0, -66.0, -70.0, -74.0, 0.0, -78.0, 0.0, 0.0]], [[0.0, 0.0, 0.0, 0.0, 0.0, 0.0, 0.0, 0.0, 1.0, 2.0, 3.0, 4.0, 5.0, 0.0, 6.0, 7.0], [0.0, 0.0, 0.0, 0.0, 0.0, 0.0, 8.0, 0.0, 9.0, 10.0, 11.0, 12.0, 13.0, 14.0, 15.0, 16.0], [0.0, 0.0, 0.0, 0.0, 0.0, 17.0, 0.0, 0.0, 18.0, 19.0, 20.0, 21.0, 22.0, 23.0, 24.0, 0.0], [0.0, 0.0, 0.0, 0.0, 0.0, 25.0, 0.0, 0.0, 26.0, 27.0, 28.0, 29.0, 0.0, 30.0, 31.0, 0.0], [0.0, 0.0, 0.0, 0.0, 0.0, 0.0, 0.0, 0.0, 0.0, 0.0, 32.0, 33.0, 0.0, 34.0, 0.0, 0.0], [0.0, 0.0, -17.0, -25.0, 0.0, 0.0, 0.0, 0.0, 0.0, 0.0, 35.0, 0.0, 36.0, 37.0, 38.0, 0.0], [0.0, -8.0, 0.0, 0.0, 0.0, 0.0, 0.0, 0.0, 39.0, 40.0, 41.0, 42.0, 43.0, 44.0, 45.0, 46.0], [0.0, 0.0, 0.0, 0.0, 0.0, 0.0, 0.0, 0.0, 47.0, 48.0, 49.0, 50.0, 0.0, 51.0, 52.0, 53.0], [-1.0, -9.0, -18.0, -26.0, 0.0, 0.0, -39.0, -47.0, 0.0, 54.0, 55.0, 0.0, 56.0, 57.0, 58.0, 59.0], [-2.0, -10.0, -19.0, -27.0, 0.0, 0.0, -40.0, -48.0, -54.0, 0.0, 60.0, 61.0, 62.0, 63.0, 64.0, 65.0], [-3.0, -11.0, -20.0, -28.0, -32.0, -35.0, -41.0, -49.0, -55.0, -60.0, 0.0, 66.0, 0.0, 67.0, 68.0, 0.0], [-4.0, -12.0, -21.0, -29.0, -33.0, 0.0, -42.0, -50.0, 0.0, -61.0, -66.0, 0.0, 69.0, 70.0, 71.0, 72.0], [-5.0, -13.0, -22.0, 0.0, 0.0, -36.0, -43.0, 0.0, -56.0, -62.0, 0.0, -69.0, 0.0, 73.0, 74.0, 75.0], [0.0, -14.0, -23.0, -30.0, -34.0, -37.0, -44.0, -51.0, -57.0, -63.0, -67.0, -70.0, -73.0, 0.0, 76.0, 77.0], [-6.0, -15.0, -24.0, -31.0, 0.0, -38.0, -45.0, -52.0, -58.0, -64.0, -68.0, -71.0, -74.0, -76.0, 0.0, 78.0], [-7.0, -16.0, 0.0, 0.0, 0.0, 0.0, -46.0, -53.0, -59.0, -65.0, 0.0, -72.0, -75.0, -77.0, -78.0, 0.0]], [[0.0, 0.0, 1.0, 0.0, 0.0, 0.0, 0.0, 0.0, 2.0, 3.0, 4.0, 5.0, 6.0, 7.0, 8.0, 0.0], [0.0, 0.0, 0.0, 0.0, 0.0, 0.0, 0.0, 0.0, 9.0, 10.0, 11.0, 12.0, 13.0, 14.0, 0.0, 0.0], [-1.0, 0.0, 0.0, 0.0, 0.0, 0.0, 0.0, 0.0, 15.0, 16.0, 17.0, 18.0, 0.0, 19.0, 0.0, 0.0], [0.0, 0.0, 0.0, 0.0, 0.0, 20.0, 21.0, 0.0, 22.0, 23.0, 24.0, 0.0, 25.0, 26.0, 27.0, 0.0], [0.0, 0.0, 0.0, 0.0, 0.0, 0.0, 0.0, 0.0, 28.0, 29.0, 30.0, 31.0, 32.0, 33.0, 34.0, 35.0], [0.0, 0.0, 0.0, -20.0, 0.0, 0.0, 0.0, 0.0, 36.0, 37.0, 38.0, 39.0, 0.0, 40.0, 41.0, 0.0], [0.0, 0.0, 0.0, -21.0, 0.0, 0.0, 0.0, 0.0, 42.0, 43.0, 0.0, 44.0, 45.0, 46.0, 0.0, 0.0], [0.0, 0.0, 0.0, 0.0, 0.0, 0.0, 0.0, 0.0, 47.0, 48.0, 0.0, 49.0, 50.0, 51.0, 52.0, 53.0], [-2.0, -9.0, -15.0, -22.0, -28.0, -36.0, -42.0, -47.0, 0.0, 0.0, 0.0, 54.0, 55.0, 0.0, 56.0, 57.0], [-3.0, -10.0, -16.0, -23.0, -29.0, -37.0, -43.0, -48.0, 0.0, 0.0, 58.0, 59.0, 60.0, 0.0, 61.0, 62.0], [-4.0, -11.0, -17.0, -24.0, -30.0, -38.0, 0.0, 0.0, 0.0, -58.0, 0.0, 63.0, 0.0, 64.0, 65.0, 66.0], [-5.0, -12.0, -18.0, 0.0, -31.0, -39.0, -44.0, -49.0, -54.0, -59.0, -63.0, 0.0, 67.0, 68.0, 69.0, 70.0], [-6.0, -13.0, 0.0, -25.0, -32.0, 0.0, -45.0, -50.0, -55.0, -60.0, 0.0, -67.0, 0.0, 71.0, 72.0, 73.0], [-7.0, -14.0, -19.0, -26.0, -33.0, -40.0, -46.0, -51.0, 0.0, 0.0, -64.0, -68.0, -71.0, 0.0, 74.0, 75.0], [-8.0, 0.0, 0.0, -27.0, -34.0, -41.0, 0.0, -52.0, -56.0, -61.0, -65.0, -69.0, -72.0, -74.0, 0.0, 76.0], [0.0, 0.0, 0.0, 0.0, -35.0, 0.0, 0.0, -53.0, -57.0, -62.0, -66.0, -70.0, -73.0, -75.0, -76.0, 0.0]], [[0.0, 0.0, 0.0, 0.0, 0.0, 0.0, 0.0, 0.0, 1.0, 2.0, 0.0, 3.0, 4.0, 5.0, 6.0, 7.0], [0.0, 0.0, 0.0, 0.0, 0.0, 0.0, 0.0, 0.0, 8.0, 0.0, 9.0, 10.0, 11.0, 0.0, 12.0, 13.0], [0.0, 0.0, 0.0, 0.0, 0.0, 0.0, 0.0, 0.0, 14.0, 15.0, 16.0, 17.0, 18.0, 19.0, 20.0, 21.0], [0.0, 0.0, 0.0, 0.0, 0.0, 0.0, 0.0, 0.0, 0.0, 0.0, 22.0, 0.0, 0.0, 23.0, 24.0, 0.0], [0.0, 0.0, 0.0, 0.0, 0.0, 25.0, 0.0, 0.0, 26.0, 27.0, 28.0, 29.0, 30.0, 31.0, 32.0, 0.0], [0.0, 0.0, 0.0, 0.0, -25.0, 0.0, 0.0, 0.0, 0.0, 33.0, 34.0, 35.0, 0.0, 36.0, 0.0, 37.0], [0.0, 0.0, 0.0, 0.0, 0.0, 0.0, 0.0, 0.0, 38.0, 39.0, 40.0, 0.0, 41.0, 42.0, 43.0, 44.0], [0.0, 0.0, 0.0, 0.0, 0.0, 0.0, 0.0, 0.0, 45.0, 0.0, 46.0, 47.0, 48.0, 49.0, 0.0, 50.0], [-1.0, -8.0, -14.0, 0.0, -26.0, 0.0, -38.0, -45.0, 0.0, 51.0, 52.0, 53.0, 54.0, 55.0, 56.0, 57.0], [-2.0, 0.0, -15.0, 0.0, -27.0, -33.0, -39.0, 0.0, -51.0, 0.0, 58.0, 59.0, 60.0, 61.0, 62.0, 63.0], [0.0, -9.0, -16.0, -22.0, -28.0, -34.0, -40.0, -46.0, -52.0, -58.0, 0.0, 64.0, 65.0, 0.0, 0.0, 66.0], [-3.0, -10.0, -17.0, 0.0, -29.0, -35.0, 0.0, -47.0, -53.0, -59.0, -64.0, 0.0, 0.0, 67.0, 68.0, 0.0], [-4.0, -11.0, -18.0, 0.0, -30.0, 0.0, -41.0, -48.0, -54.0, -60.0, -65.0, 0.0, 0.0, 69.0, 70.0, 71.0], [-5.0, 0.0, -19.0, -23.0, -31.0, -36.0, -42.0, -49.0, -55.0, -61.0, 0.0, -67.0, -69.0, 0.0, 72.0, 73.0], [-6.0, -12.0, -20.0, -24.0, -32.0, 0.0, -43.0, 0.0, -56.0, -62.0, 0.0, -68.0, -70.0, -72.0, 0.0, 74.0], [-7.0, -13.0, -21.0, 0.0, 0.0, -37.0, -44.0, -50.0, -57.0, -63.0, -66.0, 0.0, -71.0, -73.0, -74.0, 0.0]], [[0.0, 0.0, 0.0, 0.0, 0.0, 0.0, 0.0, 0.0, 1.0, 0.0, 2.0, 3.0, 4.0, 5.0, 0.0, 0.0], [0.0, 0.0, 0.0, 6.0, 0.0, 0.0, 0.0, 0.0, 0.0, 7.0, 8.0, 0.0, 9.0, 10.0, 0.0, 11.0], [0.0, 0.0, 0.0, 0.0, 0.0, 12.0, 0.0, 0.0, 13.0, 14.0, 15.0, 16.0, 17.0, 0.0, 18.0, 19.0], [0.0, -6.0, 0.0, 0.0, 0.0, 0.0, 0.0, 0.0, 20.0, 21.0, 22.0, 0.0, 0.0, 23.0, 24.0, 25.0], [0.0, 0.0, 0.0, 0.0, 0.0, 0.0, 0.0, 0.0, 26.0, 0.0, 27.0, 28.0, 29.0, 30.0, 0.0, 31.0], [0.0, 0.0, -12.0, 0.0, 0.0, 0.0, 0.0, 0.0, 32.0, 33.0, 34.0, 35.0, 36.0, 0.0, 37.0, 38.0], [0.0, 0.0, 0.0, 0.0, 0.0, 0.0, 0.0, 0.0, 39.0, 40.0, 41.0, 42.0, 0.0, 43.0, 44.0, 45.0], [0.0, 0.0, 0.0, 0.0, 0.0, 0.0, 0.0, 0.0, 46.0, 47.0, 48.0, 49.0, 50.0, 51.0, 52.0, 53.0], [-1.0, 0.0, -13.0, -20.0, -26.0, -32.0, -39.0, -46.0, 0.0, 54.0, 55.0, 56.0, 0.0, 57.0, 58.0, 59.0], [0.0, -7.0, -14.0, -21.0, 0.0, -33.0, -40.0, -47.0, -54.0, 0.0, 60.0, 61.0, 0.0, 62.0, 63.0, 64.0], [-2.0, -8.0, -15.0, -22.0, -27.0, -34.0, -41.0, -48.0, -55.0, -60.0, 0.0, 65.0, 0.0, 66.0, 67.0, 68.0], [-3.0, 0.0, -16.0, 0.0, -28.0, -35.0, -42.0, -49.0, -56.0, -61.0, -65.0, 0.0, 69.0, 0.0, 70.0, 71.0], [-4.0, -9.0, -17.0, 0.0, -29.0, -36.0, 0.0, -50.0, 0.0, 0.0, 0.0, -69.0, 0.0, 72.0, 73.0, 74.0], [-5.0, -10.0, 0.0, -23.0, -30.0, 0.0, -43.0, -51.0, -57.0, -62.0, -66.0, 0.0, -72.0, 0.0, 75.0, 76.0], [0.0, 0.0, -18.0, -24.0, 0.0, -37.0, -44.0, -52.0, -58.0, -63.0, -67.0, -70.0, -73.0, -75.0, 0.0, 77.0], [0.0, -11.0, -19.0, -25.0, -31.0, -38.0, -45.0, -53.0, -59.0, -64.0, -68.0, -71.0, -74.0, -76.0, -77.0, 0.0]], [[0.0, 0.0, 0.0, 1.0, 0.0, 0.0, 0.0, 0.0, 0.0, 2.0, 0.0, 3.0, 0.0, 4.0, 0.0, 5.0], [0.0, 0.0, 0.0, 0.0, 0.0, 0.0, 0.0, 0.0, 6.0, 7.0, 8.0, 9.0, 10.0, 11.0, 12.0, 13.0], [0.0, 0.0, 0.0, 0.0, 0.0, 0.0, 0.0, 0.0, 14.0, 0.0, 15.0, 16.0, 17.0, 18.0, 0.0, 19.0], [-1.0, 0.0, 0.0, 0.0, 0.0, 0.0, 0.0, 20.0, 21.0, 22.0, 0.0, 23.0, 24.0, 25.0, 26.0, 27.0], [0.0, 0.0, 0.0, 0.0, 0.0, 0.0, 0.0, 0.0, 28.0, 29.0, 30.0, 31.0, 32.0, 33.0, 34.0, 35.0], [0.0, 0.0, 0.0, 0.0, 0.0, 0.0, 36.0, 0.0, 0.0, 37.0, 38.0, 0.0, 39.0, 40.0, 41.0, 42.0], [0.0, 0.0, 0.0, 0.0, 0.0, -36.0, 0.0, 0.0, 43.0, 44.0, 45.0, 46.0, 47.0, 48.0, 49.0, 50.0], [0.0, 0.0, 0.0, -20.0, 0.0, 0.0, 0.0, 0.0, 51.0, 52.0, 0.0, 53.0, 54.0, 55.0, 56.0, 57.0], [0.0, -6.0, -14.0, -21.0, -28.0, 0.0, -43.0, -51.0, 0.0, 58.0, 59.0, 0.0, 60.0, 61.0, 62.0, 0.0], [-2.0, -7.0, 0.0, -22.0, -29.0, -37.0, -44.0, -52.0, -58.0, 0.0, 63.0, 64.0, 65.0, 66.0, 67.0, 68.0], [0.0, -8.0, -15.0, 0.0, -30.0, -38.0, -45.0, 0.0, -59.0, -63.0, 0.0, 69.0, 70.0, 71.0, 72.0, 73.0], [-3.0, -9.0, -16.0, -23.0, -31.0, 0.0, -46.0, -53.0, 0.0, -64.0, -69.0, 0.0, 74.0, 0.0, 75.0, 76.0], [0.0, -10.0, -17.0, -24.0, -32.0, -39.0, -47.0, -54.0, -60.0, -65.0, -70.0, -74.0, 0.0, 77.0, 78.0, 79.0], [-4.0, -11.0, -18.0, -25.0, -33.0, -40.0, -48.0, -55.0, -61.0, -66.0, -71.0, 0.0, -77.0, 0.0, 80.0, 81.0], [0.0, -12.0, 0.0, -26.0, -34.0, -41.0, -49.0, -56.0, -62.0, -67.0, -72.0, -75.0, -78.0, -80.0, 0.0, 82.0], [-5.0, -13.0, -19.0, -27.0, -35.0, -42.0, -50.0, -57.0, 0.0, -68.0, -73.0, -76.0, -79.0, -81.0, -82.0, 0.0]], [[0.0, 0.0, 0.0, 0.0, 0.0, 0.0, 0.0, 0.0, 1.0, 0.0, 2.0, 3.0, 4.0, 5.0, 6.0, 0.0], [0.0, 0.0, 0.0, 0.0, 0.0, 0.0, 0.0, 0.0, 7.0, 8.0, 9.0, 10.0, 11.0, 12.0, 13.0, 14.0], [0.0, 0.0, 0.0, 0.0, 0.0, 0.0, 0.0, 0.0, 15.0, 16.0, 0.0, 17.0, 18.0, 19.0, 20.0, 21.0], [0.0, 0.0, 0.0, 0.0, 0.0, 0.0, 0.0, 0.0, 22.0, 23.0, 24.0, 25.0, 26.0, 27.0, 0.0, 28.0], [0.0, 0.0, 0.0, 0.0, 0.0, 0.0, 0.0, 29.0, 30.0, 31.0, 32.0, 33.0, 34.0, 35.0, 36.0, 0.0], [0.0, 0.0, 0.0, 0.0, 0.0, 0.0, 0.0, 0.0, 37.0, 38.0, 39.0, 40.0, 0.0, 41.0, 42.0, 43.0], [0.0, 0.0, 0.0, 0.0, 0.0, 0.0, 0.0, 0.0, 44.0, 45.0, 46.0, 47.0, 48.0, 49.0, 50.0, 51.0], [0.0, 0.0, 0.0, 0.0, -29.0, 0.0, 0.0, 0.0, 52.0, 53.0, 0.0, 54.0, 0.0, 55.0, 56.0, 57.0], [-1.0, -7.0, -15.0, -22.0, -30.0, -37.0, -44.0, -52.0, 0.0, 0.0, 0.0, 58.0, 59.0, 60.0, 61.0, 0.0], [0.0, -8.0, -16.0, -23.0, -31.0, -38.0, -45.0, -53.0, 0.0, 0.0, 0.0, 62.0, 63.0, 64.0, 65.0, 66.0], [-2.0, -9.0, 0.0, -24.0, -32.0, -39.0, -46.0, 0.0, 0.0, 0.0, 0.0, 67.0, 68.0, 0.0, 69.0, 70.0], [-3.0, -10.0, -17.0, -25.0, -33.0, -40.0, -47.0, -54.0, -58.0, -62.0, -67.0, 0.0, 71.0, 0.0, 72.0, 0.0], [-4.0, -11.0, -18.0, -26.0, -34.0, 0.0, -48.0, 0.0, -59.0, -63.0, -68.0, -71.0, 0.0, 73.0, 74.0, 75.0], [-5.0, -12.0, -19.0, -27.0, -35.0, -41.0, -49.0, -55.0, -60.0, -64.0, 0.0, 0.0, -73.0, 0.0, 76.0, 77.0], [-6.0, -13.0, -20.0, 0.0, -36.0, -42.0, -50.0, -56.0, -61.0, -65.0, -69.0, -72.0, -74.0, -76.0, 0.0, 78.0], [0.0, -14.0, -21.0, -28.0, 0.0, -43.0, -51.0, -57.0, 0.0, -66.0, -70.0, 0.0, -75.0, -77.0, -78.0, 0.0]], [[0.0, 0.0, 0.0, 0.0, 0.0, 0.0, 0.0, 0.0, 1.0, 2.0, 3.0, 4.0, 5.0, 6.0, 7.0, 0.0], [0.0, 0.0, 0.0, 0.0, 0.0, 0.0, 0.0, 0.0, 0.0, 8.0, 9.0, 10.0, 0.0, 0.0, 11.0, 12.0], [0.0, 0.0, 0.0, 0.0, 0.0, 0.0, 0.0, 0.0, 0.0, 13.0, 14.0, 15.0, 16.0, 17.0, 0.0, 18.0], [0.0, 0.0, 0.0, 0.0, 19.0, 0.0, 0.0, 0.0, 20.0, 21.0, 22.0, 23.0, 24.0, 25.0, 0.0, 26.0], [0.0, 0.0, 0.0, -19.0, 0.0, 0.0, 27.0, 0.0, 0.0, 28.0, 29.0, 30.0, 31.0, 0.0, 32.0, 33.0], [0.0, 0.0, 0.0, 0.0, 0.0, 0.0, 0.0, 0.0, 0.0, 34.0, 35.0, 36.0, 37.0, 0.0, 38.0, 39.0], [0.0, 0.0, 0.0, 0.0, -27.0, 0.0, 0.0, 40.0, 41.0, 42.0, 0.0, 43.0, 44.0, 45.0, 46.0, 47.0], [0.0, 0.0, 0.0, 0.0, 0.0, 0.0, -40.0, 0.0, 48.0, 49.0, 50.0, 51.0, 52.0, 53.0, 54.0, 0.0], [-1.0, 0.0, 0.0, -20.0, 0.0, 0.0, -41.0, -48.0, 0.0, 55.0, 56.0, 0.0, 57.0, 0.0, 0.0, 58.0], [-2.0, -8.0, -13.0, -21.0, -28.0, -34.0, -42.0, -49.0, -55.0, 0.0, 59.0, 0.0, 60.0, 61.0, 0.0, 62.0], [-3.0, -9.0, -14.0, -22.0, -29.0, -35.0, 0.0, -50.0, -56.0, -59.0, 0.0, 63.0, 0.0, 64.0, 65.0, 66.0], [-4.0, -10.0, -15.0, -23.0, -30.0, -36.0, -43.0, -51.0, 0.0, 0.0, -63.0, 0.0, 67.0, 68.0, 69.0, 70.0], [-5.0, 0.0, -16.0, -24.0, -31.0, -37.0, -44.0, -52.0, -57.0, -60.0, 0.0, -67.0, 0.0, 0.0, 0.0, 71.0], [-6.0, 0.0, -17.0, -25.0, 0.0, 0.0, -45.0, -53.0, 0.0, -61.0, -64.0, -68.0, 0.0, 0.0, 72.0, 73.0], [-7.0, -11.0, 0.0, 0.0, -32.0, -38.0, -46.0, -54.0, 0.0, 0.0, -65.0, -69.0, 0.0, -72.0, 0.0, 74.0], [0.0, -12.0, -18.0, -26.0, -33.0, -39.0, -47.0, 0.0, -58.0, -62.0, -66.0, -70.0, -71.0, -73.0, -74.0, 0.0]], [[0.0, 0.0, 0.0, 0.0, 0.0, 0.0, 0.0, 0.0, 1.0, 2.0, 3.0, 0.0, 4.0, 5.0, 6.0, 7.0], [0.0, 0.0, 0.0, 0.0, 0.0, 0.0, 0.0, 0.0, 8.0, 0.0, 9.0, 10.0, 0.0, 11.0, 12.0, 13.0], [0.0, 0.0, 0.0, 0.0, 0.0, 0.0, 0.0, 0.0, 14.0, 0.0, 15.0, 16.0, 17.0, 18.0, 19.0, 20.0], [0.0, 0.0, 0.0, 0.0, 0.0, 0.0, 0.0, 0.0, 0.0, 0.0, 0.0, 21.0, 22.0, 23.0, 24.0, 25.0], [0.0, 0.0, 0.0, 0.0, 0.0, 0.0, 0.0, 0.0, 26.0, 27.0, 28.0, 29.0, 30.0, 0.0, 31.0, 32.0], [0.0, 0.0, 0.0, 0.0, 0.0, 0.0, 0.0, 0.0, 33.0, 34.0, 35.0, 36.0, 37.0, 38.0, 39.0, 40.0], [0.0, 0.0, 0.0, 0.0, 0.0, 0.0, 0.0, 0.0, 41.0, 42.0, 43.0, 44.0, 0.0, 0.0, 0.0, 45.0], [0.0, 0.0, 0.0, 0.0, 0.0, 0.0, 0.0, 0.0, 46.0, 47.0, 48.0, 49.0, 50.0, 51.0, 52.0, 0.0], [-1.0, -8.0, -14.0, 0.0, -26.0, -33.0, -41.0, -46.0, 0.0, 53.0, 54.0, 0.0, 55.0, 56.0, 0.0, 57.0], [-2.0, 0.0, 0.0, 0.0, -27.0, -34.0, -42.0, -47.0, -53.0, 0.0, 0.0, 58.0, 59.0, 60.0, 61.0, 62.0], [-3.0, -9.0, -15.0, 0.0, -28.0, -35.0, -43.0, -48.0, -54.0, 0.0, 0.0, 63.0, 64.0, 65.0, 0.0, 66.0], [0.0, -10.0, -16.0, -21.0, -29.0, -36.0, -44.0, -49.0, 0.0, -58.0, -63.0, 0.0, 67.0, 0.0, 68.0, 0.0], [-4.0, 0.0, -17.0, -22.0, -30.0, -37.0, 0.0, -50.0, -55.0, -59.0, -64.0, -67.0, 0.0, 69.0, 70.0, 71.0], [-5.0, -11.0, -18.0, -23.0, 0.0, -38.0, 0.0, -51.0, -56.0, -60.0, -65.0, 0.0, -69.0, 0.0, 72.0, 73.0], [-6.0, -12.0, -19.0, -24.0, -31.0, -39.0, 0.0, -52.0, 0.0, -61.0, 0.0, -68.0, -70.0, -72.0, 0.0, 0.0], [-7.0, -13.0, -20.0, -25.0, -32.0, -40.0, -45.0, 0.0, -57.0, -62.0, -66.0, 0.0, -71.0, -73.0, 0.0, 0.0]], [[0.0, 0.0, 1.0, 2.0, 0.0, 0.0, 3.0, 0.0, 4.0, 0.0, 5.0, 6.0, 7.0, 8.0, 0.0, 9.0], [0.0, 0.0, 0.0, 0.0, 0.0, 0.0, 0.0, 10.0, 11.0, 12.0, 13.0, 14.0, 15.0, 16.0, 17.0, 18.0], [-1.0, 0.0, 0.0, 0.0, 0.0, 0.0, 0.0, 0.0, 19.0, 20.0, 0.0, 21.0, 0.0, 22.0, 23.0, 24.0], [-2.0, 0.0, 0.0, 0.0, 0.0, 0.0, 0.0, 0.0, 25.0, 26.0, 27.0, 28.0, 29.0, 0.0, 30.0, 31.0], [0.0, 0.0, 0.0, 0.0, 0.0, 0.0, 0.0, 0.0, 32.0, 33.0, 34.0, 35.0, 36.0, 37.0, 38.0, 39.0], [0.0, 0.0, 0.0, 0.0, 0.0, 0.0, 0.0, 0.0, 40.0, 41.0, 42.0, 0.0, 43.0, 44.0, 45.0, 46.0], [-3.0, 0.0, 0.0, 0.0, 0.0, 0.0, 0.0, 0.0, 47.0, 48.0, 49.0, 50.0, 51.0, 52.0, 53.0, 54.0], [0.0, -10.0, 0.0, 0.0, 0.0, 0.0, 0.0, 0.0, 55.0, 56.0, 0.0, 57.0, 0.0, 0.0, 0.0, 58.0], [-4.0, -11.0, -19.0, -25.0, -32.0, -40.0, -47.0, -55.0, 0.0, 59.0, 60.0, 0.0, 0.0, 61.0, 62.0, 63.0], [0.0, -12.0, -20.0, -26.0, -33.0, -41.0, -48.0, -56.0, -59.0, 0.0, 64.0, 65.0, 66.0, 0.0, 67.0, 68.0], [-5.0, -13.0, 0.0, -27.0, -34.0, -42.0, -49.0, 0.0, -60.0, -64.0, 0.0, 69.0, 70.0, 71.0, 0.0, 72.0], [-6.0, -14.0, -21.0, -28.0, -35.0, 0.0, -50.0, -57.0, 0.0, -65.0, -69.0, 0.0, 73.0, 74.0, 75.0, 76.0], [-7.0, -15.0, 0.0, -29.0, -36.0, -43.0, -51.0, 0.0, 0.0, -66.0, -70.0, -73.0, 0.0, 77.0, 78.0, 79.0], [-8.0, -16.0, -22.0, 0.0, -37.0, -44.0, -52.0, 0.0, -61.0, 0.0, -71.0, -74.0, -77.0, 0.0, 80.0, 81.0], [0.0, -17.0, -23.0, -30.0, -38.0, -45.0, -53.0, 0.0, -62.0, -67.0, 0.0, -75.0, -78.0, -80.0, 0.0, 82.0], [-9.0, -18.0, -24.0, -31.0, -39.0, -46.0, -54.0, -58.0, -63.0, -68.0, -72.0, -76.0, -79.0, -81.0, -82.0, 0.0]], [[0.0, 0.0, 0.0, 0.0, 0.0, 0.0, 0.0, 0.0, 1.0, 2.0, 3.0, 0.0, 4.0, 5.0, 0.0, 6.0], [0.0, 0.0, 0.0, 0.0, 0.0, 0.0, 0.0, 0.0, 7.0, 8.0, 9.0, 0.0, 10.0, 11.0, 0.0, 12.0], [0.0, 0.0, 0.0, 0.0, 0.0, 0.0, 0.0, 0.0, 13.0, 14.0, 15.0, 16.0, 0.0, 17.0, 18.0, 19.0], [0.0, 0.0, 0.0, 0.0, 0.0, 0.0, 0.0, 0.0, 0.0, 0.0, 20.0, 21.0, 0.0, 22.0, 23.0, 24.0], [0.0, 0.0, 0.0, 0.0, 0.0, 0.0, 0.0, 0.0, 0.0, 25.0, 26.0, 27.0, 28.0, 29.0, 30.0, 31.0], [0.0, 0.0, 0.0, 0.0, 0.0, 0.0, 0.0, 0.0, 32.0, 33.0, 34.0, 35.0, 0.0, 36.0, 0.0, 0.0], [0.0, 0.0, 0.0, 0.0, 0.0, 0.0, 0.0, 0.0, 37.0, 38.0, 39.0, 40.0, 41.0, 0.0, 42.0, 43.0], [0.0, 0.0, 0.0, 0.0, 0.0, 0.0, 0.0, 0.0, 44.0, 45.0, 0.0, 46.0, 47.0, 48.0, 49.0, 50.0], [-1.0, -7.0, -13.0, 0.0, 0.0, -32.0, -37.0, -44.0, 0.0, 51.0, 52.0, 53.0, 54.0, 55.0, 0.0, 56.0], [-2.0, -8.0, -14.0, 0.0, -25.0, -33.0, -38.0, -45.0, -51.0, 0.0, 57.0, 58.0, 59.0, 60.0, 61.0, 62.0], [-3.0, -9.0, -15.0, -20.0, -26.0, -34.0, -39.0, 0.0, -52.0, -57.0, 0.0, 0.0, 0.0, 0.0, 0.0, 63.0], [0.0, 0.0, -16.0, -21.0, -27.0, -35.0, -40.0, -46.0, -53.0, -58.0, 0.0, 0.0, 64.0, 65.0, 66.0, 67.0], [-4.0, -10.0, 0.0, 0.0, -28.0, 0.0, -41.0, -47.0, -54.0, -59.0, 0.0, -64.0, 0.0, 68.0, 69.0, 70.0], [-5.0, -11.0, -17.0, -22.0, -29.0, -36.0, 0.0, -48.0, -55.0, -60.0, 0.0, -65.0, -68.0, 0.0, 0.0, 0.0], [0.0, 0.0, -18.0, -23.0, -30.0, 0.0, -42.0, -49.0, 0.0, -61.0, 0.0, -66.0, -69.0, 0.0, 0.0, 71.0], [-6.0, -12.0, -19.0, -24.0, -31.0, 0.0, -43.0, -50.0, -56.0, -62.0, -63.0, -67.0, -70.0, 0.0, -71.0, 0.0]], [[0.0, 0.0, 0.0, 0.0, 0.0, 0.0, 0.0, 0.0, 1.0, 2.0, 3.0, 4.0, 5.0, 6.0, 7.0, 8.0], [0.0, 0.0, 0.0, 0.0, 0.0, 0.0, 0.0, 9.0, 0.0, 10.0, 11.0, 0.0, 12.0, 0.0, 13.0, 14.0], [0.0, 0.0, 0.0, 0.0, 15.0, 0.0, 16.0, 0.0, 17.0, 18.0, 19.0, 20.0, 21.0, 22.0, 23.0, 24.0], [0.0, 0.0, 0.0, 0.0, 0.0, 0.0, 0.0, 0.0, 25.0, 26.0, 27.0, 0.0, 28.0, 29.0, 30.0, 0.0], [0.0, 0.0, -15.0, 0.0, 0.0, 0.0, 31.0, 0.0, 0.0, 32.0, 0.0, 33.0, 34.0, 35.0, 36.0, 0.0], [0.0, 0.0, 0.0, 0.0, 0.0, 0.0, 0.0, 0.0, 37.0, 38.0, 0.0, 39.0, 40.0, 41.0, 42.0, 43.0], [0.0, 0.0, -16.0, 0.0, -31.0, 0.0, 0.0, 0.0, 0.0, 44.0, 45.0, 0.0, 46.0, 47.0, 48.0, 0.0], [0.0, -9.0, 0.0, 0.0, 0.0, 0.0, 0.0, 0.0, 49.0, 50.0, 51.0, 52.0, 53.0, 54.0, 0.0, 0.0], [-1.0, 0.0, -17.0, -25.0, 0.0, -37.0, 0.0, -49.0, 0.0, 55.0, 56.0, 57.0, 58.0, 59.0, 60.0, 61.0], [-2.0, -10.0, -18.0, -26.0, -32.0, -38.0, -44.0, -50.0, -55.0, 0.0, 62.0, 63.0, 0.0, 64.0, 65.0, 0.0], [-3.0, -11.0, -19.0, -27.0, 0.0, 0.0, -45.0, -51.0, -56.0, -62.0, 0.0, 0.0, 66.0, 67.0, 68.0, 69.0], [-4.0, 0.0, -20.0, 0.0, -33.0, -39.0, 0.0, -52.0, -57.0, -63.0, 0.0, 0.0, 70.0, 0.0, 71.0, 72.0], [-5.0, -12.0, -21.0, -28.0, -34.0, -40.0, -46.0, -53.0, -58.0, 0.0, -66.0, -70.0, 0.0, 0.0, 73.0, 74.0], [-6.0, 0.0, -22.0, -29.0, -35.0, -41.0, -47.0, -54.0, -59.0, -64.0, -67.0, 0.0, 0.0, 0.0, 75.0, 0.0], [-7.0, -13.0, -23.0, -30.0, -36.0, -42.0, -48.0, 0.0, -60.0, -65.0, -68.0, -71.0, -73.0, -75.0, 0.0, 76.0], [-8.0, -14.0, -24.0, 0.0, 0.0, -43.0, 0.0, 0.0, -61.0, 0.0, -69.0, -72.0, -74.0, 0.0, -76.0, 0.0]], [[0.0, 0.0, 1.0, 0.0, 0.0, 0.0, 2.0, 0.0, 3.0, 4.0, 5.0, 6.0, 7.0, 8.0, 9.0, 10.0], [0.0, 0.0, 0.0, 11.0, 0.0, 0.0, 0.0, 0.0, 12.0, 13.0, 14.0, 15.0, 0.0, 16.0, 17.0, 18.0], [-1.0, 0.0, 0.0, 0.0, 0.0, 19.0, 0.0, 0.0, 20.0, 21.0, 0.0, 22.0, 23.0, 0.0, 24.0, 25.0], [0.0, -11.0, 0.0, 0.0, 0.0, 0.0, 0.0, 0.0, 26.0, 27.0, 28.0, 29.0, 30.0, 31.0, 32.0, 33.0], [0.0, 0.0, 0.0, 0.0, 0.0, 0.0, 0.0, 34.0, 35.0, 36.0, 37.0, 38.0, 39.0, 40.0, 41.0, 42.0], [0.0, 0.0, -19.0, 0.0, 0.0, 0.0, 0.0, 0.0, 43.0, 44.0, 45.0, 46.0, 47.0, 0.0, 48.0, 49.0], [-2.0, 0.0, 0.0, 0.0, 0.0, 0.0, 0.0, 0.0, 50.0, 51.0, 52.0, 53.0, 54.0, 55.0, 56.0, 57.0], [0.0, 0.0, 0.0, 0.0, -34.0, 0.0, 0.0, 0.0, 58.0, 59.0, 60.0, 0.0, 61.0, 62.0, 63.0, 64.0], [-3.0, -12.0, -20.0, -26.0, -35.0, -43.0, -50.0, -58.0, 0.0, 65.0, 66.0, 67.0, 68.0, 69.0, 0.0, 70.0], [-4.0, -13.0, -21.0, -27.0, -36.0, -44.0, -51.0, -59.0, -65.0, 0.0, 71.0, 72.0, 73.0, 74.0, 75.0, 0.0], [-5.0, -14.0, 0.0, -28.0, -37.0, -45.0, -52.0, -60.0, -66.0, -71.0, 0.0, 76.0, 77.0, 78.0, 79.0, 80.0], [-6.0, -15.0, -22.0, -29.0, -38.0, -46.0, -53.0, 0.0, -67.0, -72.0, -76.0, 0.0, 81.0, 82.0, 0.0, 83.0], [-7.0, 0.0, -23.0, -30.0, -39.0, -47.0, -54.0, -61.0, -68.0, -73.0, -77.0, -81.0, 0.0, 0.0, 84.0, 85.0], [-8.0, -16.0, 0.0, -31.0, -40.0, 0.0, -55.0, -62.0, -69.0, -74.0, -78.0, -82.0, 0.0, 0.0, 86.0, 87.0], [-9.0, -17.0, -24.0, -32.0, -41.0, -48.0, -56.0, -63.0, 0.0, -75.0, -79.0, 0.0, -84.0, -86.0, 0.0, 88.0], [-10.0, -18.0, -25.0, -33.0, -42.0, -49.0, -57.0, -64.0, -70.0, 0.0, -80.0, -83.0, -85.0, -87.0, -88.0, 0.0]], [[0.0, 0.0, 1.0, 0.0, 2.0, 0.0, 0.0, 0.0, 3.0, 0.0, 0.0, 4.0, 5.0, 0.0, 6.0, 7.0], [0.0, 0.0, 0.0, 0.0, 0.0, 0.0, 0.0, 0.0, 8.0, 9.0, 0.0, 10.0, 11.0, 12.0, 0.0, 0.0], [-1.0, 0.0, 0.0, 0.0, 0.0, 0.0, 0.0, 0.0, 13.0, 0.0, 0.0, 14.0, 15.0, 0.0, 16.0, 17.0], [0.0, 0.0, 0.0, 0.0, 0.0, 18.0, 0.0, 0.0, 19.0, 20.0, 21.0, 0.0, 22.0, 23.0, 24.0, 25.0], [-2.0, 0.0, 0.0, 0.0, 0.0, 0.0, 0.0, 26.0, 27.0, 0.0, 28.0, 29.0, 30.0, 31.0, 32.0, 0.0], [0.0, 0.0, 0.0, -18.0, 0.0, 0.0, 0.0, 0.0, 0.0, 33.0, 34.0, 35.0, 36.0, 37.0, 38.0, 0.0], [0.0, 0.0, 0.0, 0.0, 0.0, 0.0, 0.0, 0.0, 39.0, 40.0, 41.0, 42.0, 43.0, 44.0, 45.0, 46.0], [0.0, 0.0, 0.0, 0.0, -26.0, 0.0, 0.0, 0.0, 47.0, 48.0, 49.0, 50.0, 51.0, 52.0, 53.0, 54.0], [-3.0, -8.0, -13.0, -19.0, -27.0, 0.0, -39.0, -47.0, 0.0, 55.0, 0.0, 56.0, 0.0, 57.0, 58.0, 59.0], [0.0, -9.0, 0.0, -20.0, 0.0, -33.0, -40.0, -48.0, -55.0, 0.0, 0.0, 0.0, 60.0, 61.0, 62.0, 63.0], [0.0, 0.0, 0.0, -21.0, -28.0, -34.0, -41.0, -49.0, 0.0, 0.0, 0.0, 64.0, 65.0, 66.0, 67.0, 0.0], [-4.0, -10.0, -14.0, 0.0, -29.0, -35.0, -42.0, -50.0, -56.0, 0.0, -64.0, 0.0, 0.0, 68.0, 69.0, 70.0], [-5.0, -11.0, -15.0, -22.0, -30.0, -36.0, -43.0, -51.0, 0.0, -60.0, -65.0, 0.0, 0.0, 71.0, 72.0, 73.0], [0.0, -12.0, 0.0, -23.0, -31.0, -37.0, -44.0, -52.0, -57.0, -61.0, -66.0, -68.0, -71.0, 0.0, 74.0, 0.0], [-6.0, 0.0, -16.0, -24.0, -32.0, -38.0, -45.0, -53.0, -58.0, -62.0, -67.0, -69.0, -72.0, -74.0, 0.0, 75.0], [-7.0, 0.0, -17.0, -25.0, 0.0, 0.0, -46.0, -54.0, -59.0, -63.0, 0.0, -70.0, -73.0, 0.0, -75.0, 0.0]], [[0.0, 0.0, 0.0, 0.0, 0.0, 0.0, 0.0, 0.0, 1.0, 2.0, 3.0, 0.0, 4.0, 5.0, 6.0, 7.0], [0.0, 0.0, 8.0, 0.0, 0.0, 0.0, 0.0, 0.0, 0.0, 9.0, 10.0, 11.0, 0.0, 12.0, 13.0, 14.0], [0.0, -8.0, 0.0, 0.0, 0.0, 0.0, 0.0, 0.0, 0.0, 15.0, 16.0, 0.0, 0.0, 17.0, 0.0, 18.0], [0.0, 0.0, 0.0, 0.0, 0.0, 0.0, 0.0, 19.0, 20.0, 21.0, 22.0, 23.0, 24.0, 25.0, 26.0, 27.0], [0.0, 0.0, 0.0, 0.0, 0.0, 0.0, 0.0, 0.0, 28.0, 29.0, 0.0, 30.0, 31.0, 0.0, 32.0, 33.0], [0.0, 0.0, 0.0, 0.0, 0.0, 0.0, 0.0, 0.0, 34.0, 35.0, 0.0, 36.0, 0.0, 37.0, 38.0, 39.0], [0.0, 0.0, 0.0, 0.0, 0.0, 0.0, 0.0, 0.0, 40.0, 41.0, 0.0, 42.0, 43.0, 44.0, 45.0, 46.0], [0.0, 0.0, 0.0, -19.0, 0.0, 0.0, 0.0, 0.0, 47.0, 48.0, 49.0, 50.0, 0.0, 51.0, 52.0, 0.0], [-1.0, 0.0, 0.0, -20.0, -28.0, -34.0, -40.0, -47.0, 0.0, 0.0, 53.0, 54.0, 55.0, 56.0, 57.0, 58.0], [-2.0, -9.0, -15.0, -21.0, -29.0, -35.0, -41.0, -48.0, 0.0, 0.0, 59.0, 0.0, 60.0, 61.0, 62.0, 0.0], [-3.0, -10.0, -16.0, -22.0, 0.0, 0.0, 0.0, -49.0, -53.0, -59.0, 0.0, 63.0, 64.0, 0.0, 0.0, 65.0], [0.0, -11.0, 0.0, -23.0, -30.0, -36.0, -42.0, -50.0, -54.0, 0.0, -63.0, 0.0, 66.0, 67.0, 0.0, 0.0], [-4.0, 0.0, 0.0, -24.0, -31.0, 0.0, -43.0, 0.0, -55.0, -60.0, -64.0, -66.0, 0.0, 0.0, 0.0, 68.0], [-5.0, -12.0, -17.0, -25.0, 0.0, -37.0, -44.0, -51.0, -56.0, -61.0, 0.0, -67.0, 0.0, 0.0, 69.0, 70.0], [-6.0, -13.0, 0.0, -26.0, -32.0, -38.0, -45.0, -52.0, -57.0, -62.0, 0.0, 0.0, 0.0, -69.0, 0.0, 0.0], [-7.0, -14.0, -18.0, -27.0, -33.0, -39.0, -46.0, 0.0, -58.0, 0.0, -65.0, 0.0, -68.0, -70.0, 0.0, 0.0]], [[0.0, 0.0, 1.0, 0.0, 0.0, 0.0, 0.0, 0.0, 0.0, 2.0, 3.0, 4.0, 5.0, 6.0, 7.0, 0.0], [0.0, 0.0, 0.0, 0.0, 0.0, 0.0, 0.0, 0.0, 8.0, 0.0, 9.0, 10.0, 11.0, 12.0, 13.0, 14.0], [-1.0, 0.0, 0.0, 0.0, 0.0, 0.0, 0.0, 0.0, 15.0, 16.0, 17.0, 18.0, 0.0, 19.0, 20.0, 21.0], [0.0, 0.0, 0.0, 0.0, 0.0, 0.0, 0.0, 0.0, 22.0, 23.0, 24.0, 25.0, 26.0, 27.0, 0.0, 28.0], [0.0, 0.0, 0.0, 0.0, 0.0, 29.0, 0.0, 0.0, 30.0, 0.0, 31.0, 0.0, 0.0, 32.0, 33.0, 34.0], [0.0, 0.0, 0.0, 0.0, -29.0, 0.0, 0.0, 0.0, 35.0, 0.0, 36.0, 37.0, 38.0, 39.0, 40.0, 41.0], [0.0, 0.0, 0.0, 0.0, 0.0, 0.0, 0.0, 42.0, 0.0, 43.0, 44.0, 45.0, 46.0, 47.0, 48.0, 49.0], [0.0, 0.0, 0.0, 0.0, 0.0, 0.0, -42.0, 0.0, 50.0, 51.0, 52.0, 53.0, 54.0, 55.0, 56.0, 57.0], [0.0, -8.0, -15.0, -22.0, -30.0, -35.0, 0.0, -50.0, 0.0, 0.0, 58.0, 59.0, 0.0, 60.0, 61.0, 62.0], [-2.0, 0.0, -16.0, -23.0, 0.0, 0.0, -43.0, -51.0, 0.0, 0.0, 63.0, 64.0, 65.0, 66.0, 67.0, 0.0], [-3.0, -9.0, -17.0, -24.0, -31.0, -36.0, -44.0, -52.0, -58.0, -63.0, 0.0, 68.0, 69.0, 70.0, 0.0, 71.0], [-4.0, -10.0, -18.0, -25.0, 0.0, -37.0, -45.0, -53.0, -59.0, -64.0, -68.0, 0.0, 72.0, 73.0, 74.0, 75.0], [-5.0, -11.0, 0.0, -26.0, 0.0, -38.0, -46.0, -54.0, 0.0, -65.0, -69.0, -72.0, 0.0, 76.0, 77.0, 78.0], [-6.0, -12.0, -19.0, -27.0, -32.0, -39.0, -47.0, -55.0, -60.0, -66.0, -70.0, -73.0, -76.0, 0.0, 79.0, 80.0], [-7.0, -13.0, -20.0, 0.0, -33.0, -40.0, -48.0, -56.0, -61.0, -67.0, 0.0, -74.0, -77.0, -79.0, 0.0, 81.0], [0.0, -14.0, -21.0, -28.0, -34.0, -41.0, -49.0, -57.0, -62.0, 0.0, -71.0, -75.0, -78.0, -80.0, -81.0, 0.0]], [[0.0, 0.0, 0.0, 0.0, 0.0, 0.0, 0.0, 1.0, 2.0, 0.0, 3.0, 4.0, 5.0, 0.0, 6.0, 7.0], [0.0, 0.0, 0.0, 0.0, 0.0, 8.0, 0.0, 0.0, 9.0, 10.0, 11.0, 12.0, 13.0, 14.0, 15.0, 0.0], [0.0, 0.0, 0.0, 0.0, 0.0, 0.0, 0.0, 0.0, 0.0, 16.0, 17.0, 18.0, 19.0, 20.0, 21.0, 22.0], [0.0, 0.0, 0.0, 0.0, 0.0, 0.0, 23.0, 0.0, 24.0, 25.0, 26.0, 27.0, 28.0, 29.0, 30.0, 0.0], [0.0, 0.0, 0.0, 0.0, 0.0, 0.0, 31.0, 0.0, 32.0, 33.0, 34.0, 0.0, 0.0, 0.0, 35.0, 36.0], [0.0, -8.0, 0.0, 0.0, 0.0, 0.0, 0.0, 0.0, 37.0, 38.0, 39.0, 40.0, 41.0, 0.0, 0.0, 0.0], [0.0, 0.0, 0.0, -23.0, -31.0, 0.0, 0.0, 42.0, 43.0, 44.0, 45.0, 46.0, 47.0, 48.0, 49.0, 50.0], [-1.0, 0.0, 0.0, 0.0, 0.0, 0.0, -42.0, 0.0, 51.0, 52.0, 53.0, 54.0, 55.0, 56.0, 0.0, 57.0], [-2.0, -9.0, 0.0, -24.0, -32.0, -37.0, -43.0, -51.0, 0.0, 58.0, 59.0, 60.0, 61.0, 62.0, 63.0, 64.0], [0.0, -10.0, -16.0, -25.0, -33.0, -38.0, -44.0, -52.0, -58.0, 0.0, 0.0, 65.0, 0.0, 0.0, 66.0, 67.0], [-3.0, -11.0, -17.0, -26.0, -34.0, -39.0, -45.0, -53.0, -59.0, 0.0, 0.0, 0.0, 68.0, 69.0, 70.0, 71.0], [-4.0, -12.0, -18.0, -27.0, 0.0, -40.0, -46.0, -54.0, -60.0, -65.0, 0.0, 0.0, 72.0, 0.0, 73.0, 74.0], [-5.0, -13.0, -19.0, -28.0, 0.0, -41.0, -47.0, -55.0, -61.0, 0.0, -68.0, -72.0, 0.0, 75.0, 76.0, 77.0], [0.0, -14.0, -20.0, -29.0, 0.0, 0.0, -48.0, -56.0, -62.0, 0.0, -69.0, 0.0, -75.0, 0.0, 78.0, 79.0], [-6.0, -15.0, -21.0, -30.0, -35.0, 0.0, -49.0, 0.0, -63.0, -66.0, -70.0, -73.0, -76.0, -78.0, 0.0, 80.0], [-7.0, 0.0, -22.0, 0.0, -36.0, 0.0, -50.0, -57.0, -64.0, -67.0, -71.0, -74.0, -77.0, -79.0, -80.0, 0.0]], [[0.0, 0.0, 0.0, 0.0, 0.0, 0.0, 0.0, 0.0, 1.0, 0.0, 2.0, 3.0, 4.0, 5.0, 6.0, 7.0], [0.0, 0.0, 8.0, 0.0, 0.0, 9.0, 0.0, 0.0, 10.0, 11.0, 12.0, 0.0, 13.0, 0.0, 14.0, 15.0], [0.0, -8.0, 0.0, 0.0, 0.0, 0.0, 0.0, 0.0, 0.0, 16.0, 17.0, 18.0, 19.0, 20.0, 0.0, 21.0], [0.0, 0.0, 0.0, 0.0, 0.0, 0.0, 0.0, 0.0, 22.0, 23.0, 24.0, 25.0, 26.0, 27.0, 28.0, 29.0], [0.0, 0.0, 0.0, 0.0, 0.0, 0.0, 0.0, 0.0, 30.0, 31.0, 0.0, 32.0, 33.0, 0.0, 34.0, 0.0], [0.0, -9.0, 0.0, 0.0, 0.0, 0.0, 0.0, 0.0, 0.0, 35.0, 36.0, 37.0, 38.0, 39.0, 40.0, 41.0], [0.0, 0.0, 0.0, 0.0, 0.0, 0.0, 0.0, 0.0, 0.0, 42.0, 43.0, 44.0, 45.0, 46.0, 47.0, 0.0], [0.0, 0.0, 0.0, 0.0, 0.0, 0.0, 0.0, 0.0, 48.0, 49.0, 50.0, 51.0, 52.0, 53.0, 0.0, 54.0], [-1.0, -10.0, 0.0, -22.0, -30.0, 0.0, 0.0, -48.0, 0.0, 55.0, 56.0, 57.0, 58.0, 59.0, 0.0, 60.0], [0.0, -11.0, -16.0, -23.0, -31.0, -35.0, -42.0, -49.0, -55.0, 0.0, 61.0, 0.0, 62.0, 63.0, 64.0, 0.0], [-2.0, -12.0, -17.0, -24.0, 0.0, -36.0, -43.0, -50.0, -56.0, -61.0, 0.0, 65.0, 0.0, 66.0, 67.0, 68.0], [-3.0, 0.0, -18.0, -25.0, -32.0, -37.0, -44.0, -51.0, -57.0, 0.0, -65.0, 0.0, 69.0, 70.0, 0.0, 71.0], [-4.0, -13.0, -19.0, -26.0, -33.0, -38.0, -45.0, -52.0, -58.0, -62.0, 0.0, -69.0, 0.0, 72.0, 73.0, 0.0], [-5.0, 0.0, -20.0, -27.0, 0.0, -39.0, -46.0, -53.0, -59.0, -63.0, -66.0, -70.0, -72.0, 0.0, 74.0, 75.0], [-6.0, -14.0, 0.0, -28.0, -34.0, -40.0, -47.0, 0.0, 0.0, -64.0, -67.0, 0.0, -73.0, -74.0, 0.0, 76.0], [-7.0, -15.0, -21.0, -29.0, 0.0, -41.0, 0.0, -54.0, -60.0, 0.0, -68.0, -71.0, 0.0, -75.0, -76.0, 0.0]], [[0.0, 0.0, 0.0, 0.0, 0.0, 0.0, 0.0, 0.0, 1.0, 2.0, 3.0, 4.0, 5.0, 6.0, 7.0, 8.0], [0.0, 0.0, 0.0, 0.0, 0.0, 0.0, 0.0, 0.0, 9.0, 0.0, 0.0, 10.0, 11.0, 12.0, 13.0, 14.0], [0.0, 0.0, 0.0, 0.0, 15.0, 0.0, 16.0, 0.0, 0.0, 17.0, 18.0, 0.0, 19.0, 0.0, 20.0, 21.0], [0.0, 0.0, 0.0, 0.0, 0.0, 0.0, 0.0, 0.0, 0.0, 22.0, 0.0, 0.0, 23.0, 0.0, 24.0, 25.0], [0.0, 0.0, -15.0, 0.0, 0.0, 0.0, 0.0, 0.0, 26.0, 27.0, 28.0, 29.0, 0.0, 30.0, 31.0, 32.0], [0.0, 0.0, 0.0, 0.0, 0.0, 0.0, 0.0, 0.0, 0.0, 33.0, 34.0, 35.0, 36.0, 0.0, 37.0, 38.0], [0.0, 0.0, -16.0, 0.0, 0.0, 0.0, 0.0, 0.0, 0.0, 0.0, 39.0, 0.0, 40.0, 41.0, 42.0, 43.0], [0.0, 0.0, 0.0, 0.0, 0.0, 0.0, 0.0, 0.0, 44.0, 45.0, 0.0, 0.0, 0.0, 46.0, 47.0, 48.0], [-1.0, -9.0, 0.0, 0.0, -26.0, 0.0, 0.0, -44.0, 0.0, 49.0, 50.0, 51.0, 52.0, 53.0, 0.0, 54.0], [-2.0, 0.0, -17.0, -22.0, -27.0, -33.0, 0.0, -45.0, -49.0, 0.0, 55.0, 0.0, 56.0, 57.0, 58.0, 59.0], [-3.0, 0.0, -18.0, 0.0, -28.0, -34.0, -39.0, 0.0, -50.0, -55.0, 0.0, 0.0, 60.0, 61.0, 62.0, 63.0], [-4.0, -10.0, 0.0, 0.0, -29.0, -35.0, 0.0, 0.0, -51.0, 0.0, 0.0, 0.0, 64.0, 0.0, 65.0, 0.0], [-5.0, -11.0, -19.0, -23.0, 0.0, -36.0, -40.0, 0.0, -52.0, -56.0, -60.0, -64.0, 0.0, 66.0, 0.0, 67.0], [-6.0, -12.0, 0.0, 0.0, -30.0, 0.0, -41.0, -46.0, -53.0, -57.0, -61.0, 0.0, -66.0, 0.0, 68.0, 69.0], [-7.0, -13.0, -20.0, -24.0, -31.0, -37.0, -42.0, -47.0, 0.0, -58.0, -62.0, -65.0, 0.0, -68.0, 0.0, 70.0], [-8.0, -14.0, -21.0, -25.0, -32.0, -38.0, -43.0, -48.0, -54.0, -59.0, -63.0, 0.0, -67.0, -69.0, -70.0, 0.0]], [[0.0, 0.0, 0.0, 0.0, 0.0, 0.0, 0.0, 0.0, 0.0, 0.0, 0.0, 1.0, 2.0, 0.0, 3.0, 4.0], [0.0, 0.0, 0.0, 0.0, 0.0, 0.0, 0.0, 0.0, 5.0, 6.0, 7.0, 8.0, 0.0, 0.0, 0.0, 9.0], [0.0, 0.0, 0.0, 0.0, 0.0, 0.0, 0.0, 0.0, 10.0, 11.0, 12.0, 13.0, 14.0, 15.0, 16.0, 17.0], [0.0, 0.0, 0.0, 0.0, 0.0, 0.0, 0.0, 18.0, 19.0, 20.0, 21.0, 22.0, 23.0, 24.0, 25.0, 26.0], [0.0, 0.0, 0.0, 0.0, 0.0, 0.0, 0.0, 0.0, 27.0, 28.0, 29.0, 30.0, 31.0, 32.0, 33.0, 34.0], [0.0, 0.0, 0.0, 0.0, 0.0, 0.0, 0.0, 0.0, 35.0, 36.0, 37.0, 0.0, 38.0, 39.0, 40.0, 41.0], [0.0, 0.0, 0.0, 0.0, 0.0, 0.0, 0.0, 0.0, 0.0, 42.0, 43.0, 44.0, 0.0, 0.0, 45.0, 46.0], [0.0, 0.0, 0.0, -18.0, 0.0, 0.0, 0.0, 0.0, 47.0, 0.0, 0.0, 48.0, 49.0, 50.0, 51.0, 52.0], [0.0, -5.0, -10.0, -19.0, -27.0, -35.0, 0.0, -47.0, 0.0, 0.0, 53.0, 54.0, 55.0, 56.0, 57.0, 58.0], [0.0, -6.0, -11.0, -20.0, -28.0, -36.0, -42.0, 0.0, 0.0, 0.0, 59.0, 60.0, 61.0, 62.0, 63.0, 0.0], [0.0, -7.0, -12.0, -21.0, -29.0, -37.0, -43.0, 0.0, -53.0, -59.0, 0.0, 0.0, 64.0, 0.0, 65.0, 66.0], [-1.0, -8.0, -13.0, -22.0, -30.0, 0.0, -44.0, -48.0, -54.0, -60.0, 0.0, 0.0, 67.0, 0.0, 68.0, 0.0], [-2.0, 0.0, -14.0, -23.0, -31.0, -38.0, 0.0, -49.0, -55.0, -61.0, -64.0, -67.0, 0.0, 0.0, 0.0, 69.0], [0.0, 0.0, -15.0, -24.0, -32.0, -39.0, 0.0, -50.0, -56.0, -62.0, 0.0, 0.0, 0.0, 0.0, 70.0, 0.0], [-3.0, 0.0, -16.0, -25.0, -33.0, -40.0, -45.0, -51.0, -57.0, -63.0, -65.0, -68.0, 0.0, -70.0, 0.0, 71.0], [-4.0, -9.0, -17.0, -26.0, -34.0, -41.0, -46.0, -52.0, -58.0, 0.0, -66.0, 0.0, -69.0, 0.0, -71.0, 0.0]], [[0.0, 0.0, 0.0, 0.0, 0.0, 0.0, 0.0, 0.0, 1.0, 2.0, 3.0, 4.0, 5.0, 0.0, 6.0, 0.0], [0.0, 0.0, 0.0, 0.0, 0.0, 0.0, 7.0, 0.0, 8.0, 9.0, 10.0, 11.0, 12.0, 13.0, 14.0, 15.0], [0.0, 0.0, 0.0, 0.0, 0.0, 16.0, 0.0, 0.0, 17.0, 18.0, 19.0, 0.0, 20.0, 21.0, 0.0, 22.0], [0.0, 0.0, 0.0, 0.0, 0.0, 0.0, 23.0, 0.0, 24.0, 0.0, 0.0, 25.0, 26.0, 27.0, 28.0, 29.0], [0.0, 0.0, 0.0, 0.0, 0.0, 0.0, 0.0, 30.0, 31.0, 32.0, 33.0, 34.0, 35.0, 36.0, 37.0, 38.0], [0.0, 0.0, -16.0, 0.0, 0.0, 0.0, 39.0, 0.0, 40.0, 41.0, 42.0, 43.0, 44.0, 45.0, 46.0, 47.0], [0.0, -7.0, 0.0, -23.0, 0.0, -39.0, 0.0, 0.0, 48.0, 49.0, 50.0, 51.0, 0.0, 52.0, 53.0, 54.0], [0.0, 0.0, 0.0, 0.0, -30.0, 0.0, 0.0, 0.0, 55.0, 56.0, 57.0, 58.0, 59.0, 0.0, 60.0, 61.0], [-1.0, -8.0, -17.0, -24.0, -31.0, -40.0, -48.0, -55.0, 0.0, 62.0, 63.0, 64.0, 65.0, 66.0, 67.0, 68.0], [-2.0, -9.0, -18.0, 0.0, -32.0, -41.0, -49.0, -56.0, -62.0, 0.0, 0.0, 69.0, 70.0, 71.0, 72.0, 0.0], [-3.0, -10.0, -19.0, 0.0, -33.0, -42.0, -50.0, -57.0, -63.0, 0.0, 0.0, 73.0, 74.0, 75.0, 76.0, 77.0], [-4.0, -11.0, 0.0, -25.0, -34.0, -43.0, -51.0, -58.0, -64.0, -69.0, -73.0, 0.0, 78.0, 79.0, 80.0, 81.0], [-5.0, -12.0, -20.0, -26.0, -35.0, -44.0, 0.0, -59.0, -65.0, -70.0, -74.0, -78.0, 0.0, 82.0, 0.0, 83.0], [0.0, -13.0, -21.0, -27.0, -36.0, -45.0, -52.0, 0.0, -66.0, -71.0, -75.0, -79.0, -82.0, 0.0, 0.0, 84.0], [-6.0, -14.0, 0.0, -28.0, -37.0, -46.0, -53.0, -60.0, -67.0, -72.0, -76.0, -80.0, 0.0, 0.0, 0.0, 85.0], [0.0, -15.0, -22.0, -29.0, -38.0, -47.0, -54.0, -61.0, -68.0, 0.0, -77.0, -81.0, -83.0, -84.0, -85.0, 0.0]], [[0.0, 0.0, 0.0, 0.0, 1.0, 0.0, 0.0, 0.0, 2.0, 3.0, 4.0, 5.0, 6.0, 7.0, 8.0, 9.0], [0.0, 0.0, 0.0, 0.0, 0.0, 0.0, 0.0, 10.0, 11.0, 12.0, 13.0, 14.0, 15.0, 16.0, 17.0, 18.0], [0.0, 0.0, 0.0, 0.0, 0.0, 0.0, 0.0, 0.0, 0.0, 19.0, 20.0, 21.0, 22.0, 0.0, 23.0, 24.0], [0.0, 0.0, 0.0, 0.0, 0.0, 0.0, 0.0, 0.0, 25.0, 26.0, 27.0, 28.0, 29.0, 30.0, 31.0, 0.0], [-1.0, 0.0, 0.0, 0.0, 0.0, 0.0, 32.0, 33.0, 34.0, 35.0, 36.0, 37.0, 38.0, 0.0, 39.0, 40.0], [0.0, 0.0, 0.0, 0.0, 0.0, 0.0, 0.0, 0.0, 41.0, 42.0, 0.0, 43.0, 44.0, 45.0, 46.0, 47.0], [0.0, 0.0, 0.0, 0.0, -32.0, 0.0, 0.0, 0.0, 48.0, 49.0, 50.0, 51.0, 0.0, 52.0, 53.0, 0.0], [0.0, -10.0, 0.0, 0.0, -33.0, 0.0, 0.0, 0.0, 0.0, 54.0, 55.0, 0.0, 56.0, 57.0, 58.0, 59.0], [-2.0, -11.0, 0.0, -25.0, -34.0, -41.0, -48.0, 0.0, 0.0, 60.0, 61.0, 0.0, 62.0, 63.0, 64.0, 65.0], [-3.0, -12.0, -19.0, -26.0, -35.0, -42.0, -49.0, -54.0, -60.0, 0.0, 66.0, 0.0, 67.0, 68.0, 69.0, 70.0], [-4.0, -13.0, -20.0, -27.0, -36.0, 0.0, -50.0, -55.0, -61.0, -66.0, 0.0, 71.0, 72.0, 0.0, 0.0, 0.0], [-5.0, -14.0, -21.0, -28.0, -37.0, -43.0, -51.0, 0.0, 0.0, 0.0, -71.0, 0.0, 73.0, 0.0, 0.0, 74.0], [-6.0, -15.0, -22.0, -29.0, -38.0, -44.0, 0.0, -56.0, -62.0, -67.0, -72.0, -73.0, 0.0, 75.0, 76.0, 77.0], [-7.0, -16.0, 0.0, -30.0, 0.0, -45.0, -52.0, -57.0, -63.0, -68.0, 0.0, 0.0, -75.0, 0.0, 0.0, 78.0], [-8.0, -17.0, -23.0, -31.0, -39.0, -46.0, -53.0, -58.0, -64.0, -69.0, 0.0, 0.0, -76.0, 0.0, 0.0, 79.0], [-9.0, -18.0, -24.0, 0.0, -40.0, -47.0, 0.0, -59.0, -65.0, -70.0, 0.0, -74.0, -77.0, -78.0, -79.0, 0.0]], [[0.0, 0.0, 0.0, 0.0, 0.0, 0.0, 0.0, 0.0, 1.0, 0.0, 2.0, 3.0, 0.0, 4.0, 5.0, 0.0], [0.0, 0.0, 0.0, 0.0, 0.0, 0.0, 0.0, 0.0, 6.0, 7.0, 0.0, 8.0, 9.0, 10.0, 11.0, 12.0], [0.0, 0.0, 0.0, 0.0, 0.0, 0.0, 0.0, 0.0, 0.0, 0.0, 13.0, 14.0, 15.0, 16.0, 17.0, 18.0], [0.0, 0.0, 0.0, 0.0, 0.0, 19.0, 20.0, 0.0, 21.0, 0.0, 22.0, 23.0, 0.0, 24.0, 25.0, 26.0], [0.0, 0.0, 0.0, 0.0, 0.0, 0.0, 0.0, 27.0, 28.0, 29.0, 30.0, 31.0, 32.0, 33.0, 34.0, 35.0], [0.0, 0.0, 0.0, -19.0, 0.0, 0.0, 0.0, 36.0, 37.0, 38.0, 39.0, 40.0, 41.0, 0.0, 42.0, 43.0], [0.0, 0.0, 0.0, -20.0, 0.0, 0.0, 0.0, 0.0, 44.0, 45.0, 46.0, 0.0, 47.0, 48.0, 49.0, 50.0], [0.0, 0.0, 0.0, 0.0, -27.0, -36.0, 0.0, 0.0, 51.0, 52.0, 53.0, 54.0, 0.0, 55.0, 56.0, 57.0], [-1.0, -6.0, 0.0, -21.0, -28.0, -37.0, -44.0, -51.0, 0.0, 58.0, 59.0, 60.0, 61.0, 62.0, 63.0, 64.0], [0.0, -7.0, 0.0, 0.0, -29.0, -38.0, -45.0, -52.0, -58.0, 0.0, 65.0, 0.0, 0.0, 0.0, 66.0, 67.0], [-2.0, 0.0, -13.0, -22.0, -30.0, -39.0, -46.0, -53.0, -59.0, -65.0, 0.0, 68.0, 69.0, 0.0, 70.0, 0.0], [-3.0, -8.0, -14.0, -23.0, -31.0, -40.0, 0.0, -54.0, -60.0, 0.0, -68.0, 0.0, 71.0, 72.0, 73.0, 74.0], [0.0, -9.0, -15.0, 0.0, -32.0, -41.0, -47.0, 0.0, -61.0, 0.0, -69.0, -71.0, 0.0, 75.0, 76.0, 77.0], [-4.0, -10.0, -16.0, -24.0, -33.0, 0.0, -48.0, -55.0, -62.0, 0.0, 0.0, -72.0, -75.0, 0.0, 78.0, 79.0], [-5.0, -11.0, -17.0, -25.0, -34.0, -42.0, -49.0, -56.0, -63.0, -66.0, -70.0, -73.0, -76.0, -78.0, 0.0, 0.0], [0.0, -12.0, -18.0, -26.0, -35.0, -43.0, -50.0, -57.0, -64.0, -67.0, 0.0, -74.0, -77.0, -79.0, 0.0, 0.0]], [[0.0, 0.0, 0.0, 0.0, 0.0, 0.0, 0.0, 0.0, 0.0, 1.0, 2.0, 0.0, 3.0, 0.0, 4.0, 5.0], [0.0, 0.0, 0.0, 0.0, 0.0, 0.0, 0.0, 6.0, 0.0, 0.0, 0.0, 7.0, 8.0, 9.0, 0.0, 10.0], [0.0, 0.0, 0.0, 0.0, 11.0, 0.0, 0.0, 0.0, 0.0, 0.0, 12.0, 0.0, 13.0, 14.0, 15.0, 16.0], [0.0, 0.0, 0.0, 0.0, 0.0, 0.0, 17.0, 0.0, 0.0, 0.0, 0.0, 18.0, 19.0, 20.0, 21.0, 22.0], [0.0, 0.0, -11.0, 0.0, 0.0, 0.0, 0.0, 0.0, 23.0, 24.0, 25.0, 26.0, 27.0, 0.0, 0.0, 28.0], [0.0, 0.0, 0.0, 0.0, 0.0, 0.0, 0.0, 0.0, 29.0, 30.0, 31.0, 32.0, 0.0, 0.0, 33.0, 34.0], [0.0, 0.0, 0.0, -17.0, 0.0, 0.0, 0.0, 0.0, 35.0, 36.0, 37.0, 38.0, 39.0, 40.0, 0.0, 41.0], [0.0, -6.0, 0.0, 0.0, 0.0, 0.0, 0.0, 0.0, 42.0, 43.0, 44.0, 0.0, 45.0, 46.0, 0.0, 47.0], [0.0, 0.0, 0.0, 0.0, -23.0, -29.0, -35.0, -42.0, 0.0, 48.0, 49.0, 50.0, 0.0, 51.0, 52.0, 53.0], [-1.0, 0.0, 0.0, 0.0, -24.0, -30.0, -36.0, -43.0, -48.0, 0.0, 54.0, 55.0, 56.0, 57.0, 0.0, 58.0], [-2.0, 0.0, -12.0, 0.0, -25.0, -31.0, -37.0, -44.0, -49.0, -54.0, 0.0, 59.0, 60.0, 61.0, 62.0, 63.0], [0.0, -7.0, 0.0, -18.0, -26.0, -32.0, -38.0, 0.0, -50.0, -55.0, -59.0, 0.0, 64.0, 65.0, 0.0, 66.0], [-3.0, -8.0, -13.0, -19.0, -27.0, 0.0, -39.0, -45.0, 0.0, -56.0, -60.0, -64.0, 0.0, 67.0, 68.0, 69.0], [0.0, -9.0, -14.0, -20.0, 0.0, 0.0, -40.0, -46.0, -51.0, -57.0, -61.0, -65.0, -67.0, 0.0, 70.0, 71.0], [-4.0, 0.0, -15.0, -21.0, 0.0, -33.0, 0.0, 0.0, -52.0, 0.0, -62.0, 0.0, -68.0, -70.0, 0.0, 72.0], [-5.0, -10.0, -16.0, -22.0, -28.0, -34.0, -41.0, -47.0, -53.0, -58.0, -63.0, -66.0, -69.0, -71.0, -72.0, 0.0]], [[0.0, 0.0, 0.0, 0.0, 0.0, 0.0, 0.0, 0.0, 1.0, 2.0, 3.0, 4.0, 0.0, 5.0, 0.0, 0.0], [0.0, 0.0, 0.0, 0.0, 0.0, 0.0, 0.0, 0.0, 6.0, 7.0, 8.0, 9.0, 10.0, 0.0, 11.0, 12.0], [0.0, 0.0, 0.0, 0.0, 0.0, 13.0, 0.0, 0.0, 14.0, 0.0, 15.0, 16.0, 17.0, 18.0, 19.0, 20.0], [0.0, 0.0, 0.0, 0.0, 0.0, 0.0, 0.0, 0.0, 0.0,