[[[0, 0, 0, 0, 0, 0, 0, 0, 0, 1, 0, 0, 0, 0, 0, 0, 0, 0, 0, 0, 0, 2, 3, 0, 0, 0, 4, 0, 0, 0, 5, 6, 7, 8, 9, 10, 11, 12, 13, 14, 15, 16, 0, 0, 17, 0, 18, 19, 20, 21, 0, 22, 23, 24, 25, 0, 26, 27, 28, 29], [0, 0, 0, 0, 0, 30, 31, 0, 0, 0, 0, 0, 32, 0, 0, 0, 0, 0, 0, 0, 0, 0, 0, 0, 0, 0, 0, 0, 33, 34, 35, 36, 37, 38, 39, 40, 41, 42, 43, 44, 45, 46, 47, 48, 49, 50, 51, 0, 52, 53, 54, 55, 56, 57, 58, 0, 59, 0, 60, 61], [0, 0, 0, 0, 0, 0, 0, 62, 0, 0, 0, 0, 63, 0, 0, 0, 0, 0, 0, 0, 64, 0, 0, 0, 0, 65, 0, 0, 0, 0, 66, 67, 0, 0, 0, 68, 69, 70, 71, 72, 73, 74, 75, 76, 77, 0, 78, 79, 0, 80, 81, 82, 83, 84, 85, 0, 0, 86, 0, 87], [0, 0, 0, 0, 0, 0, 0, 0, 0, 0, 0, 0, 0, 0, 0, 0, 0, 0, 0, 0, 0, 0, 0, 88, 0, 0, 0, 0, 89, 0, 90, 0, 91, 92, 93, 94, 95, 96, 97, 0, 98, 0, 0, 99, 100, 101, 102, 0, 103, 0, 104, 105, 106, 107, 108, 109, 110, 111, 0, 112], [0, 0, 0, 0, 0, 0, 0, 113, 0, 0, 0, 0, 114, 0, 0, 0, 115, 0, 0, 0, 0, 0, 0, 0, 0, 0, 0, 0, 0, 0, 116, 0, 117, 118, 119, 120, 121, 122, 123, 124, 125, 126, 127, 128, 129, 0, 130, 131, 132, 133, 134, 135, 136, 137, 138, 139, 140, 141, 142, 143], [0, -30, 0, 0, 0, 0, 0, 0, 0, 0, 0, 0, 0, 0, 0, 144, 0, 0, 0, 0, 0, 0, 0, 0, 0, 0, 0, 0, 0, 0, 145, 0, 146, 147, 0, 148, 149, 150, 151, 0, 152, 153, 154, 155, 156, 157, 0, 158, 159, 160, 161, 0, 162, 163, 0, 164, 165, 166, 167, 168], [0, -31, 0, 0, 0, 0, 0, 0, 0, 0, 0, 0, 0, 0, 0, 0, 0, 0, 0, 0, 0, 0, 0, 0, 0, 0, 169, 0, 0, 0, 170, 0, 171, 172, 0, 0, 173, 174, 0, 175, 176, 177, 178, 179, 180, 0, 181, 182, 0, 183, 184, 185, 0, 186, 187, 0, 188, 0, 189, 190], [0, 0, -62, 0, -113, 0, 0, 0, 0, 0, 0, 0, 0, 0, 0, 0, 0, 0, 0, 0, 0, 0, 191, 0, 0, 0, 0, 0, 0, 0, 192, 0, 0, 193, 194, 195, 196, 0, 0, 197, 198, 199, 0, 200, 0, 201, 202, 203, 204, 205, 206, 207, 208, 0, 209, 210, 211, 212, 213, 214], [0, 0, 0, 0, 0, 0, 0, 0, 0, 0, 0, 0, 0, 0, 0, 0, 0, 0, 215, 0, 216, 0, 0, 0, 0, 0, 0, 0, 0, 0, 217, 218, 219, 0, 220, 221, 0, 222, 223, 224, 225, 226, 227, 228, 229, 230, 231, 0, 0, 232, 233, 234, 235, 236, 0, 0, 237, 238, 239, 240], [-1, 0, 0, 0, 0, 0, 0, 0, 0, 0, 0, 0, 0, 0, 0, 0, 0, 241, 0, 0, 0, 0, 0, 0, 242, 0, 0, 0, 0, 243, 244, 245, 246, 247, 248, 249, 0, 0, 0, 0, 250, 251, 0, 252, 253, 254, 255, 256, 0, 257, 258, 259, 260, 261, 262, 0, 263, 0, 0, 264], [0, 0, 0, 0, 0, 0, 0, 0, 0, 0, 0, 0, 0, 0, 0, 0, 0, 0, 0, 0, 0, 265, 0, 266, 0, 0, 0, 267, 0, 0, 268, 269, 0, 270, 271, 272, 273, 274, 0, 275, 0, 276, 277, 278, 279, 0, 280, 281, 0, 282, 283, 284, 285, 286, 287, 288, 289, 290, 0, 291], [0, 0, 0, 0, 0, 0, 0, 0, 0, 0, 0, 0, 0, 0, 0, 0, 0, 0, 0, 0, 0, 0, 0, 0, 0, 0, 0, 0, 0, 0, 292, 293, 294, 295, 296, 0, 297, 298, 299, 300, 301, 0, 302, 303, 0, 304, 305, 306, 307, 308, 309, 0, 310, 0, 311, 312, 313, 314, 315, 316], [0, -32, -63, 0, -114, 0, 0, 0, 0, 0, 0, 0, 0, 0, 317, 318, 0, 0, 0, 0, 0, 0, 0, 0, 0, 0, 0, 0, 0, 0, 319, 320, 321, 0, 322, 0, 323, 0, 324, 325, 326, 327, 328, 329, 0, 330, 0, 0, 331, 332, 333, 0, 0, 334, 335, 336, 337, 338, 339, 340], [0, 0, 0, 0, 0, 0, 0, 0, 0, 0, 0, 0, 0, 0, 0, 0, 341, 0, 0, 0, 0, 0, 0, 0, 0, 0, 0, 0, 0, 0, 342, 343, 344, 345, 346, 347, 348, 349, 0, 350, 351, 352, 353, 0, 0, 0, 0, 354, 0, 355, 356, 357, 358, 0, 359, 360, 361, 0, 362, 363], [0, 0, 0, 0, 0, 0, 0, 0, 0, 0, 0, 0, -317, 0, 0, 0, 0, 364, 0, 0, 0, 0, 0, 0, 0, 0, 0, 0, 0, 0, 0, 365, 366, 367, 368, 369, 370, 371, 372, 373, 374, 375, 0, 376, 377, 378, 0, 0, 379, 380, 381, 0, 0, 0, 0, 382, 383, 384, 385, 386], [0, 0, 0, 0, 0, -144, 0, 0, 0, 0, 0, 0, -318, 0, 0, 0, 0, 0, 0, 0, 0, 0, 0, 0, 0, 0, 0, 387, 388, 0, 389, 390, 391, 0, 392, 393, 394, 395, 396, 397, 398, 399, 400, 401, 402, 403, 404, 405, 406, 407, 408, 0, 409, 410, 411, 412, 413, 414, 415, 0], [0, 0, 0, 0, -115, 0, 0, 0, 0, 0, 0, 0, 0, -341, 0, 0, 0, 0, 416, 0, 0, 0, 0, 0, 0, 0, 0, 0, 0, 0, 417, 418, 419, 420, 421, 422, 423, 424, 425, 426, 427, 428, 429, 430, 431, 0, 432, 433, 434, 435, 436, 437, 0, 438, 439, 0, 440, 0, 441, 442], [0, 0, 0, 0, 0, 0, 0, 0, 0, -241, 0, 0, 0, 0, -364, 0, 0, 0, 0, 0, 0, 0, 0, 0, 0, 0, 0, 0, 0, 0, 443, 444, 445, 0, 0, 446, 447, 0, 448, 449, 450, 451, 452, 453, 454, 455, 456, 457, 458, 0, 0, 459, 460, 461, 462, 463, 464, 465, 466, 467], [0, 0, 0, 0, 0, 0, 0, 0, -215, 0, 0, 0, 0, 0, 0, 0, -416, 0, 0, 0, 468, 0, 0, 0, 0, 469, 0, 0, 0, 0, 470, 471, 472, 473, 474, 0, 475, 0, 476, 477, 478, 0, 479, 480, 481, 0, 482, 483, 484, 485, 486, 487, 488, 489, 490, 491, 492, 493, 0, 494], [0, 0, 0, 0, 0, 0, 0, 0, 0, 0, 0, 0, 0, 0, 0, 0, 0, 0, 0, 0, 0, 0, 0, 0, 0, 0, 0, 0, 0, 0, 495, 0, 496, 0, 497, 0, 498, 499, 500, 501, 502, 503, 0, 504, 505, 0, 0, 0, 0, 506, 507, 0, 508, 509, 510, 511, 512, 0, 513, 514], [0, 0, -64, 0, 0, 0, 0, 0, -216, 0, 0, 0, 0, 0, 0, 0, 0, 0, -468, 0, 0, 515, 0, 0, 0, 0, 0, 0, 0, 0, 0, 516, 517, 518, 519, 520, 521, 522, 523, 524, 525, 526, 527, 528, 529, 530, 531, 0, 532, 533, 534, 0, 535, 536, 537, 538, 539, 0, 540, 541], [-2, 0, 0, 0, 0, 0, 0, 0, 0, 0, -265, 0, 0, 0, 0, 0, 0, 0, 0, 0, -515, 0, 0, 0, 0, 0, 542, 0, 0, 0, 0, 543, 544, 0, 0, 545, 546, 547, 548, 549, 550, 551, 0, 552, 0, 553, 0, 554, 555, 556, 0, 557, 558, 0, 559, 560, 561, 562, 563, 564], [-3, 0, 0, 0, 0, 0, 0, -191, 0, 0, 0, 0, 0, 0, 0, 0, 0, 0, 0, 0, 0, 0, 0, 0, 0, 0, 0, 0, 565, 0, 566, 567, 568, 569, 570, 571, 572, 0, 0, 573, 574, 0, 575, 576, 577, 578, 579, 580, 581, 0, 0, 582, 583, 584, 585, 0, 586, 587, 0, 0], [0, 0, 0, -88, 0, 0, 0, 0, 0, 0, -266, 0, 0, 0, 0, 0, 0, 0, 0, 0, 0, 0, 0, 0, 0, 0, 0, 0, 588, 0, 589, 590, 591, 0, 0, 592, 593, 594, 595, 596, 597, 598, 599, 600, 601, 602, 0, 0, 0, 0, 603, 604, 0, 605, 0, 0, 0, 0, 606, 607], [0, 0, 0, 0, 0, 0, 0, 0, 0, -242, 0, 0, 0, 0, 0, 0, 0, 0, 0, 0, 0, 0, 0, 0, 0, 0, 0, 0, 0, 0, 608, 609, 610, 611, 612, 613, 614, 615, 616, 617, 618, 0, 619, 620, 621, 0, 622, 623, 624, 625, 626, 627, 628, 629, 630, 631, 632, 0, 0, 633], [0, 0, -65, 0, 0, 0, 0, 0, 0, 0, 0, 0, 0, 0, 0, 0, 0, 0, -469, 0, 0, 0, 0, 0, 0, 0, 0, 0, 0, 0, 634, 0, 0, 635, 0, 636, 0, 637, 638, 639, 640, 0, 641, 0, 0, 642, 643, 644, 645, 646, 647, 648, 649, 650, 0, 0, 651, 652, 653, 654], [-4, 0, 0, 0, 0, 0, -169, 0, 0, 0, 0, 0, 0, 0, 0, 0, 0, 0, 0, 0, 0, -542, 0, 0, 0, 0, 0, 0, 0, 0, 0, 655, 656, 0, 657, 658, 0, 659, 660, 661, 662, 663, 664, 0, 665, 666, 667, 668, 669, 670, 671, 672, 673, 674, 675, 0, 676, 0, 677, 678], [0, 0, 0, 0, 0, 0, 0, 0, 0, 0, -267, 0, 0, 0, 0, -387, 0, 0, 0, 0, 0, 0, 0, 0, 0, 0, 0, 0, 0, 0, 679, 680, 681, 682, 683, 684, 685, 686, 687, 688, 689, 690, 691, 692, 0, 693, 694, 695, 696, 697, 698, 699, 700, 701, 702, 703, 704, 705, 706, 707], [0, -33, 0, -89, 0, 0, 0, 0, 0, 0, 0, 0, 0, 0, 0, -388, 0, 0, 0, 0, 0, 0, -565, -588, 0, 0, 0, 0, 0, 0, 708, 709, 710, 711, 712, 713, 714, 715, 716, 717, 718, 719, 720, 0, 0, 0, 0, 721, 722, 723, 0, 0, 724, 0, 725, 726, 0, 0, 727, 728], [0, -34, 0, 0, 0, 0, 0, 0, 0, -243, 0, 0, 0, 0, 0, 0, 0, 0, 0, 0, 0, 0, 0, 0, 0, 0, 0, 0, 0, 0, 0, 729, 730, 731, 0, 732, 0, 733, 734, 735, 736, 737, 738, 0, 739, 740, 741, 742, 743, 744, 745, 746, 747, 748, 749, 750, 751, 752, 753, 754], [-5, -35, -66, -90, -116, -145, -170, -192, -217, -244, -268, -292, -319, -342, 0, -389, -417, -443, -470, -495, 0, 0, -566, -589, -608, -634, 0, -679, -708, 0, 0, 0, 755, 756, 0, 757, 0, 758, 759, 760, 761, 762, 763, 764, 765, 766, 767, 768, 769, 0, 0, 770, 771, 0, 772, 773, 774, 775, 776, 777], [-6, -36, -67, 0, 0, 0, 0, 0, -218, -245, -269, -293, -320, -343, -365, -390, -418, -444, -471, 0, -516, -543, -567, -590, -609, 0, -655, -680, -709, -729, 0, 0, 0, 778, 779, 780, 781, 782, 783, 784, 785, 0, 786, 787, 788, 789, 790, 791, 792, 793, 794, 795, 796, 797, 798, 799, 800, 801, 802, 803], [-7, -37, 0, -91, -117, -146, -171, 0, -219, -246, 0, -294, -321, -344, -366, -391, -419, -445, -472, -496, -517, -544, -568, -591, -610, 0, -656, -681, -710, -730, -755, 0, 0, 804, 805, 806, 807, 808, 809, 810, 0, 0, 811, 812, 813, 814, 815, 816, 817, 818, 819, 820, 0, 821, 822, 823, 824, 825, 0, 826], [-8, -38, 0, -92, -118, -147, -172, -193, 0, -247, -270, -295, 0, -345, -367, 0, -420, 0, -473, 0, -518, 0, -569, 0, -611, -635, 0, -682, -711, -731, -756, -778, -804, 0, 827, 828, 829, 830, 831, 832, 833, 834, 835, 836, 837, 838, 839, 0, 840, 0, 841, 842, 0, 0, 843, 844, 845, 846, 847, 0], [-9, -39, 0, -93, -119, 0, 0, -194, -220, -248, -271, -296, -322, -346, -368, -392, -421, 0, -474, -497, -519, 0, -570, 0, -612, 0, -657, -683, -712, 0, 0, -779, -805, -827, 0, 848, 849, 850, 851, 0, 852, 0, 853, 854, 855, 856, 857, 858, 0, 859, 860, 861, 862, 863, 864, 865, 866, 0, 867, 868], [-10, -40, -68, -94, -120, -148, 0, -195, -221, -249, -272, 0, 0, -347, -369, -393, -422, -446, 0, 0, -520, -545, -571, -592, -613, -636, -658, -684, -713, -732, -757, -780, -806, -828, -848, 0, 869, 0, 870, 0, 871, 872, 873, 874, 0, 875, 876, 877, 878, 0, 879, 880, 0, 881, 882, 883, 884, 885, 886, 887], [-11, -41, -69, -95, -121, -149, -173, -196, 0, 0, -273, -297, -323, -348, -370, -394, -423, -447, -475, -498, -521, -546, -572, -593, -614, 0, 0, -685, -714, 0, 0, -781, -807, -829, -849, -869, 0, 888, 889, 890, 0, 0, 891, 892, 893, 894, 895, 896, 897, 898, 899, 900, 901, 902, 903, 904, 905, 906, 907, 908], [-12, -42, -70, -96, -122, -150, -174, 0, -222, 0, -274, -298, 0, -349, -371, -395, -424, 0, 0, -499, -522, -547, 0, -594, -615, -637, -659, -686, -715, -733, -758, -782, -808, -830, -850, 0, -888, 0, 0, 909, 910, 911, 0, 912, 913, 914, 915, 916, 917, 918, 0, 0, 919, 0, 920, 921, 0, 922, 0, 923], [-13, -43, -71, -97, -123, -151, 0, 0, -223, 0, 0, -299, -324, 0, -372, -396, -425, -448, -476, -500, -523, -548, 0, -595, -616, -638, -660, -687, -716, -734, -759, -783, -809, -831, -851, -870, -889, 0, 0, 0, 924, 925, 926, 927, 928, 929, 930, 931, 932, 933, 934, 935, 0, 936, 937, 938, 939, 940, 941, 942], [-14, -44, -72, 0, -124, 0, -175, -197, -224, 0, -275, -300, -325, -350, -373, -397, -426, -449, -477, -501, -524, -549, -573, -596, -617, -639, -661, -688, -717, -735, -760, -784, -810, -832, 0, 0, -890, -909, 0, 0, 943, 944, 945, 946, 947, 0, 948, 949, 950, 951, 952, 953, 954, 955, 956, 957, 958, 959, 960, 0], [-15, -45, -73, -98, -125, -152, -176, -198, -225, -250, 0, -301, -326, -351, -374, -398, -427, -450, -478, -502, -525, -550, -574, -597, -618, -640, -662, -689, -718, -736, -761, -785, 0, -833, -852, -871, 0, -910, -924, -943, 0, 961, 962, 963, 964, 965, 0, 966, 967, 968, 969, 970, 971, 972, 0, 973, 974, 0, 975, 976], [-16, -46, -74, 0, -126, -153, -177, -199, -226, -251, -276, 0, -327, -352, -375, -399, -428, -451, 0, -503, -526, -551, 0, -598, 0, 0, -663, -690, -719, -737, -762, 0, 0, -834, 0, -872, 0, -911, -925, -944, -961, 0, 977, 978, 979, 980, 981, 982, 0, 983, 0, 984, 0, 0, 985, 0, 986, 987, 988, 989], [0, -47, -75, 0, -127, -154, -178, 0, -227, 0, -277, -302, -328, -353, 0, -400, -429, -452, -479, 0, -527, 0, -575, -599, -619, -641, -664, -691, -720, -738, -763, -786, -811, -835, -853, -873, -891, 0, -926, -945, -962, -977, 0, 990, 991, 992, 993, 994, 0, 995, 996, 997, 998, 999, 1000, 1001, 0, 1002, 1003, 1004], [0, -48, -76, -99, -128, -155, -179, -200, -228, -252, -278, -303, -329, 0, -376, -401, -430, -453, -480, -504, -528, -552, -576, -600, -620, 0, 0, -692, 0, 0, -764, -787, -812, -836, -854, -874, -892, -912, -927, -946, -963, -978, -990, 0, 1005, 1006, 1007, 1008, 1009, 0, 1010, 0, 1011, 1012, 1013, 1014, 1015, 0, 1016, 1017], [-17, -49, -77, -100, -129, -156, -180, 0, -229, -253, -279, 0, 0, 0, -377, -402, -431, -454, -481, -505, -529, 0, -577, -601, -621, 0, -665, 0, 0, -739, -765, -788, -813, -837, -855, 0, -893, -913, -928, -947, -964, -979, -991, -1005, 0, 1018, 1019, 1020, 1021, 1022, 1023, 0, 1024, 0, 1025, 1026, 1027, 1028, 1029, 1030], [0, -50, 0, -101, 0, -157, 0, -201, -230, -254, 0, -304, -330, 0, -378, -403, 0, -455, 0, 0, -530, -553, -578, -602, 0, -642, -666, -693, 0, -740, -766, -789, -814, -838, -856, -875, -894, -914, -929, 0, -965, -980, -992, -1006, -1018, 0, 1031, 1032, 0, 1033, 1034, 0, 0, 1035, 1036, 1037, 1038, 1039, 1040, 1041], [-18, -51, -78, -102, -130, 0, -181, -202, -231, -255, -280, -305, 0, 0, 0, -404, -432, -456, -482, 0, -531, 0, -579, 0, -622, -643, -667, -694, 0, -741, -767, -790, -815, -839, -857, -876, -895, -915, -930, -948, 0, -981, -993, -1007, -1019, -1031, 0, 1042, 0, 1043, 1044, 0, 1045, 1046, 1047, 1048, 1049, 0, 0, 1050], [-19, 0, -79, 0, -131, -158, -182, -203, 0, -256, -281, -306, 0, -354, 0, -405, -433, -457, -483, 0, 0, -554, -580, 0, -623, -644, -668, -695, -721, -742, -768, -791, -816, 0, -858, -877, -896, -916, -931, -949, -966, -982, -994, -1008, -1020, -1032, -1042, 0, 1051, 1052, 0, 1053, 1054, 1055, 1056, 0, 1057, 1058, 1059, 1060], [-20, -52, 0, -103, -132, -159, 0, -204, 0, 0, 0, -307, -331, 0, -379, -406, -434, -458, -484, 0, -532, -555, -581, 0, -624, -645, -669, -696, -722, -743, -769, -792, -817, -840, 0, -878, -897, -917, -932, -950, -967, 0, 0, -1009, -1021, 0, 0, -1051, 0, 1061, 1062, 0, 1063, 1064, 1065, 0, 1066, 0, 1067, 1068], [-21, -53, -80, 0, -133, -160, -183, -205, -232, -257, -282, -308, -332, -355, -380, -407, -435, 0, -485, -506, -533, -556, 0, 0, -625, -646, -670, -697, -723, -744, 0, -793, -818, 0, -859, 0, -898, -918, -933, -951, -968, -983, -995, 0, -1022, -1033, -1043, -1052, -1061, 0, 1069, 0, 1070, 1071, 1072, 0, 1073, 1074, 0, 1075], [0, -54, -81, -104, -134, -161, -184, -206, -233, -258, -283, -309, -333, -356, -381, -408, -436, 0, -486, -507, -534, 0, 0, -603, -626, -647, -671, -698, 0, -745, 0, -794, -819, -841, -860, -879, -899, 0, -934, -952, -969, 0, -996, -1010, -1023, -1034, -1044, 0, -1062, -1069, 0, 0, 0, 1076, 1077, 1078, 0, 0, 1079, 0], [-22, -55, -82, -105, -135, 0, -185, -207, -234, -259, -284, 0, 0, -357, 0, 0, -437, -459, -487, 0, 0, -557, -582, -604, -627, -648, -672, -699, 0, -746, -770, -795, -820, -842, -861, -880, -900, 0, -935, -953, -970, -984, -997, 0, 0, 0, 0, -1053, 0, 0, 0, 0, 1080, 0, 0, 1081, 1082, 1083, 0, 1084], [-23, -56, -83, -106, -136, -162, 0, -208, -235, -260, -285, -310, 0, -358, 0, -409, 0, -460, -488, -508, -535, -558, -583, 0, -628, -649, -673, -700, -724, -747, -771, -796, 0, 0, -862, 0, -901, -919, 0, -954, -971, 0, -998, -1011, -1024, 0, -1045, -1054, -1063, -1070, 0, -1080, 0, 1085, 1086, 1087, 1088, 1089, 1090, 0], [-24, -57, -84, -107, -137, -163, -186, 0, -236, -261, -286, 0, -334, 0, 0, -410, -438, -461, -489, -509, -536, 0, -584, -605, -629, -650, -674, -701, 0, -748, 0, -797, -821, 0, -863, -881, -902, 0, -936, -955, -972, 0, -999, -1012, 0, -1035, -1046, -1055, -1064, -1071, -1076, 0, -1085, 0, 1091, 0, 1092, 1093, 0, 1094], [-25, -58, -85, -108, -138, 0, -187, -209, 0, -262, -287, -311, -335, -359, 0, -411, -439, -462, -490, -510, -537, -559, -585, 0, -630, 0, -675, -702, -725, -749, -772, -798, -822, -843, -864, -882, -903, -920, -937, -956, 0, -985, -1000, -1013, -1025, -1036, -1047, -1056, -1065, -1072, -1077, 0, -1086, -1091, 0, 1095, 1096, 1097, 0, 0], [0, 0, 0, -109, -139, -164, 0, -210, 0, 0, -288, -312, -336, -360, -382, -412, 0, -463, -491, -511, -538, -560, 0, 0, -631, 0, 0, -703, -726, -750, -773, -799, -823, -844, -865, -883, -904, -921, -938, -957, -973, 0, -1001, -1014, -1026, -1037, -1048, 0, 0, 0, -1078, -1081, -1087, 0, -1095, 0, 1098, 1099, 1100, 1101], [-26, -59, 0, -110, -140, -165, -188, -211, -237, -263, -289, -313, -337, -361, -383, -413, -440, -464, -492, -512, -539, -561, -586, 0, -632, -651, -676, -704, 0, -751, -774, -800, -824, -845, -866, -884, -905, 0, -939, -958, -974, -986, 0, -1015, -1027, -1038, -1049, -1057, -1066, -1073, 0, -1082, -1088, -1092, -1096, -1098, 0, 1102, 1103, 0], [-27, 0, -86, -111, -141, -166, 0, -212, -238, 0, -290, -314, -338, 0, -384, -414, 0, -465, -493, 0, 0, -562, -587, 0, 0, -652, 0, -705, 0, -752, -775, -801, -825, -846, 0, -885, -906, -922, -940, -959, 0, -987, -1002, 0, -1028, -1039, 0, -1058, 0, -1074, 0, -1083, -1089, -1093, -1097, -1099, -1102, 0, 1104, 1105], [-28, -60, 0, 0, -142, -167, -189, -213, -239, 0, 0, -315, -339, -362, -385, -415, -441, -466, 0, -513, -540, -563, 0, -606, 0, -653, -677, -706, -727, -753, -776, -802, 0, -847, -867, -886, -907, 0, -941, -960, -975, -988, -1003, -1016, -1029, -1040, 0, -1059, -1067, 0, -1079, 0, -1090, 0, 0, -1100, -1103, -1104, 0, 0], [-29, -61, -87, -112, -143, -168, -190, -214, -240, -264, -291, -316, -340, -363, -386, 0, -442, -467, -494, -514, -541, -564, 0, -607, -633, -654, -678, -707, -728, -754, -777, -803, -826, 0, -868, -887, -908, -923, -942, 0, -976, -989, -1004, -1017, -1030, -1041, -1050, -1060, -1068, -1075, 0, -1084, 0, -1094, 0, -1101, 0, -1105, 0, 0]], [[0, 0, 0, 0, 0, 0, 0, 0, 0, 0, 0, 0, 0, 0, 0, 0, 0, 0, 1, 0, 0, 0, 0, 0, 0, 0, 2, 0, 0, 0, 3, 4, 5, 6, 7, 8, 0, 9, 10, 0, 11, 12, 13, 14, 15, 16, 17, 18, 19, 20, 21, 22, 0, 0, 23, 24, 0, 25, 26, 27], [0, 0, 0, 0, 0, 28, 0, 0, 0, 0, 0, 0, 0, 0, 29, 0, 0, 0, 0, 0, 0, 0, 30, 0, 0, 0, 0, 0, 0, 0, 31, 32, 0, 33, 34, 35, 36, 37, 0, 38, 39, 40, 41, 42, 43, 44, 45, 46, 47, 0, 48, 0, 49, 0, 50, 0, 51, 52, 0, 53], [0, 0, 0, 0, 0, 0, 0, 0, 0, 0, 0, 0, 0, 0, 0, 0, 0, 0, 0, 0, 0, 54, 0, 0, 0, 0, 0, 0, 0, 0, 55, 56, 57, 58, 0, 59, 0, 60, 61, 62, 63, 64, 65, 66, 67, 0, 68, 69, 0, 70, 71, 0, 72, 0, 73, 74, 75, 76, 77, 78], [0, 0, 0, 0, 0, 0, 0, 0, 0, 0, 79, 0, 0, 0, 0, 0, 80, 0, 0, 81, 0, 0, 0, 0, 0, 0, 0, 82, 0, 0, 83, 84, 85, 86, 0, 87, 88, 89, 90, 0, 0, 91, 0, 92, 93, 94, 95, 0, 96, 97, 98, 0, 0, 99, 100, 101, 102, 103, 104, 105], [0, 0, 0, 0, 0, 0, 0, 0, 0, 0, 0, 0, 0, 0, 0, 0, 0, 0, 0, 106, 0, 0, 0, 0, 107, 0, 0, 0, 0, 0, 108, 109, 110, 111, 112, 113, 114, 0, 115, 116, 117, 118, 119, 120, 121, 122, 123, 124, 125, 126, 127, 0, 0, 0, 128, 129, 130, 0, 131, 0], [0, -28, 0, 0, 0, 0, 0, 0, 0, 0, 0, 0, 0, 0, 132, 0, 0, 0, 0, 0, 0, 0, 133, 0, 0, 0, 0, 0, 0, 0, 134, 135, 136, 137, 138, 139, 140, 0, 141, 142, 143, 144, 145, 0, 146, 147, 148, 149, 0, 150, 151, 0, 152, 153, 154, 155, 156, 157, 158, 159], [0, 0, 0, 0, 0, 0, 0, 0, 160, 0, 161, 0, 0, 0, 0, 0, 0, 0, 0, 0, 0, 0, 0, 0, 0, 0, 0, 0, 0, 0, 162, 163, 164, 165, 0, 0, 0, 166, 167, 168, 169, 170, 171, 172, 173, 174, 175, 176, 177, 178, 179, 180, 181, 182, 183, 184, 185, 186, 187, 188], [0, 0, 0, 0, 0, 0, 0, 0, 0, 0, 189, 0, 190, 191, 0, 0, 192, 0, 193, 0, 0, 0, 0, 0, 0, 0, 0, 0, 0, 0, 194, 195, 196, 197, 198, 199, 200, 201, 202, 0, 203, 204, 205, 206, 0, 207, 0, 208, 209, 0, 210, 0, 211, 212, 213, 214, 215, 216, 217, 218], [0, 0, 0, 0, 0, 0, -160, 0, 0, 0, 0, 0, 0, 0, 0, 0, 0, 0, 0, 0, 0, 0, 0, 0, 0, 0, 0, 0, 0, 0, 219, 0, 220, 221, 0, 222, 223, 224, 225, 226, 227, 0, 228, 229, 230, 231, 232, 233, 234, 235, 0, 236, 237, 238, 0, 239, 240, 241, 242, 243], [0, 0, 0, 0, 0, 0, 0, 0, 0, 0, 0, 0, 0, 0, 244, 245, 0, 0, 0, 0, 0, 0, 0, 0, 0, 0, 0, 0, 0, 0, 246, 247, 248, 249, 250, 251, 0, 252, 253, 254, 255, 256, 257, 258, 259, 260, 0, 261, 262, 0, 263, 0, 264, 265, 266, 0, 267, 268, 269, 270], [0, 0, 0, -79, 0, 0, -161, -189, 0, 0, 0, 0, 0, 0, 0, 0, 0, 0, 0, 0, 0, 0, 0, 0, 0, 0, 0, 0, 0, 0, 271, 272, 273, 274, 275, 276, 277, 278, 279, 280, 0, 281, 282, 0, 283, 284, 285, 286, 287, 288, 0, 289, 290, 291, 292, 0, 293, 0, 294, 295], [0, 0, 0, 0, 0, 0, 0, 0, 0, 0, 0, 0, 296, 0, 0, 0, 0, 0, 0, 0, 0, 0, 0, 0, 297, 0, 0, 0, 0, 0, 298, 299, 300, 301, 302, 303, 304, 305, 306, 307, 308, 309, 0, 310, 311, 312, 0, 0, 313, 0, 314, 315, 316, 317, 318, 319, 0, 0, 320, 0], [0, 0, 0, 0, 0, 0, 0, -190, 0, 0, 0, -296, 0, 0, 0, 0, 321, 0, 0, 0, 0, 0, 0, 0, 0, 0, 0, 0, 0, 0, 322, 323, 324, 325, 0, 326, 327, 328, 329, 0, 330, 331, 0, 332, 333, 334, 335, 0, 336, 337, 338, 0, 339, 340, 341, 342, 0, 343, 0, 0], [0, 0, 0, 0, 0, 0, 0, -191, 0, 0, 0, 0, 0, 0, 0, 0, 0, 0, 0, 0, 0, 0, 0, 0, 0, 344, 0, 0, 0, 0, 345, 346, 347, 348, 349, 350, 351, 352, 353, 354, 355, 356, 357, 358, 0, 359, 360, 0, 361, 362, 363, 0, 364, 0, 365, 366, 367, 368, 0, 369], [0, -29, 0, 0, 0, -132, 0, 0, 0, -244, 0, 0, 0, 0, 0, 0, 0, 0, 0, 0, 0, 0, 0, 0, 0, 0, 0, 0, 0, 0, 370, 0, 371, 0, 372, 0, 373, 374, 375, 376, 0, 377, 0, 378, 379, 0, 0, 380, 381, 382, 383, 384, 0, 385, 386, 387, 388, 389, 390, 391], [0, 0, 0, 0, 0, 0, 0, 0, 0, -245, 0, 0, 0, 0, 0, 0, 0, 0, 0, 0, 0, 392, 0, 0, 0, 393, 0, 0, 394, 0, 0, 395, 396, 397, 398, 399, 400, 401, 0, 402, 403, 404, 405, 406, 407, 0, 408, 409, 410, 411, 412, 413, 414, 415, 416, 417, 0, 418, 419, 420], [0, 0, 0, -80, 0, 0, 0, -192, 0, 0, 0, 0, -321, 0, 0, 0, 0, 421, 0, 0, 0, 0, 422, 0, 0, 0, 0, 0, 0, 0, 423, 0, 424, 425, 426, 427, 0, 428, 429, 430, 0, 431, 432, 433, 434, 435, 436, 437, 438, 439, 440, 441, 442, 443, 444, 445, 446, 447, 0, 448], [0, 0, 0, 0, 0, 0, 0, 0, 0, 0, 0, 0, 0, 0, 0, 0, -421, 0, 0, 0, 0, 449, 0, 0, 0, 450, 451, 0, 0, 0, 452, 453, 454, 455, 0, 456, 0, 457, 458, 459, 460, 461, 0, 462, 463, 464, 465, 466, 467, 468, 469, 470, 471, 472, 473, 0, 474, 475, 0, 476], [-1, 0, 0, 0, 0, 0, 0, -193, 0, 0, 0, 0, 0, 0, 0, 0, 0, 0, 0, 0, 0, 0, 0, 0, 0, 0, 0, 0, 0, 477, 0, 478, 479, 480, 481, 482, 483, 484, 485, 486, 487, 488, 0, 489, 0, 490, 491, 0, 492, 493, 0, 494, 495, 496, 497, 498, 0, 499, 500, 501], [0, 0, 0, -81, -106, 0, 0, 0, 0, 0, 0, 0, 0, 0, 0, 0, 0, 0, 0, 0, 0, 0, 0, 502, 0, 0, 0, 503, 0, 0, 504, 0, 0, 505, 506, 507, 508, 0, 509, 0, 510, 511, 0, 512, 513, 514, 0, 0, 515, 516, 517, 0, 518, 519, 520, 0, 521, 0, 522, 523], [0, 0, 0, 0, 0, 0, 0, 0, 0, 0, 0, 0, 0, 0, 0, 0, 0, 0, 0, 0, 0, 524, 0, 0, 0, 0, 0, 0, 0, 0, 525, 526, 527, 528, 529, 0, 530, 531, 532, 533, 534, 535, 536, 537, 538, 0, 539, 540, 0, 0, 541, 542, 0, 543, 0, 0, 544, 545, 0, 546], [0, 0, -54, 0, 0, 0, 0, 0, 0, 0, 0, 0, 0, 0, 0, -392, 0, -449, 0, 0, -524, 0, 0, 0, 0, 0, 0, 0, 0, 0, 547, 548, 0, 549, 550, 551, 0, 552, 553, 554, 0, 0, 555, 0, 556, 557, 558, 559, 560, 561, 562, 563, 0, 0, 564, 565, 566, 567, 568, 569], [0, -30, 0, 0, 0, -133, 0, 0, 0, 0, 0, 0, 0, 0, 0, 0, -422, 0, 0, 0, 0, 0, 0, 0, 0, 0, 0, 570, 0, 571, 572, 573, 574, 575, 576, 577, 578, 579, 0, 580, 581, 582, 583, 584, 585, 586, 587, 588, 589, 590, 591, 592, 0, 593, 594, 0, 0, 595, 596, 597], [0, 0, 0, 0, 0, 0, 0, 0, 0, 0, 0, 0, 0, 0, 0, 0, 0, 0, 0, -502, 0, 0, 0, 0, 0, 0, 0, 0, 0, 0, 598, 599, 0, 600, 601, 602, 0, 603, 604, 605, 606, 607, 608, 609, 610, 611, 0, 612, 613, 0, 614, 615, 0, 616, 0, 617, 618, 0, 619, 620], [0, 0, 0, 0, -107, 0, 0, 0, 0, 0, 0, -297, 0, 0, 0, 0, 0, 0, 0, 0, 0, 0, 0, 0, 0, 0, 0, 0, 0, 621, 622, 623, 0, 624, 0, 625, 626, 627, 628, 0, 629, 630, 631, 0, 632, 633, 0, 0, 634, 0, 635, 636, 637, 0, 638, 639, 0, 640, 641, 0], [0, 0, 0, 0, 0, 0, 0, 0, 0, 0, 0, 0, 0, -344, 0, -393, 0, -450, 0, 0, 0, 0, 0, 0, 0, 0, 0, 0, 0, 0, 0, 0, 642, 643, 644, 645, 0, 646, 647, 648, 649, 650, 651, 652, 0, 653, 654, 655, 0, 656, 657, 658, 659, 660, 661, 662, 663, 664, 665, 0], [-2, 0, 0, 0, 0, 0, 0, 0, 0, 0, 0, 0, 0, 0, 0, 0, 0, -451, 0, 0, 0, 0, 0, 0, 0, 0, 0, 0, 0, 0, 666, 667, 0, 668, 669, 670, 671, 672, 673, 674, 675, 676, 677, 0, 678, 679, 680, 681, 0, 682, 683, 0, 684, 685, 686, 687, 688, 689, 0, 690], [0, 0, 0, -82, 0, 0, 0, 0, 0, 0, 0, 0, 0, 0, 0, 0, 0, 0, 0, -503, 0, 0, -570, 0, 0, 0, 0, 0, 0, 0, 0, 691, 692, 0, 693, 694, 0, 695, 0, 696, 697, 698, 699, 0, 700, 701, 0, 702, 703, 704, 705, 706, 0, 707, 0, 708, 709, 710, 711, 712], [0, 0, 0, 0, 0, 0, 0, 0, 0, 0, 0, 0, 0, 0, 0, -394, 0, 0, 0, 0, 0, 0, 0, 0, 0, 0, 0, 0, 0, 0, 0, 0, 0, 713, 0, 714, 715, 716, 717, 718, 0, 0, 719, 720, 721, 722, 723, 724, 0, 0, 0, 0, 0, 725, 726, 727, 728, 0, 0, 729], [0, 0, 0, 0, 0, 0, 0, 0, 0, 0, 0, 0, 0, 0, 0, 0, 0, 0, -477, 0, 0, 0, -571, 0, -621, 0, 0, 0, 0, 0, 730, 731, 732, 733, 734, 735, 736, 737, 738, 739, 740, 741, 742, 0, 743, 744, 745, 746, 747, 748, 749, 750, 751, 0, 752, 753, 754, 755, 756, 0], [-3, -31, -55, -83, -108, -134, -162, -194, -219, -246, -271, -298, -322, -345, -370, 0, -423, -452, 0, -504, -525, -547, -572, -598, -622, 0, -666, 0, 0, -730, 0, 757, 758, 759, 760, 761, 762, 763, 0, 764, 765, 766, 767, 768, 769, 0, 770, 771, 772, 773, 0, 774, 775, 776, 0, 0, 777, 778, 779, 780], [-4, -32, -56, -84, -109, -135, -163, -195, 0, -247, -272, -299, -323, -346, 0, -395, 0, -453, -478, 0, -526, -548, -573, -599, -623, 0, -667, -691, 0, -731, -757, 0, 781, 782, 783, 784, 785, 786, 787, 788, 789, 790, 0, 0, 0, 791, 792, 0, 793, 794, 795, 0, 796, 0, 0, 797, 798, 799, 800, 801], [-5, 0, -57, -85, -110, -136, -164, -196, -220, -248, -273, -300, -324, -347, -371, -396, -424, -454, -479, 0, -527, 0, -574, 0, 0, -642, 0, -692, 0, -732, -758, -781, 0, 802, 803, 0, 804, 805, 806, 807, 0, 0, 808, 0, 0, 809, 810, 811, 812, 0, 813, 814, 0, 815, 816, 817, 818, 819, 820, 0], [-6, -33, -58, -86, -111, -137, -165, -197, -221, -249, -274, -301, -325, -348, 0, -397, -425, -455, -480, -505, -528, -549, -575, -600, -624, -643, -668, 0, -713, -733, -759, -782, -802, 0, 821, 822, 823, 0, 824, 825, 826, 827, 828, 829, 830, 831, 832, 0, 0, 833, 834, 835, 836, 837, 838, 839, 840, 0, 841, 842], [-7, -34, 0, 0, -112, -138, 0, -198, 0, -250, -275, -302, 0, -349, -372, -398, -426, 0, -481, -506, -529, -550, -576, -601, 0, -644, -669, -693, 0, -734, -760, -783, -803, -821, 0, 843, 844, 845, 846, 847, 848, 849, 850, 851, 0, 0, 0, 852, 0, 853, 854, 855, 0, 856, 857, 858, 859, 860, 861, 862], [-8, -35, -59, -87, -113, -139, 0, -199, -222, -251, -276, -303, -326, -350, 0, -399, -427, -456, -482, -507, 0, -551, -577, -602, -625, -645, -670, -694, -714, -735, -761, -784, 0, -822, -843, 0, 0, 863, 864, 865, 866, 0, 867, 868, 869, 870, 871, 0, 872, 873, 874, 0, 875, 876, 0, 0, 0, 0, 0, 877], [0, -36, 0, -88, -114, -140, 0, -200, -223, 0, -277, -304, -327, -351, -373, -400, 0, 0, -483, -508, -530, 0, -578, 0, -626, 0, -671, 0, -715, -736, -762, -785, -804, -823, -844, 0, 0, 0, 878, 879, 880, 881, 882, 883, 884, 885, 0, 886, 887, 0, 888, 889, 890, 891, 892, 893, 894, 895, 896, 897], [-9, -37, -60, -89, 0, 0, -166, -201, -224, -252, -278, -305, -328, -352, -374, -401, -428, -457, -484, 0, -531, -552, -579, -603, -627, -646, -672, -695, -716, -737, -763, -786, -805, 0, -845, -863, 0, 0, 898, 0, 899, 900, 0, 901, 902, 903, 0, 0, 904, 0, 0, 905, 906, 0, 907, 908, 909, 910, 0, 911], [-10, 0, -61, -90, -115, -141, -167, -202, -225, -253, -279, -306, -329, -353, -375, 0, -429, -458, -485, -509, -532, -553, 0, -604, -628, -647, -673, 0, -717, -738, 0, -787, -806, -824, -846, -864, -878, -898, 0, 912, 913, 0, 914, 0, 915, 916, 917, 918, 919, 0, 0, 920, 921, 922, 923, 924, 925, 0, 926, 927], [0, -38, -62, 0, -116, -142, -168, 0, -226, -254, -280, -307, 0, -354, -376, -402, -430, -459, -486, 0, -533, -554, -580, -605, 0, -648, -674, -696, -718, -739, -764, -788, -807, -825, -847, -865, -879, 0, -912, 0, 928, 929, 930, 931, 0, 932, 933, 934, 935, 936, 937, 938, 939, 940, 941, 942, 943, 944, 0, 0], [-11, -39, -63, 0, -117, -143, -169, -203, -227, -255, 0, -308, -330, -355, 0, -403, 0, -460, -487, -510, -534, 0, -581, -606, -629, -649, -675, -697, 0, -740, -765, -789, 0, -826, -848, -866, -880, -899, -913, -928, 0, 945, 946, 947, 948, 0, 949, 950, 951, 952, 953, 0, 954, 955, 0, 956, 957, 958, 0, 959], [-12, -40, -64, -91, -118, -144, -170, -204, 0, -256, -281, -309, -331, -356, -377, -404, -431, -461, -488, -511, -535, 0, -582, -607, -630, -650, -676, -698, 0, -741, -766, -790, 0, -827, -849, 0, -881, -900, 0, -929, -945, 0, 960, 961, 962, 963, 964, 0, 0, 965, 966, 967, 968, 969, 0, 970, 0, 971, 972, 973], [-13, -41, -65, 0, -119, -145, -171, -205, -228, -257, -282, 0, 0, -357, 0, -405, -432, 0, 0, 0, -536, -555, -583, -608, -631, -651, -677, -699, -719, -742, -767, 0, -808, -828, -850, -867, -882, 0, -914, -930, -946, -960, 0, 974, 975, 976, 0, 977, 978, 979, 980, 981, 982, 983, 0, 984, 985, 986, 987, 988], [-14, -42, -66, -92, -120, 0, -172, -206, -229, -258, 0, -310, -332, -358, -378, -406, -433, -462, -489, -512, -537, 0, -584, -609, 0, -652, 0, 0, -720, 0, -768, 0, 0, -829, -851, -868, -883, -901, 0, -931, -947, -961, -974, 0, 989, 0, 990, 991, 992, 993, 994, 995, 996, 997, 998, 999, 1000, 1001, 0, 1002], [-15, -43, -67, -93, -121, -146, -173, 0, -230, -259, -283, -311, -333, 0, -379, -407, -434, -463, 0, -513, -538, -556, -585, -610, -632, 0, -678, -700, -721, -743, -769, 0, 0, -830, 0, -869, -884, -902, -915, 0, -948, -962, -975, -989, 0, 1003, 1004, 0, 1005, 1006, 1007, 0, 1008, 0, 0, 0, 1009, 1010, 1011, 1012], [-16, -44, 0, -94, -122, -147, -174, -207, -231, -260, -284, -312, -334, -359, 0, 0, -435, -464, -490, -514, 0, -557, -586, -611, -633, -653, -679, -701, -722, -744, 0, -791, -809, -831, 0, -870, -885, -903, -916, -932, 0, -963, -976, 0, -1003, 0, 1013, 1014, 1015, 1016, 1017, 0, 1018, 1019, 1020, 1021, 1022, 0, 0, 1023], [-17, -45, -68, -95, -123, -148, -175, 0, -232, 0, -285, 0, -335, -360, 0, -408, -436, -465, -491, 0, -539, -558, -587, 0, 0, -654, -680, 0, -723, -745, -770, -792, -810, -832, 0, -871, 0, 0, -917, -933, -949, -964, 0, -990, -1004, -1013, 0, 0, 1024, 1025, 1026, 1027, 1028, 1029, 1030, 1031, 1032, 1033, 0, 0], [-18, -46, -69, 0, -124, -149, -176, -208, -233, -261, -286, 0, 0, 0, -380, -409, -437, -466, 0, 0, -540, -559, -588, -612, 0, -655, -681, -702, -724, -746, -771, 0, -811, 0, -852, 0, -886, 0, -918, -934, -950, 0, -977, -991, 0, -1014, 0, 0, 1034, 1035, 1036, 1037, 1038, 1039, 1040, 1041, 1042, 1043, 1044, 1045], [-19, -47, 0, -96, -125, 0, -177, -209, -234, -262, -287, -313, -336, -361, -381, -410, -438, -467, -492, -515, 0, -560, -589, -613, -634, 0, 0, -703, 0, -747, -772, -793, -812, 0, 0, -872, -887, -904, -919, -935, -951, 0, -978, -992, -1005, -1015, -1024, -1034, 0, 1046, 1047, 1048, 1049, 1050, 1051, 0, 1052, 1053, 1054, 0], [-20, 0, -70, -97, -126, -150, -178, 0, -235, 0, -288, 0, -337, -362, -382, -411, -439, -468, -493, -516, 0, -561, -590, 0, 0, -656, -682, -704, 0, -748, -773, -794, 0, -833, -853, -873, 0, 0, 0, -936, -952, -965, -979, -993, -1006, -1016, -1025, -1035, -1046, 0, 0, 1055, 1056, 0, 1057, 1058, 1059, 1060, 1061, 1062], [-21, -48, -71, -98, -127, -151, -179, -210, 0, -263, 0, -314, -338, -363, -383, -412, -440, -469, 0, -517, -541, -562, -591, -614, -635, -657, -683, -705, 0, -749, 0, -795, -813, -834, -854, -874, -888, 0, 0, -937, -953, -966, -980, -994, -1007, -1017, -1026, -1036, -1047, 0, 0, 1063, 1064, 1065, 1066, 1067, 1068, 1069, 1070, 0], [-22, 0, 0, 0, 0, 0, -180, 0, -236, 0, -289, -315, 0, 0, -384, -413, -441, -470, -494, 0, -542, -563, -592, -615, -636, -658, 0, -706, 0, -750, -774, 0, -814, -835, -855, 0, -889, -905, -920, -938, 0, -967, -981, -995, 0, 0, -1027, -1037, -1048, -1055, -1063, 0, 1071, 0, 1072, 1073, 1074, 1075, 1076, 1077], [0, -49, -72, 0, 0, -152, -181, -211, -237, -264, -290, -316, -339, -364, 0, -414, -442, -471, -495, -518, 0, 0, 0, 0, -637, -659, -684, 0, 0, -751, -775, -796, 0, -836, 0, -875, -890, -906, -921, -939, -954, -968, -982, -996, -1008, -1018, -1028, -1038, -1049, -1056, -1064, -1071, 0, 1078, 1079, 1080, 1081, 1082, 1083, 1084], [0, 0, 0, -99, 0, -153, -182, -212, -238, -265, -291, -317, -340, 0, -385, -415, -443, -472, -496, -519, -543, 0, -593, -616, 0, -660, -685, -707, -725, 0, -776, 0, -815, -837, -856, -876, -891, 0, -922, -940, -955, -969, -983, -997, 0, -1019, -1029, -1039, -1050, 0, -1065, 0, -1078, 0, 1085, 1086, 1087, 1088, 1089, 1090], [-23, -50, -73, -100, -128, -154, -183, -213, 0, -266, -292, -318, -341, -365, -386, -416, -444, -473, -497, -520, 0, -564, -594, 0, -638, -661, -686, 0, -726, -752, 0, 0, -816, -838, -857, 0, -892, -907, -923, -941, 0, 0, 0, -998, 0, -1020, -1030, -1040, -1051, -1057, -1066, -1072, -1079, -1085, 0, 1091, 1092, 1093, 1094, 1095], [-24, 0, -74, -101, -129, -155, -184, -214, -239, 0, 0, -319, -342, -366, -387, -417, -445, 0, -498, 0, 0, -565, 0, -617, -639, -662, -687, -708, -727, -753, 0, -797, -817, -839, -858, 0, -893, -908, -924, -942, -956, -970, -984, -999, 0, -1021, -1031, -1041, 0, -1058, -1067, -1073, -1080, -1086, -1091, 0, 1096, 1097, 1098, 1099], [0, -51, -75, -102, -130, -156, -185, -215, -240, -267, -293, 0, 0, -367, -388, 0, -446, -474, 0, -521, -544, -566, 0, -618, 0, -663, -688, -709, -728, -754, -777, -798, -818, -840, -859, 0, -894, -909, -925, -943, -957, 0, -985, -1000, -1009, -1022, -1032, -1042, -1052, -1059, -1068, -1074, -1081, -1087, -1092, -1096, 0, 1100, 1101, 1102], [-25, -52, -76, -103, 0, -157, -186, -216, -241, -268, 0, 0, -343, -368, -389, -418, -447, -475, -499, 0, -545, -567, -595, 0, -640, -664, -689, -710, 0, -755, -778, -799, -819, 0, -860, 0, -895, -910, 0, -944, -958, -971, -986, -1001, -1010, 0, -1033, -1043, -1053, -1060, -1069, -1075, -1082, -1088, -1093, -1097, -1100, 0, 1103, 0], [-26, 0, -77, -104, -131, -158, -187, -217, -242, -269, -294, -320, 0, 0, -390, -419, 0, 0, -500, -522, 0, -568, -596, -619, -641, -665, 0, -711, 0, -756, -779, -800, -820, -841, -861, 0, -896, 0, -926, 0, 0, -972, -987, 0, -1011, 0, 0, -1044, -1054, -1061, -1070, -1076, -1083, -1089, -1094, -1098, -1101, -1103, 0, 1104], [-27, -53, -78, -105, 0, -159, -188, -218, -243, -270, -295, 0, 0, -369, -391, -420, -448, -476, -501, -523, -546, -569, -597, -620, 0, 0, -690, -712, -729, 0, -780, -801, 0, -842, -862, -877, -897, -911, -927, 0, -959, -973, -988, -1002, -1012, -1023, 0, -1045, 0, -1062, 0, -1077, -1084, -1090, -1095, -1099, -1102, 0, -1104, 0]], [[0, 0, 0, 0, 0, 0, 0, 0, 0, 0, 0, 0, 0, 0, 0, 0, 0, 0, 1, 0, 0, 0, 0, 0, 0, 0, 0, 0, 0, 0, 2, 3, 4, 5, 6, 7, 8, 0, 9, 10, 11, 12, 13, 14, 15, 16, 17, 18, 0, 19, 20, 21, 0, 22, 0, 23, 0, 24, 25, 26], [0, 0, 0, 0, 0, 0, 0, 27, 0, 0, 0, 0, 0, 0, 0, 0, 0, 0, 0, 0, 0, 0, 0, 0, 0, 0, 0, 0, 0, 28, 29, 0, 30, 31, 0, 32, 33, 0, 34, 35, 36, 0, 37, 38, 39, 40, 41, 0, 42, 43, 44, 45, 0, 46, 47, 48, 49, 0, 50, 51], [0, 0, 0, 0, 0, 0, 0, 0, 0, 0, 0, 0, 0, 0, 0, 0, 0, 0, 0, 0, 0, 0, 0, 0, 0, 0, 0, 52, 0, 0, 53, 54, 55, 56, 0, 57, 58, 59, 60, 0, 61, 62, 0, 63, 64, 65, 0, 66, 67, 68, 69, 70, 71, 72, 73, 74, 75, 76, 77, 78], [0, 0, 0, 0, 0, 0, 0, 0, 0, 0, 0, 79, 0, 0, 0, 0, 0, 0, 80, 0, 0, 0, 0, 0, 0, 0, 0, 0, 0, 0, 81, 82, 0, 83, 84, 85, 86, 87, 0, 88, 89, 0, 90, 91, 0, 0, 0, 92, 93, 94, 95, 96, 97, 98, 99, 0, 100, 101, 102, 103], [0, 0, 0, 0, 0, 0, 104, 0, 0, 0, 0, 0, 105, 0, 0, 0, 0, 0, 0, 0, 106, 0, 0, 0, 107, 0, 0, 0, 0, 0, 108, 109, 110, 111, 112, 113, 114, 115, 116, 117, 118, 0, 119, 120, 121, 122, 0, 123, 124, 125, 126, 127, 128, 129, 130, 131, 132, 133, 134, 135], [0, 0, 0, 0, 0, 0, 0, 0, 0, 136, 0, 0, 0, 0, 0, 0, 0, 137, 0, 138, 0, 0, 0, 139, 0, 0, 0, 0, 0, 0, 140, 141, 142, 143, 144, 145, 146, 147, 148, 149, 150, 151, 152, 153, 154, 155, 156, 0, 157, 0, 158, 159, 160, 0, 161, 162, 163, 164, 165, 0], [0, 0, 0, 0, -104, 0, 0, 0, 0, 0, 0, 166, 167, 0, 0, 0, 0, 168, 169, 0, 0, 0, 0, 0, 0, 0, 0, 0, 0, 0, 0, 0, 170, 0, 171, 172, 173, 174, 175, 176, 0, 177, 178, 179, 180, 181, 182, 183, 0, 0, 184, 185, 186, 187, 188, 189, 0, 190, 0, 191], [0, -27, 0, 0, 0, 0, 0, 0, 0, 0, 0, 0, 0, 0, 0, 0, 0, 0, 0, 0, 0, 0, 0, 0, 0, 0, 0, 0, 0, 0, 0, 192, 193, 0, 194, 195, 196, 0, 197, 198, 199, 200, 0, 201, 202, 203, 204, 205, 206, 207, 208, 209, 0, 210, 211, 212, 213, 214, 215, 216], [0, 0, 0, 0, 0, 0, 0, 0, 0, 0, 0, 0, 217, 0, 0, 0, 0, 0, 0, 0, 0, 0, 0, 0, 0, 0, 0, 0, 0, 0, 218, 219, 220, 0, 221, 0, 222, 223, 224, 225, 226, 227, 228, 229, 230, 231, 232, 233, 0, 234, 0, 235, 236, 237, 238, 239, 240, 241, 0, 0], [0, 0, 0, 0, 0, -136, 0, 0, 0, 0, 0, 0, 0, 0, 0, 0, 0, 0, 0, 0, 0, 0, 0, 0, 0, 0, 242, 243, 0, 0, 244, 245, 246, 247, 248, 0, 249, 250, 251, 252, 253, 254, 255, 256, 257, 258, 259, 260, 261, 0, 0, 0, 0, 262, 263, 0, 264, 265, 266, 267], [0, 0, 0, 0, 0, 0, 0, 0, 0, 0, 0, 0, 0, 0, 0, 0, 0, 0, 0, 0, 0, 0, 0, 0, 0, 0, 0, 0, 0, 268, 269, 270, 271, 272, 0, 273, 0, 0, 274, 275, 276, 277, 0, 278, 279, 0, 0, 280, 281, 0, 282, 283, 284, 0, 285, 286, 0, 287, 288, 289], [0, 0, 0, -79, 0, 0, -166, 0, 0, 0, 0, 0, 0, 0, 0, 0, 0, 0, 0, 0, 0, 0, 0, 0, 0, 0, 0, 0, 0, 0, 290, 0, 291, 292, 293, 294, 295, 0, 296, 297, 298, 299, 0, 300, 0, 301, 302, 303, 304, 305, 306, 307, 308, 309, 310, 0, 311, 312, 313, 314], [0, 0, 0, 0, -105, 0, -167, 0, -217, 0, 0, 0, 0, 0, 0, 315, 0, 316, 0, 0, 0, 0, 0, 0, 0, 0, 0, 317, 0, 0, 318, 0, 319, 320, 321, 322, 323, 324, 0, 325, 326, 327, 328, 329, 0, 330, 331, 332, 333, 334, 335, 336, 337, 338, 339, 340, 341, 342, 343, 344], [0, 0, 0, 0, 0, 0, 0, 0, 0, 0, 0, 0, 0, 0, 0, 0, 0, 0, 0, 0, 0, 0, 0, 0, 0, 0, 345, 346, 0, 0, 347, 348, 349, 0, 350, 351, 352, 353, 354, 0, 355, 0, 356, 357, 358, 0, 0, 0, 359, 360, 0, 361, 362, 0, 363, 364, 0, 365, 366, 367], [0, 0, 0, 0, 0, 0, 0, 0, 0, 0, 0, 0, 0, 0, 0, 0, 0, 0, 0, 0, 0, 0, 368, 0, 369, 0, 0, 0, 0, 0, 370, 371, 372, 373, 374, 375, 0, 376, 377, 378, 379, 380, 0, 381, 0, 0, 382, 383, 384, 385, 386, 387, 388, 389, 390, 391, 0, 0, 392, 0], [0, 0, 0, 0, 0, 0, 0, 0, 0, 0, 0, 0, -315, 0, 0, 0, 0, 0, 0, 0, 0, 0, 0, 0, 0, 0, 0, 0, 0, 0, 393, 394, 0, 395, 0, 396, 397, 398, 399, 400, 0, 401, 402, 403, 404, 0, 405, 406, 407, 408, 409, 410, 411, 412, 0, 413, 414, 415, 416, 417], [0, 0, 0, 0, 0, 0, 0, 0, 0, 0, 0, 0, 0, 0, 0, 0, 0, 0, 0, 0, 0, 0, 0, 0, 0, 0, 0, 0, 0, 418, 419, 420, 0, 421, 0, 422, 423, 0, 424, 0, 425, 0, 0, 426, 0, 0, 427, 428, 429, 430, 0, 431, 432, 433, 434, 0, 435, 436, 437, 438], [0, 0, 0, 0, 0, -137, -168, 0, 0, 0, 0, 0, -316, 0, 0, 0, 0, 0, 0, 0, 0, 0, 0, 0, 0, 0, 0, 0, 0, 0, 439, 440, 441, 442, 0, 443, 444, 445, 446, 447, 448, 449, 450, 451, 452, 453, 454, 455, 456, 457, 458, 459, 0, 460, 461, 462, 463, 464, 465, 466], [-1, 0, 0, -80, 0, 0, -169, 0, 0, 0, 0, 0, 0, 0, 0, 0, 0, 0, 0, 0, 467, 0, 0, 0, 0, 0, 0, 468, 0, 0, 0, 0, 469, 470, 471, 472, 473, 474, 475, 476, 477, 0, 478, 479, 480, 0, 481, 482, 483, 484, 0, 485, 486, 487, 488, 489, 490, 491, 0, 0], [0, 0, 0, 0, 0, -138, 0, 0, 0, 0, 0, 0, 0, 0, 0, 0, 0, 0, 0, 0, 0, 0, 492, 0, 0, 0, 0, 0, 0, 0, 493, 0, 0, 494, 0, 495, 496, 497, 0, 498, 499, 500, 501, 502, 0, 503, 504, 505, 506, 0, 0, 0, 507, 508, 509, 510, 511, 512, 0, 513], [0, 0, 0, 0, -106, 0, 0, 0, 0, 0, 0, 0, 0, 0, 0, 0, 0, 0, -467, 0, 0, 0, 0, 0, 0, 0, 0, 0, 0, 0, 514, 515, 0, 0, 516, 517, 518, 0, 519, 520, 521, 0, 522, 523, 524, 525, 526, 527, 528, 529, 530, 531, 532, 533, 534, 0, 535, 536, 537, 538], [0, 0, 0, 0, 0, 0, 0, 0, 0, 0, 0, 0, 0, 0, 0, 0, 0, 0, 0, 0, 0, 0, 0, 0, 0, 0, 0, 0, 0, 0, 539, 540, 541, 542, 543, 544, 0, 545, 0, 546, 547, 548, 549, 0, 550, 0, 551, 552, 553, 554, 555, 556, 557, 0, 558, 559, 560, 561, 562, 563], [0, 0, 0, 0, 0, 0, 0, 0, 0, 0, 0, 0, 0, 0, -368, 0, 0, 0, 0, -492, 0, 0, 0, 0, 0, 0, 0, 564, 0, 565, 566, 0, 567, 568, 569, 570, 571, 572, 573, 574, 575, 576, 0, 0, 577, 0, 0, 578, 579, 580, 581, 582, 583, 584, 585, 586, 587, 588, 589, 590], [0, 0, 0, 0, 0, -139, 0, 0, 0, 0, 0, 0, 0, 0, 0, 0, 0, 0, 0, 0, 0, 0, 0, 0, 0, 0, 0, 0, 0, 0, 591, 592, 593, 594, 0, 595, 596, 597, 598, 599, 600, 601, 602, 603, 604, 0, 605, 606, 607, 0, 608, 609, 610, 0, 611, 612, 613, 614, 0, 615], [0, 0, 0, 0, -107, 0, 0, 0, 0, 0, 0, 0, 0, 0, -369, 0, 0, 0, 0, 0, 0, 0, 0, 0, 0, 0, 0, 0, 0, 0, 616, 0, 0, 0, 617, 618, 619, 620, 621, 622, 623, 624, 0, 625, 626, 627, 628, 629, 630, 631, 632, 633, 634, 635, 636, 637, 638, 0, 639, 640], [0, 0, 0, 0, 0, 0, 0, 0, 0, 0, 0, 0, 0, 0, 0, 0, 0, 0, 0, 0, 0, 0, 0, 0, 0, 0, 641, 0, 0, 642, 643, 644, 645, 646, 0, 647, 0, 648, 649, 0, 650, 651, 0, 0, 652, 653, 0, 654, 0, 655, 656, 0, 0, 657, 658, 659, 660, 661, 662, 663], [0, 0, 0, 0, 0, 0, 0, 0, 0, -242, 0, 0, 0, -345, 0, 0, 0, 0, 0, 0, 0, 0, 0, 0, 0, -641, 0, 0, 0, 0, 664, 665, 666, 667, 668, 669, 670, 671, 672, 673, 674, 0, 675, 676, 677, 0, 678, 679, 0, 680, 681, 0, 682, 683, 684, 685, 0, 686, 687, 0], [0, 0, -52, 0, 0, 0, 0, 0, 0, -243, 0, 0, -317, -346, 0, 0, 0, 0, -468, 0, 0, 0, -564, 0, 0, 0, 0, 0, 0, 688, 689, 0, 690, 0, 691, 692, 0, 693, 694, 695, 696, 697, 698, 699, 700, 0, 701, 702, 703, 0, 704, 705, 0, 706, 0, 707, 708, 0, 709, 710], [0, 0, 0, 0, 0, 0, 0, 0, 0, 0, 0, 0, 0, 0, 0, 0, 0, 0, 0, 0, 0, 0, 0, 0, 0, 0, 0, 0, 0, 0, 0, 711, 712, 713, 714, 715, 716, 0, 0, 717, 718, 719, 720, 721, 722, 723, 724, 725, 726, 727, 728, 729, 730, 0, 731, 732, 733, 734, 735, 736], [0, -28, 0, 0, 0, 0, 0, 0, 0, 0, -268, 0, 0, 0, 0, 0, -418, 0, 0, 0, 0, 0, -565, 0, 0, -642, 0, -688, 0, 0, 737, 738, 739, 740, 0, 741, 742, 743, 744, 745, 0, 746, 0, 747, 748, 749, 750, 751, 752, 753, 754, 755, 756, 757, 758, 759, 0, 760, 761, 762], [-2, -29, -53, -81, -108, -140, 0, 0, -218, -244, -269, -290, -318, -347, -370, -393, -419, -439, 0, -493, -514, -539, -566, -591, -616,