[[[0, 0, 0, 0, 0, 0, 0, 0, 0, 0, 0, 0, 0, 0, 0, 0, 0, 1, 2, 3, 4, 0, 5, 0, 6, 0, 0, 7, 0, 8, 9, 10], [0, 0, 0, 0, 0, 0, 11, 0, 0, 0, 0, 0, 0, 0, 0, 0, 12, 0, 13, 14, 15, 16, 0, 17, 18, 19, 20, 0, 0, 21, 22, 23], [0, 0, 0, 0, 0, 0, 0, 0, 0, 0, 0, 24, 0, 0, 0, 0, 25, 0, 26, 27, 0, 28, 0, 29, 30, 31, 32, 33, 34, 35, 36, 37], [0, 0, 0, 0, 0, 38, 0, 0, 0, 0, 0, 0, 0, 0, 0, 39, 40, 0, 41, 0, 42, 43, 44, 45, 46, 47, 48, 49, 50, 51, 0, 52], [0, 0, 0, 0, 0, 0, 0, 0, 0, 0, 0, 0, 0, 0, 0, 0, 0, 53, 0, 54, 55, 56, 57, 58, 59, 60, 61, 62, 63, 64, 65, 0], [0, 0, 0, -38, 0, 0, 0, 0, 0, 0, 66, 0, 0, 0, 67, 0, 68, 69, 70, 0, 71, 72, 0, 73, 74, 75, 76, 77, 78, 0, 0, 0], [0, -11, 0, 0, 0, 0, 0, 0, 0, 0, 0, 79, 0, 0, 0, 0, 80, 81, 0, 82, 83, 84, 85, 86, 87, 88, 89, 90, 91, 92, 93, 94], [0, 0, 0, 0, 0, 0, 0, 0, 0, 0, 0, 0, 0, 0, 0, 0, 95, 0, 96, 97, 98, 99, 100, 101, 102, 103, 104, 105, 106, 0, 107, 108], [0, 0, 0, 0, 0, 0, 0, 0, 0, 0, 0, 0, 109, 0, 0, 0, 110, 111, 112, 113, 114, 115, 116, 117, 0, 118, 0, 119, 120, 121, 122, 123], [0, 0, 0, 0, 0, 0, 0, 0, 0, 0, 0, 0, 0, 0, 124, 0, 125, 126, 127, 128, 129, 130, 131, 132, 0, 133, 134, 135, 0, 136, 137, 138], [0, 0, 0, 0, 0, -66, 0, 0, 0, 0, 0, 0, 0, 0, 0, 0, 139, 140, 141, 142, 143, 144, 145, 146, 147, 148, 149, 0, 150, 0, 0, 151], [0, 0, -24, 0, 0, 0, -79, 0, 0, 0, 0, 0, 0, 0, 0, 0, 152, 153, 154, 0, 155, 0, 156, 157, 158, 159, 160, 161, 162, 0, 0, 163], [0, 0, 0, 0, 0, 0, 0, 0, -109, 0, 0, 0, 0, 0, 0, 0, 164, 165, 166, 167, 0, 168, 0, 0, 169, 0, 170, 171, 172, 173, 174, 175], [0, 0, 0, 0, 0, 0, 0, 0, 0, 0, 0, 0, 0, 0, 0, 0, 176, 177, 178, 179, 180, 181, 182, 183, 184, 185, 186, 187, 188, 189, 190, 191], [0, 0, 0, 0, 0, -67, 0, 0, 0, -124, 0, 0, 0, 0, 0, 0, 0, 0, 192, 193, 194, 0, 195, 196, 197, 198, 199, 0, 200, 201, 202, 0], [0, 0, 0, -39, 0, 0, 0, 0, 0, 0, 0, 0, 0, 0, 0, 0, 203, 204, 205, 206, 207, 208, 209, 210, 0, 211, 212, 213, 214, 215, 216, 0], [0, -12, -25, -40, 0, -68, -80, -95, -110, -125, -139, -152, -164, -176, 0, -203, 0, 0, 217, 0, 218, 219, 220, 221, 222, 223, 0, 224, 225, 0, 226, 227], [-1, 0, 0, 0, -53, -69, -81, 0, -111, -126, -140, -153, -165, -177, 0, -204, 0, 0, 0, 0, 228, 0, 229, 0, 230, 0, 231, 232, 233, 234, 235, 236], [-2, -13, -26, -41, 0, -70, 0, -96, -112, -127, -141, -154, -166, -178, -192, -205, -217, 0, 0, 237, 238, 239, 0, 240, 241, 242, 243, 244, 245, 246, 247, 248], [-3, -14, -27, 0, -54, 0, -82, -97, -113, -128, -142, 0, -167, -179, -193, -206, 0, 0, -237, 0, 249, 250, 251, 0, 252, 253, 0, 254, 255, 256, 257, 258], [-4, -15, 0, -42, -55, -71, -83, -98, -114, -129, -143, -155, 0, -180, -194, -207, -218, -228, -238, -249, 0, 259, 260, 261, 262, 263, 264, 0, 265, 266, 267, 268], [0, -16, -28, -43, -56, -72, -84, -99, -115, -130, -144, 0, -168, -181, 0, -208, -219, 0, -239, -250, -259, 0, 269, 270, 271, 272, 273, 274, 0, 0, 0, 275], [-5, 0, 0, -44, -57, 0, -85, -100, -116, -131, -145, -156, 0, -182, -195, -209, -220, -229, 0, -251, -260, -269, 0, 276, 277, 278, 279, 280, 281, 282, 283, 0], [0, -17, -29, -45, -58, -73, -86, -101, -117, -132, -146, -157, 0, -183, -196, -210, -221, 0, -240, 0, -261, -270, -276, 0, 284, 0, 285, 286, 287, 0, 288, 289], [-6, -18, -30, -46, -59, -74, -87, -102, 0, 0, -147, -158, -169, -184, -197, 0, -222, -230, -241, -252, -262, -271, -277, -284, 0, 0, 290, 0, 291, 0, 292, 293], [0, -19, -31, -47, -60, -75, -88, -103, -118, -133, -148, -159, 0, -185, -198, -211, -223, 0, -242, -253, -263, -272, -278, 0, 0, 0, 0, 294, 295, 296, 0, 297], [0, -20, -32, -48, -61, -76, -89, -104, 0, -134, -149, -160, -170, -186, -199, -212, 0, -231, -243, 0, -264, -273, -279, -285, -290, 0, 0, 298, 0, 299, 300, 301], [-7, 0, -33, -49, -62, -77, -90, -105, -119, -135, 0, -161, -171, -187, 0, -213, -224, -232, -244, -254, 0, -274, -280, -286, 0, -294, -298, 0, 302, 303, 304, 305], [0, 0, -34, -50, -63, -78, -91, -106, -120, 0, -150, -162, -172, -188, -200, -214, -225, -233, -245, -255, -265, 0, -281, -287, -291, -295, 0, -302, 0, 306, 307, 308], [-8, -21, -35, -51, -64, 0, -92, 0, -121, -136, 0, 0, -173, -189, -201, -215, 0, -234, -246, -256, -266, 0, -282, 0, 0, -296, -299, -303, -306, 0, 309, 0], [-9, -22, -36, 0, -65, 0, -93, -107, -122, -137, 0, 0, -174, -190, -202, -216, -226, -235, -247, -257, -267, 0, -283, -288, -292, 0, -300, -304, -307, -309, 0, 310], [-10, -23, -37, -52, 0, 0, -94, -108, -123, -138, -151, -163, -175, -191, 0, 0, -227, -236, -248, -258, -268, -275, 0, -289, -293, -297, -301, -305, -308, 0, -310, 0]], [[0, 0, 0, 0, 0, 0, 0, 0, 0, 0, 0, 0, 0, 0, 0, 0, 1, 0, 2, 3, 4, 5, 0, 6, 7, 8, 9, 0, 10, 11, 12, 0], [0, 0, 0, 0, 0, 13, 0, 0, 14, 0, 0, 0, 0, 0, 0, 0, 15, 16, 17, 18, 19, 0, 20, 0, 21, 22, 23, 24, 0, 25, 26, 27], [0, 0, 0, 28, 0, 0, 0, 0, 0, 0, 0, 0, 0, 0, 0, 0, 29, 30, 31, 32, 0, 33, 34, 35, 36, 37, 38, 0, 39, 40, 41, 42], [0, 0, -28, 0, 0, 0, 0, 0, 0, 0, 0, 0, 0, 0, 0, 0, 43, 44, 45, 46, 47, 48, 49, 50, 51, 52, 53, 54, 0, 55, 56, 57], [0, 0, 0, 0, 0, 0, 0, 0, 0, 58, 59, 0, 0, 60, 0, 0, 61, 62, 0, 63, 64, 65, 66, 67, 0, 68, 0, 69, 70, 71, 0, 72], [0, -13, 0, 0, 0, 0, 0, 0, 0, 0, 0, 0, 0, 0, 0, 0, 0, 73, 74, 75, 76, 77, 0, 78, 79, 80, 81, 82, 83, 84, 0, 85], [0, 0, 0, 0, 0, 0, 0, 0, 0, 0, 0, 0, 0, 0, 0, 0, 86, 87, 88, 89, 90, 91, 0, 92, 93, 94, 95, 0, 96, 97, 0, 98], [0, 0, 0, 0, 0, 0, 0, 0, 0, 0, 0, 0, 0, 99, 0, 0, 0, 100, 101, 102, 103, 104, 105, 106, 0, 107, 0, 108, 109, 110, 111, 112], [0, -14, 0, 0, 0, 0, 0, 0, 0, 0, 0, 0, 0, 0, 0, 0, 113, 114, 0, 115, 116, 117, 118, 119, 120, 121, 122, 0, 123, 124, 0, 0], [0, 0, 0, 0, -58, 0, 0, 0, 0, 0, 0, 0, 0, 0, 0, 0, 125, 126, 127, 128, 0, 0, 129, 130, 0, 131, 132, 133, 134, 135, 0, 136], [0, 0, 0, 0, -59, 0, 0, 0, 0, 0, 0, 0, 0, 0, 0, 0, 137, 138, 0, 139, 140, 0, 141, 142, 0, 0, 143, 0, 144, 145, 146, 147], [0, 0, 0, 0, 0, 0, 0, 0, 0, 0, 0, 0, 0, 0, 148, 0, 149, 150, 151, 152, 153, 154, 155, 0, 156, 157, 0, 158, 159, 160, 0, 161], [0, 0, 0, 0, 0, 0, 0, 0, 0, 0, 0, 0, 0, 0, 0, 0, 162, 163, 164, 165, 0, 166, 0, 167, 0, 168, 169, 170, 171, 0, 172, 173], [0, 0, 0, 0, -60, 0, 0, -99, 0, 0, 0, 0, 0, 0, 0, 174, 175, 176, 177, 178, 179, 180, 181, 182, 183, 184, 185, 186, 187, 188, 0, 0], [0, 0, 0, 0, 0, 0, 0, 0, 0, 0, 0, -148, 0, 0, 0, 189, 190, 191, 0, 0, 192, 193, 0, 194, 195, 0, 196, 197, 0, 198, 199, 200], [0, 0, 0, 0, 0, 0, 0, 0, 0, 0, 0, 0, 0, -174, -189, 0, 201, 202, 203, 204, 0, 205, 206, 207, 208, 209, 0, 210, 211, 212, 0, 213], [-1, -15, -29, -43, -61, 0, -86, 0, -113, -125, -137, -149, -162, -175, -190, -201, 0, 214, 215, 216, 217, 0, 218, 0, 219, 0, 220, 221, 222, 223, 0, 224], [0, -16, -30, -44, -62, -73, -87, -100, -114, -126, -138, -150, -163, -176, -191, -202, -214, 0, 225, 226, 0, 227, 228, 229, 230, 231, 232, 0, 0, 233, 234, 235], [-2, -17, -31, -45, 0, -74, -88, -101, 0, -127, 0, -151, -164, -177, 0, -203, -215, -225, 0, 236, 237, 238, 0, 239, 240, 241, 242, 243, 244, 245, 246, 247], [-3, -18, -32, -46, -63, -75, -89, -102, -115, -128, -139, -152, -165, -178, 0, -204, -216, -226, -236, 0, 248, 249, 0, 250, 0, 0, 251, 0, 252, 253, 254, 0], [-4, -19, 0, -47, -64, -76, -90, -103, -116, 0, -140, -153, 0, -179, -192, 0, -217, 0, -237, -248, 0, 255, 256, 257, 258, 259, 260, 261, 262, 0, 0, 263], [-5, 0, -33, -48, -65, -77, -91, -104, -117, 0, 0, -154, -166, -180, -193, -205, 0, -227, -238, -249, -255, 0, 0, 0, 0, 264, 265, 266, 267, 268, 269, 270], [0, -20, -34, -49, -66, 0, 0, -105, -118, -129, -141, -155, 0, -181, 0, -206, -218, -228, 0, 0, -256, 0, 0, 0, 0, 271, 0, 272, 273, 0, 274, 275], [-6, 0, -35, -50, -67, -78, -92, -106, -119, -130, -142, 0, -167, -182, -194, -207, 0, -229, -239, -250, -257, 0, 0, 0, 276, 277, 278, 279, 280, 0, 281, 282], [-7, -21, -36, -51, 0, -79, -93, 0, -120, 0, 0, -156, 0, -183, -195, -208, -219, -230, -240, 0, -258, 0, 0, -276, 0, 283, 284, 285, 286, 287, 288, 289], [-8, -22, -37, -52, -68, -80, -94, -107, -121, -131, 0, -157, -168, -184, 0, -209, 0, -231, -241, 0, -259, -264, -271, -277, -283, 0, 0, 290, 291, 292, 293, 0], [-9, -23, -38, -53, 0, -81, -95, 0, -122, -132, -143, 0, -169, -185, -196, 0, -220, -232, -242, -251, -260, -265, 0, -278, -284, 0, 0, 294, 0, 295, 296, 0], [0, -24, 0, -54, -69, -82, 0, -108, 0, -133, 0, -158, -170, -186, -197, -210, -221, 0, -243, 0, -261, -266, -272, -279, -285, -290, -294, 0, 297, 0, 298, 299], [-10, 0, -39, 0, -70, -83, -96, -109, -123, -134, -144, -159, -171, -187, 0, -211, -222, 0, -244, -252, -262, -267, -273, -280, -286, -291, 0, -297, 0, 300, 301, 0], [-11, -25, -40, -55, -71, -84, -97, -110, -124, -135, -145, -160, 0, -188, -198, -212, -223, -233, -245, -253, 0, -268, 0, 0, -287, -292, -295, 0, -300, 0, 302, 303], [-12, -26, -41, -56, 0, 0, 0, -111, 0, 0, -146, 0, -172, 0, -199, 0, 0, -234, -246, -254, 0, -269, -274, -281, -288, -293, -296, -298, -301, -302, 0, 304], [0, -27, -42, -57, -72, -85, -98, -112, 0, -136, -147, -161, -173, 0, -200, -213, -224, -235, -247, 0, -263, -270, -275, -282, -289, 0, 0, -299, 0, -303, -304, 0]], [[0, 0, 0, 0, 0, 0, 0, 0, 0, 0, 0, 0, 0, 1, 0, 0, 2, 0, 3, 4, 5, 6, 7, 8, 0, 9, 10, 11, 12, 13, 14, 15], [0, 0, 0, 0, 0, 0, 0, 0, 0, 0, 0, 16, 0, 0, 0, 0, 17, 18, 0, 19, 20, 0, 0, 21, 0, 22, 0, 23, 24, 25, 26, 27], [0, 0, 0, 0, 0, 0, 0, 0, 0, 0, 0, 0, 0, 0, 0, 0, 0, 28, 29, 0, 30, 31, 32, 33, 0, 0, 0, 34, 35, 36, 37, 0], [0, 0, 0, 0, 0, 0, 0, 0, 38, 0, 0, 0, 0, 0, 0, 0, 39, 40, 41, 42, 43, 44, 45, 0, 46, 47, 0, 48, 49, 50, 51, 52], [0, 0, 0, 0, 0, 0, 0, 0, 0, 0, 0, 0, 0, 0, 0, 0, 53, 54, 55, 0, 56, 57, 58, 0, 59, 60, 0, 0, 61, 62, 63, 64], [0, 0, 0, 0, 0, 0, 65, 0, 0, 0, 0, 0, 66, 0, 0, 0, 67, 68, 69, 70, 71, 72, 73, 74, 75, 76, 0, 77, 78, 79, 0, 80], [0, 0, 0, 0, 0, -65, 0, 0, 0, 0, 0, 0, 0, 81, 0, 0, 82, 0, 0, 83, 84, 85, 86, 87, 88, 0, 89, 90, 91, 0, 0, 92], [0, 0, 0, 0, 0, 0, 0, 0, 0, 0, 0, 0, 0, 0, 0, 0, 93, 94, 95, 96, 97, 98, 99, 100, 101, 102, 103, 104, 105, 106, 0, 0], [0, 0, 0, -38, 0, 0, 0, 0, 0, 0, 0, 0, 0, 0, 0, 0, 0, 0, 107, 108, 109, 110, 0, 111, 112, 113, 114, 115, 116, 117, 118, 119], [0, 0, 0, 0, 0, 0, 0, 0, 0, 0, 0, 0, 0, 0, 0, 0, 0, 120, 121, 0, 122, 123, 124, 125, 126, 0, 127, 128, 129, 130, 131, 0], [0, 0, 0, 0, 0, 0, 0, 0, 0, 0, 0, 0, 0, 132, 0, 0, 133, 134, 0, 135, 136, 137, 138, 139, 140, 141, 142, 143, 144, 145, 146, 147], [0, -16, 0, 0, 0, 0, 0, 0, 0, 0, 0, 0, 0, 0, 0, 0, 148, 149, 150, 0, 0, 151, 152, 153, 154, 155, 156, 157, 158, 0, 159, 0], [0, 0, 0, 0, 0, -66, 0, 0, 0, 0, 0, 0, 0, 160, 0, 0, 161, 162, 163, 164, 0, 165, 0, 166, 167, 168, 169, 170, 171, 0, 0, 172], [-1, 0, 0, 0, 0, 0, -81, 0, 0, 0, -132, 0, -160, 0, 0, 0, 173, 174, 175, 176, 0, 0, 177, 178, 179, 0, 180, 181, 182, 183, 184, 0], [0, 0, 0, 0, 0, 0, 0, 0, 0, 0, 0, 0, 0, 0, 0, 0, 185, 186, 187, 188, 189, 0, 190, 191, 192, 0, 0, 193, 194, 195, 196, 197], [0, 0, 0, 0, 0, 0, 0, 0, 0, 0, 0, 0, 0, 0, 0, 0, 198, 199, 200, 201, 202, 203, 204, 0, 205, 206, 207, 0, 208, 209, 210, 211], [-2, -17, 0, -39, -53, -67, -82, -93, 0, 0, -133, -148, -161, -173, -185, -198, 0, 212, 213, 214, 0, 0, 215, 216, 217, 218, 219, 220, 0, 221, 0, 222], [0, -18, -28, -40, -54, -68, 0, -94, 0, -120, -134, -149, -162, -174, -186, -199, -212, 0, 223, 224, 225, 226, 227, 0, 228, 229, 0, 230, 0, 231, 232, 233], [-3, 0, -29, -41, -55, -69, 0, -95, -107, -121, 0, -150, -163, -175, -187, -200, -213, -223, 0, 234, 235, 236, 237, 238, 239, 240, 241, 242, 243, 244, 245, 246], [-4, -19, 0, -42, 0, -70, -83, -96, -108, 0, -135, 0, -164, -176, -188, -201, -214, -224, -234, 0, 247, 248, 249, 250, 0, 0, 251, 0, 0, 0, 252, 0], [-5, -20, -30, -43, -56, -71, -84, -97, -109, -122, -136, 0, 0, 0, -189, -202, 0, -225, -235, -247, 0, 253, 254, 255, 0, 256, 257, 258, 259, 260, 261, 262], [-6, 0, -31, -44, -57, -72, -85, -98, -110, -123, -137, -151, -165, 0, 0, -203, 0, -226, -236, -248, -253, 0, 263, 264, 265, 266, 267, 0, 268, 269, 270, 271], [-7, 0, -32, -45, -58, -73, -86, -99, 0, -124, -138, -152, 0, -177, -190, -204, -215, -227, -237, -249, -254, -263, 0, 0, 272, 273, 274, 0, 275, 276, 277, 0], [-8, -21, -33, 0, 0, -74, -87, -100, -111, -125, -139, -153, -166, -178, -191, 0, -216, 0, -238, -250, -255, -264, 0, 0, 278, 279, 280, 281, 282, 0, 0, 0], [0, 0, 0, -46, -59, -75, -88, -101, -112, -126, -140, -154, -167, -179, -192, -205, -217, -228, -239, 0, 0, -265, -272, -278, 0, 283, 284, 285, 286, 287, 0, 288], [-9, -22, 0, -47, -60, -76, 0, -102, -113, 0, -141, -155, -168, 0, 0, -206, -218, -229, -240, 0, -256, -266, -273, -279, -283, 0, 289, 0, 290, 0, 291, 292], [-10, 0, 0, 0, 0, 0, -89, -103, -114, -127, -142, -156, -169, -180, 0, -207, -219, 0, -241, -251, -257, -267, -274, -280, -284, -289, 0, 293, 294, 295, 296, 297], [-11, -23, -34, -48, 0, -77, -90, -104, -115, -128, -143, -157, -170, -181, -193, 0, -220, -230, -242, 0, -258, 0, 0, -281, -285, 0, -293, 0, 298, 299, 0, 300], [-12, -24, -35, -49, -61, -78, -91, -105, -116, -129, -144, -158, -171, -182, -194, -208, 0, 0, -243, 0, -259, -268, -275, -282, -286, -290, -294, -298, 0, 301, 0, 302], [-13, -25, -36, -50, -62, -79, 0, -106, -117, -130, -145, 0, 0, -183, -195, -209, -221, -231, -244, 0, -260, -269, -276, 0, -287, 0, -295, -299, -301, 0, 303, 304], [-14, -26, -37, -51, -63, 0, 0, 0, -118, -131, -146, -159, 0, -184, -196, -210, 0, -232, -245, -252, -261, -270, -277, 0, 0, -291, -296, 0, 0, -303, 0, 305], [-15, -27, 0, -52, -64, -80, -92, 0, -119, 0, -147, 0, -172, 0, -197, -211, -222, -233, -246, 0, -262, -271, 0, 0, -288, -292, -297, -300, -302, -304, -305, 0]], [[0, 0, 0, 0, 0, 0, 1, 0, 0, 0, 0, 0, 0, 0, 0, 0, 0, 2, 3, 4, 5, 6, 7, 8, 9, 10, 0, 0, 11, 12, 0, 13], [0, 0, 0, 0, 0, 0, 0, 0, 0, 0, 0, 14, 0, 0, 0, 0, 0, 15, 16, 17, 18, 19, 20, 0, 0, 21, 22, 23, 24, 25, 26, 27], [0, 0, 0, 0, 0, 0, 0, 0, 0, 28, 0, 0, 0, 0, 0, 0, 29, 0, 30, 31, 32, 33, 34, 35, 36, 37, 38, 39, 40, 0, 41, 42], [0, 0, 0, 0, 0, 0, 0, 0, 0, 0, 0, 0, 0, 0, 0, 0, 43, 44, 45, 46, 47, 0, 48, 49, 0, 50, 51, 52, 53, 54, 55, 56], [0, 0, 0, 0, 0, 0, 57, 58, 0, 0, 0, 0, 0, 59, 0, 0, 60, 0, 0, 61, 62, 0, 63, 64, 0, 65, 66, 67, 68, 69, 70, 71], [0, 0, 0, 0, 0, 0, 0, 72, 0, 0, 73, 0, 0, 0, 74, 0, 75, 76, 77, 78, 79, 80, 81, 82, 83, 84, 85, 86, 87, 0, 88, 89], [-1, 0, 0, 0, -57, 0, 0, 0, 0, 0, 0, 0, 0, 0, 90, 91, 92, 93, 94, 95, 0, 0, 96, 0, 97, 0, 98, 99, 100, 101, 102, 0], [0, 0, 0, 0, -58, -72, 0, 0, 0, 0, 0, 103, 0, 0, 104, 0, 105, 106, 107, 108, 109, 110, 111, 112, 113, 114, 115, 116, 117, 0, 0, 118], [0, 0, 0, 0, 0, 0, 0, 0, 0, 0, 0, 0, 0, 0, 0, 0, 119, 0, 120, 121, 122, 123, 124, 125, 126, 127, 128, 129, 130, 131, 132, 0], [0, 0, -28, 0, 0, 0, 0, 0, 0, 0, 0, 0, 0, 0, 0, 0, 133, 134, 135, 136, 137, 138, 139, 140, 141, 142, 143, 0, 144, 145, 146, 0], [0, 0, 0, 0, 0, -73, 0, 0, 0, 0, 0, 0, 0, 0, 0, 0, 147, 148, 149, 0, 150, 151, 0, 152, 0, 0, 153, 154, 0, 155, 156, 157], [0, -14, 0, 0, 0, 0, 0, -103, 0, 0, 0, 0, 0, 0, 0, 0, 158, 159, 160, 161, 0, 0, 0, 162, 163, 164, 0, 165, 166, 167, 168, 169], [0, 0, 0, 0, 0, 0, 0, 0, 0, 0, 0, 0, 0, 0, 0, 0, 170, 0, 0, 171, 0, 172, 173, 174, 175, 176, 177, 178, 179, 180, 181, 0], [0, 0, 0, 0, -59, 0, 0, 0, 0, 0, 0, 0, 0, 0, 182, 0, 183, 0, 184, 185, 186, 187, 0, 188, 189, 190, 191, 192, 193, 194, 195, 196], [0, 0, 0, 0, 0, -74, -90, -104, 0, 0, 0, 0, 0, -182, 0, 0, 197, 198, 199, 200, 201, 202, 203, 204, 0, 205, 206, 207, 0, 208, 209, 0], [0, 0, 0, 0, 0, 0, -91, 0, 0, 0, 0, 0, 0, 0, 0, 0, 210, 211, 212, 213, 0, 214, 215, 216, 0, 217, 218, 219, 0, 220, 221, 222], [0, 0, -29, -43, -60, -75, -92, -105, -119, -133, -147, -158, -170, -183, -197, -210, 0, 223, 224, 0, 0, 225, 226, 227, 228, 229, 230, 231, 0, 232, 233, 234], [-2, -15, 0, -44, 0, -76, -93, -106, 0, -134, -148, -159, 0, 0, -198, -211, -223, 0, 235, 0, 0, 236, 237, 238, 239, 240, 0, 0, 241, 242, 243, 244], [-3, -16, -30, -45, 0, -77, -94, -107, -120, -135, -149, -160, 0, -184, -199, -212, -224, -235, 0, 245, 246, 247, 248, 249, 250, 251, 252, 253, 254, 255, 256, 0], [-4, -17, -31, -46, -61, -78, -95, -108, -121, -136, 0, -161, -171, -185, -200, -213, 0, 0, -245, 0, 257, 258, 259, 260, 261, 262, 263, 264, 265, 266, 267, 268], [-5, -18, -32, -47, -62, -79, 0, -109, -122, -137, -150, 0, 0, -186, -201, 0, 0, 0, -246, -257, 0, 269, 270, 271, 272, 0, 273, 274, 275, 276, 277, 278], [-6, -19, -33, 0, 0, -80, 0, -110, -123, -138, -151, 0, -172, -187, -202, -214, -225, -236, -247, -258, -269, 0, 0, 279, 0, 0, 280, 281, 0, 282, 283, 284], [-7, -20, -34, -48, -63, -81, -96, -111, -124, -139, 0, 0, -173, 0, -203, -215, -226, -237, -248, -259, -270, 0, 0, 0, 285, 286, 0, 287, 288, 289, 290, 291], [-8, 0, -35, -49, -64, -82, 0, -112, -125, -140, -152, -162, -174, -188, -204, -216, -227, -238, -249, -260, -271, -279, 0, 0, 0, 292, 0, 0, 293, 294, 295, 296], [-9, 0, -36, 0, 0, -83, -97, -113, -126, -141, 0, -163, -175, -189, 0, 0, -228, -239, -250, -261, -272, 0, -285, 0, 0, 297, 298, 299, 0, 300, 301, 302], [-10, -21, -37, -50, -65, -84, 0, -114, -127, -142, 0, -164, -176, -190, -205, -217, -229, -240, -251, -262, 0, 0, -286, -292, -297, 0, 303, 304, 0, 305, 0, 306], [0, -22, -38, -51, -66, -85, -98, -115, -128, -143, -153, 0, -177, -191, -206, -218, -230, 0, -252, -263, -273, -280, 0, 0, -298, -303, 0, 307, 0, 308, 0, 0], [0, -23, -39, -52, -67, -86, -99, -116, -129, 0, -154, -165, -178, -192, -207, -219, -231, 0, -253, -264, -274, -281, -287, 0, -299, -304, -307, 0, 309, 310, 311, 312], [-11, -24, -40, -53, -68, -87, -100, -117, -130, -144, 0, -166, -179, -193, 0, 0, 0, -241, -254, -265, -275, 0, -288, -293, 0, 0, 0, -309, 0, 313, 314, 315], [-12, -25, 0, -54, -69, 0, -101, 0, -131, -145, -155, -167, -180, -194, -208, -220, -232, -242, -255, -266, -276, -282, -289, -294, -300, -305, -308, -310, -313, 0, 316, 317], [0, -26, -41, -55, -70, -88, -102, 0, -132, -146, -156, -168, -181, -195, -209, -221, -233, -243, -256, -267, -277, -283, -290, -295, -301, 0, 0, -311, -314, -316, 0, 318], [-13, -27, -42, -56, -71, -89, 0, -118, 0, 0, -157, -169, 0, -196, 0, -222, -234, -244, 0, -268, -278, -284, -291, -296, -302, -306, 0, -312, -315, -317, -318, 0]], [[0, 0, 0, 0, 0, 0, 0, 0, 0, 0, 0, 0, 1, 0, 0, 0, 2, 0, 0, 3, 4, 0, 5, 6, 7, 0, 8, 9, 10, 0, 0, 11], [0, 0, 0, 0, 0, 0, 0, 12, 0, 0, 0, 0, 13, 0, 0, 0, 0, 14, 0, 15, 16, 17, 18, 0, 19, 20, 21, 22, 23, 24, 25, 26], [0, 0, 0, 0, 27, 0, 0, 0, 0, 0, 0, 0, 0, 28, 29, 0, 30, 31, 32, 33, 34, 35, 36, 37, 38, 39, 40, 41, 0, 42, 43, 44], [0, 0, 0, 0, 0, 0, 0, 45, 0, 46, 0, 0, 0, 0, 0, 47, 48, 49, 50, 51, 0, 52, 53, 54, 55, 56, 57, 58, 59, 60, 0, 0], [0, 0, -27, 0, 0, 61, 0, 0, 0, 0, 0, 0, 62, 0, 0, 0, 63, 64, 0, 0, 65, 66, 0, 67, 68, 69, 0, 70, 71, 72, 73, 74], [0, 0, 0, 0, -61, 0, 0, 0, 0, 0, 0, 75, 0, 0, 0, 0, 0, 0, 0, 76, 0, 77, 78, 79, 80, 81, 82, 83, 84, 85, 86, 87], [0, 0, 0, 0, 0, 0, 0, 0, 0, 88, 0, 0, 0, 89, 0, 0, 90, 91, 92, 93, 94, 95, 96, 0, 0, 97, 98, 99, 100, 101, 102, 103], [0, -12, 0, -45, 0, 0, 0, 0, 0, 0, 0, 0, 0, 0, 0, 0, 104, 0, 0, 0, 105, 106, 107, 0, 108, 0, 109, 110, 111, 112, 113, 0], [0, 0, 0, 0, 0, 0, 0, 0, 0, 0, 0, 0, 0, 114, 0, 0, 115, 0, 116, 117, 0, 0, 118, 119, 120, 121, 122, 123, 124, 125, 126, 127], [0, 0, 0, -46, 0, 0, -88, 0, 0, 0, 0, 0, 0, 0, 0, 0, 128, 129, 130, 131, 132, 0, 133, 134, 135, 136, 137, 138, 139, 140, 141, 142], [0, 0, 0, 0, 0, 0, 0, 0, 0, 0, 0, 0, 0, 0, 143, 0, 144, 0, 145, 146, 147, 148, 149, 150, 151, 152, 0, 153, 154, 0, 155, 0], [0, 0, 0, 0, 0, -75, 0, 0, 0, 0, 0, 0, 0, 0, 0, 0, 156, 157, 0, 158, 159, 160, 0, 161, 162, 163, 164, 165, 0, 0, 166, 167], [-1, -13, 0, 0, -62, 0, 0, 0, 0, 0, 0, 0, 0, 0, 0, 168, 0, 169, 170, 0, 171, 172, 173, 174, 175, 176, 177, 178, 179, 180, 181, 0], [0, 0, -28, 0, 0, 0, -89, 0, -114, 0, 0, 0, 0, 0, 182, 183, 0, 184, 0, 185, 186, 187, 188, 189, 190, 0, 191, 192, 193, 194, 195, 196], [0, 0, -29, 0, 0, 0, 0, 0, 0, 0, -143, 0, 0, -182, 0, 0, 197, 0, 0, 198, 199, 200, 201, 202, 203, 204, 205, 0, 206, 207, 208, 209], [0, 0, 0, -47, 0, 0, 0, 0, 0, 0, 0, 0, -168, -183, 0, 0, 0, 210, 211, 212, 0, 213, 214, 215, 216, 217, 218, 0, 219, 220, 221, 222], [-2, 0, -30, -48, -63, 0, -90, -104, -115, -128, -144, -156, 0, 0, -197, 0, 0, 223, 224, 225, 226, 227, 228, 229, 230, 231, 232, 233, 0, 0, 234, 235], [0, -14, -31, -49, -64, 0, -91, 0, 0, -129, 0, -157, -169, -184, 0, -210, -223, 0, 236, 237, 238, 239, 0, 240, 241, 0, 242, 243, 244, 245, 246, 247], [0, 0, -32, -50, 0, 0, -92, 0, -116, -130, -145, 0, -170, 0, 0, -211, -224, -236, 0, 248, 249, 250, 251, 252, 253, 254, 255, 256, 257, 258, 259, 0], [-3, -15, -33, -51, 0, -76, -93, 0, -117, -131, -146, -158, 0, -185, -198, -212, -225, -237, -248, 0, 0, 260, 261, 262, 263, 264, 265, 266, 267, 268, 269, 270], [-4, -16, -34, 0, -65, 0, -94, -105, 0, -132, -147, -159, -171, -186, -199, 0, -226, -238, -249, 0, 0, 0, 0, 0, 271, 272, 273, 274, 275, 0, 276, 0], [0, -17, -35, -52, -66, -77, -95, -106, 0, 0, -148, -160, -172, -187, -200, -213, -227, -239, -250, -260, 0, 0, 277, 0, 278, 279, 280, 281, 0, 282, 283, 284], [-5, -18, -36, -53, 0, -78, -96, -107, -118, -133, -149, 0, -173, -188, -201, -214, -228, 0, -251, -261, 0, -277, 0, 285, 286, 287, 288, 289, 290, 291, 0, 292], [-6, 0, -37, -54, -67, -79, 0, 0, -119, -134, -150, -161, -174, -189, -202, -215, -229, -240, -252, -262, 0, 0, -285, 0, 293, 0, 0, 294, 295, 0, 296, 0], [-7, -19, -38, -55, -68, -80, 0, -108, -120, -135, -151, -162, -175, -190, -203, -216, -230, -241, -253, -263, -271, -278, -286, -293, 0, 297, 298, 299, 300, 301, 302, 303], [0, -20, -39, -56, -69, -81, -97, 0, -121, -136, -152, -163, -176, 0, -204, -217, -231, 0, -254, -264, -272, -279, -287, 0, -297, 0, 304, 0, 305, 306, 307, 308], [-8, -21, -40, -57, 0, -82, -98, -109, -122, -137, 0, -164, -177, -191, -205, -218, -232, -242, -255, -265, -273, -280, -288, 0, -298, -304, 0, 0, 309, 310, 0, 0], [-9, -22, -41, -58, -70, -83, -99, -110, -123, -138, -153, -165, -178, -192, 0, 0, -233, -243, -256, -266, -274, -281, -289, -294, -299, 0, 0, 0, 311, 0, 312, 313], [-10, -23, 0, -59, -71, -84, -100, -111, -124, -139, -154, 0, -179, -193, -206, -219, 0, -244, -257, -267, -275, 0, -290, -295, -300, -305, -309, -311, 0, 314, 315, 0], [0, -24, -42, -60, -72, -85, -101, -112, -125, -140, 0, 0, -180, -194, -207, -220, 0, -245, -258, -268, 0, -282, -291, 0, -301, -306, -310, 0, -314, 0, 316, 317], [0, -25, -43, 0, -73, -86, -102, -113, -126, -141, -155, -166, -181, -195, -208, -221, -234, -246, -259, -269, -276, -283, 0, -296, -302, -307, 0, -312, -315, -316, 0, 0], [-11, -26, -44, 0, -74, -87, -103, 0, -127, -142, 0, -167, 0, -196, -209, -222, -235, -247, 0, -270, 0, -284, -292, 0, -303, -308, 0, -313, 0, -317, 0, 0]], [[0, 0, 0, 0, 0, 0, 0, 0, 0, 0, 0, 0, 0, 0, 0, 0, 1, 2, 3, 4, 5, 0, 6, 7, 8, 0, 9, 10, 11, 12, 13, 14], [0, 0, 0, 0, 0, 0, 0, 0, 0, 0, 0, 0, 0, 0, 0, 0, 15, 0, 16, 17, 18, 19, 20, 0, 21, 0, 22, 23, 24, 25, 26, 27], [0, 0, 0, 0, 0, 0, 0, 0, 0, 0, 0, 0, 28, 0, 0, 0, 29, 0, 30, 31, 32, 33, 34, 0, 35, 36, 0, 37, 0, 38, 39, 40], [0, 0, 0, 0, 0, 0, 0, 0, 0, 0, 0, 41, 0, 0, 0, 0, 42, 0, 43, 44, 45, 0, 0, 46, 47, 48, 0, 49, 50, 51, 52, 0], [0, 0, 0, 0, 0, 0, 53, 0, 0, 0, 0, 0, 0, 0, 54, 0, 0, 55, 0, 0, 56, 57, 58, 59, 60, 61, 0, 62, 63, 64, 65, 66], [0, 0, 0, 0, 0, 0, 0, 0, 0, 0, 67, 0, 68, 0, 0, 0, 69, 70, 71, 0, 0, 72, 73, 74, 0, 75, 76, 77, 78, 79, 80, 81], [0, 0, 0, 0, -53, 0, 0, 0, 0, 0, 0, 0, 0, 0, 0, 0, 82, 83, 0, 84, 85, 86, 87, 88, 89, 0, 90, 91, 92, 0, 93, 94], [0, 0, 0, 0, 0, 0, 0, 0, 95, 0, 0, 96, 0, 0, 0, 0, 0, 97, 98, 0, 0, 99, 100, 101, 102, 103, 104, 105, 106, 107, 0, 108], [0, 0, 0, 0, 0, 0, 0, -95, 0, 0, 0, 0, 0, 109, 0, 0, 110, 111, 112, 113, 114, 115, 116, 117, 118, 119, 120, 121, 122, 123, 124, 0], [0, 0, 0, 0, 0, 0, 0, 0, 0, 0, 0, 125, 0, 0, 0, 0, 126, 0, 127, 128, 129, 130, 131, 132, 133, 134, 135, 136, 137, 138, 139, 140], [0, 0, 0, 0, 0, -67, 0, 0, 0, 0, 0, 0, 0, 0, 0, 141, 0, 142, 143, 144, 145, 146, 0, 147, 148, 149, 150, 151, 152, 153, 154, 155], [0, 0, 0, -41, 0, 0, 0, -96, 0, -125, 0, 0, 156, 0, 0, 0, 157, 0, 158, 159, 160, 161, 162, 163, 164, 165, 166, 0, 167, 168, 169, 170], [0, 0, -28, 0, 0, -68, 0, 0, 0, 0, 0, -156, 0, 171, 0, 0, 0, 172, 0, 173, 174, 175, 176, 0, 0, 177, 0, 178, 179, 0, 180, 181], [0, 0, 0, 0, 0, 0, 0, 0, -109, 0, 0, 0, -171, 0, 0, 0, 0, 182, 183, 184, 0, 185, 186, 187, 188, 0, 189, 190, 191, 0, 192, 0], [0, 0, 0, 0, -54, 0, 0, 0, 0, 0, 0, 0, 0, 0, 0, 0, 193, 194, 195, 196, 0, 197, 198, 199, 200, 201, 202, 0, 203, 204, 205, 0], [0, 0, 0, 0, 0, 0, 0, 0, 0, 0, -141, 0, 0, 0, 0, 0, 206, 207, 0, 208, 209, 0, 210, 211, 212, 213, 214, 215, 0, 216, 217, 218], [-1, -15, -29, -42, 0, -69, -82, 0, -110, -126, 0, -157, 0, 0, -193, -206, 0, 219, 0, 220, 221, 0, 222, 223, 224, 0, 225, 226, 227, 228, 229, 230], [-2, 0, 0, 0, -55, -70, -83, -97, -111, 0, -142, 0, -172, -182, -194, -207, -219, 0, 0, 0, 231, 232, 233, 234, 235, 236, 237, 0, 238, 239, 240, 241], [-3, -16, -30, -43, 0, -71, 0, -98, -112, -127, -143, -158, 0, -183, -195, 0, 0, 0, 0, 242, 0, 0, 243, 244, 245, 246, 247, 248, 249, 250, 251, 252], [-4, -17, -31, -44, 0, 0, -84, 0, -113, -128, -144, -159, -173, -184, -196, -208, -220, 0, -242, 0, 253, 254, 255, 256, 257, 258, 259, 260, 261, 262, 263, 0], [-5, -18, -32, -45, -56, 0, -85, 0, -114, -129, -145, -160, -174, 0, 0, -209, -221, -231, 0, -253, 0, 264, 265, 0, 266, 267, 0, 268, 269, 0, 270, 271], [0, -19, -33, 0, -57, -72, -86, -99, -115, -130, -146, -161, -175, -185, -197, 0, 0, -232, 0, -254, -264, 0, 272, 273, 274, 275, 0, 276, 0, 277, 278, 279], [-6, -20, -34, 0, -58, -73, -87, -100, -116, -131, 0, -162, -176, -186, -198, -210, -222, -233, -243, -255, -265, -272, 0, 0, 280, 281, 282, 283, 284, 285, 0, 0], [-7, 0, 0, -46, -59, -74, -88, -101, -117, -132, -147, -163, 0, -187, -199, -211, -223, -234, -244, -256, 0, -273, 0, 0, 0, 286, 287, 288, 289, 290, 0, 291], [-8, -21, -35, -47, -60, 0, -89, -102, -118, -133, -148, -164, 0, -188, -200, -212, -224, -235, -245, -257, -266, -274, -280, 0, 0, 292, 0, 293, 294, 295, 296, 0], [0, 0, -36, -48, -61, -75, 0, -103, -119, -134, -149, -165, -177, 0, -201, -213, 0, -236, -246, -258, -267, -275, -281, -286, -292, 0, 297, 298, 0, 0, 299, 300], [-9, -22, 0, 0, 0, -76, -90, -104, -120, -135, -150, -166, 0, -189, -202, -214, -225, -237, -247, -259, 0, 0, -282, -287, 0, -297, 0, 301, 302, 0, 303, 304], [-10, -23, -37, -49, -62, -77, -91, -105, -121, -136, -151, 0, -178, -190, 0, -215, -226, 0, -248, -260, -268, -276, -283, -288, -293, -298, -301, 0, 305, 306, 307, 308], [-11, -24, 0, -50, -63, -78, -92, -106, -122, -137, -152, -167, -179, -191, -203, 0, -227, -238, -249, -261, -269, 0, -284, -289, -294, 0, -302, -305, 0, 309, 310, 311], [-12, -25, -38, -51, -64, -79, 0, -107, -123, -138, -153, -168, 0, 0, -204, -216, -228, -239, -250, -262, 0, -277, -285, -290, -295, 0, 0, -306, -309, 0, 312, 313], [-13, -26, -39, -52, -65, -80, -93, 0, -124, -139, -154, -169, -180, -192, -205, -217, -229, -240, -251, -263, -270, -278, 0, 0, -296, -299, -303, -307, -310, -312, 0, 314], [-14, -27, -40, 0, -66, -81, -94, -108, 0, -140, -155, -170, -181, 0, 0, -218, -230, -241, -252, 0, -271, -279, 0, -291, 0, -300, -304, -308, -311, -313, -314, 0]], [[0, 0, 0, 0, 0, 0, 0, 0, 0, 0, 0, 0, 0, 0, 0, 0, 1, 2, 3, 4, 5, 0, 0, 6, 7, 8, 9, 10, 11, 12, 0, 13], [0, 0, 0, 0, 0, 0, 0, 0, 14, 0, 15, 0, 0, 0, 0, 0, 16, 17, 18, 0, 0, 19, 20, 0, 0, 21, 0, 22, 23, 24, 25, 26], [0, 0, 0, 0, 0, 0, 0, 0, 0, 0, 0, 0, 0, 27, 0, 0, 28, 29, 30, 31, 0, 0, 32, 33, 34, 35, 36, 37, 0, 38, 0, 39], [0, 0, 0, 0, 0, 0, 0, 0, 0, 0, 0, 0, 0, 0, 0, 0, 40, 0, 41, 42, 0, 43, 44, 45, 46, 47, 0, 48, 49, 50, 51, 52], [0, 0, 0, 0, 0, 0, 0, 0, 0, 0, 0, 0, 0, 0, 0, 0, 0, 0, 0, 0, 53, 0, 54, 55, 0, 0, 56, 57, 58, 59, 0, 60], [0, 0, 0, 0, 0, 0, 0, 0, 0, 0, 0, 0, 0, 0, 0, 61, 62, 63, 0, 64, 65, 66, 67, 68, 69, 70, 71, 72, 73, 74, 75, 76], [0, 0, 0, 0, 0, 0, 0, 0, 77, 0, 0, 0, 0, 0, 0, 78, 79, 80, 81, 82, 83, 84, 85, 86, 0, 87, 0, 88, 89, 90, 91, 92], [0, 0, 0, 0, 0, 0, 0, 0, 0, 0, 0, 0, 0, 0, 93, 0, 94, 95, 96, 97, 98, 99, 0, 100, 101, 102, 103, 104, 0, 105, 106, 107], [0, -14, 0, 0, 0, 0, -77, 0, 0, 0, 0, 0, 0, 0, 0, 0, 108, 109, 110, 0, 111, 112, 0, 113, 114, 115, 0, 116, 117, 118, 119, 120], [0, 0, 0, 0, 0, 0, 0, 0, 0, 0, 0, 0, 0, 0, 0, 0, 121, 122, 123, 124, 125, 126, 127, 128, 129, 130, 131, 0, 132, 0, 133, 0], [0, -15, 0, 0, 0, 0, 0, 0, 0, 0, 0, 0, 0, 0, 0, 0, 134, 0, 135, 136, 137, 138, 139, 140, 141, 142, 143, 144, 145, 146, 147, 148], [0, 0, 0, 0, 0, 0, 0, 0, 0, 0, 0, 0, 0, 0, 149, 0, 150, 0, 151, 152, 153, 154, 155, 156, 157, 158, 159, 0, 160, 161, 162, 163], [0, 0, 0, 0, 0, 0, 0, 0, 0, 0, 0, 0, 0, 0, 164, 165, 166, 167, 0, 168, 169, 170, 171, 172, 173, 174, 175, 0, 176, 177, 178, 0], [0, 0, -27, 0, 0, 0, 0, 0, 0, 0, 0, 0, 0, 0, 0, 0, 0, 179, 180, 181, 0, 182, 183, 184, 185, 186, 187, 188, 189, 190, 0, 191], [0, 0, 0, 0, 0, 0, 0, -93, 0, 0, 0, -149, -164, 0, 0, 0, 0, 192, 193, 194, 195, 196, 197, 198, 0, 199, 200, 0, 201, 202, 203, 204], [0, 0, 0, 0, 0, -61, -78, 0, 0, 0, 0, 0, -165, 0, 0, 0, 0, 205, 206, 207, 208, 209, 210, 0, 211, 212, 0, 213, 0, 0, 214, 215], [-1, -16, -28, -40, 0, -62, -79, -94, -108, -121, -134, -150, -166, 0, 0, 0, 0, 216, 217, 218, 219, 220, 0, 221, 0, 222, 223, 224, 225, 226, 227, 0], [-2, -17, -29, 0, 0, -63, -80, -95, -109, -122, 0, 0, -167, -179, -192, -205, -216, 0, 228, 0, 0, 229, 230, 231, 0, 0, 232, 233, 234, 235, 0, 0], [-3, -18, -30, -41, 0, 0, -81, -96, -110, -123, -135, -151, 0, -180, -193, -206, -217, -228, 0, 236, 237, 238, 239, 240, 0, 0, 0, 0, 241, 242, 0, 243], [-4, 0, -31, -42, 0, -64, -82, -97, 0, -124, -136, -152, -168, -181, -194, -207, -218, 0, -236, 0, 244, 0, 245, 246, 247, 248, 249, 250, 0, 251, 252, 0], [-5, 0, 0, 0, -53, -65, -83, -98, -111, -125, -137, -153, -169, 0, -195, -208, -219, 0, -237, -244, 0, 253, 254, 255, 256, 0, 257, 258, 259, 260, 261, 0], [0, -19, 0, -43, 0, -66, -84, -99, -112, -126, -138, -154, -170, -182, -196, -209, -220, -229, -238, 0, -253, 0, 262, 263, 264, 265, 0, 266, 267, 268, 269, 270], [0, -20, -32, -44, -54, -67, -85, 0, 0, -127, -139, -155, -171, -183, -197, -210, 0, -230, -239, -245, -254, -262, 0, 271, 272, 0, 273, 274, 275, 276, 277, 278], [-6, 0, -33, -45, -55, -68, -86, -100, -113, -128, -140, -156, -172, -184, -198, 0, -221, -231, -240, -246, -255, -263, -271, 0, 0, 0, 0, 279, 280, 281, 282, 283], [-7, 0, -34, -46, 0, -69, 0, -101, -114, -129, -141, -157, -173, -185, 0, -211, 0, 0, 0, -247, -256, -264, -272, 0, 0, 284, 285, 286, 287, 288, 289, 290], [-8, -21, -35, -47, 0, -70, -87, -102, -115, -130, -142, -158, -174, -186, -199, -212, -222, 0, 0, -248, 0, -265, 0, 0, -284, 0, 291, 292, 293, 294, 295, 296], [-9, 0, -36, 0, -56, -71, 0, -103, 0, -131, -143, -159, -175, -187, -200, 0, -223, -232, 0, -249, -257, 0, -273, 0, -285, -291, 0, 0, 297, 298, 0, 299], [-10, -22, -37, -48, -57, -72, -88, -104, -116, 0, -144, 0, 0, -188, 0, -213, -224, -233, 0, -250, -258, -266, -274, -279, -286, -292, 0, 0, 300, 301, 302, 303], [-11, -23, 0, -49, -58, -73, -89, 0, -117, -132, -145, -160, -176, -189, -201, 0, -225, -234, -241, 0, -259, -267, -275, -280, -287, -293, -297, -300, 0, 0, 304, 305], [-12, -24, -38, -50, -59, -74, -90, -105, -118, 0, -146, -161, -177, -190, -202, 0, -226, -235, -242, -251, -260, -268, -276, -281, -288, -294, -298, -301, 0, 0, 306, 307], [0, -25, 0, -51, 0, -75, -91, -106, -119, -133, -147, -162, -178, 0, -203, -214, -227, 0, 0, -252, -261, -269, -277, -282, -289, -295, 0, -302, -304, -306, 0, 0], [-13, -26, -39, -52, -60, -76, -92, -107, -120, 0, -148, -163, 0, -191, -204, -215, 0, 0, -243, 0, 0, -270, -278, -283, -290, -296, -299, -303, -305, -307, 0, 0]], [[0, 1, 0, 0, 2, 0, 0, 3, 0, 0, 0, 0, 0, 0, 0, 0, 4, 0, 5, 0, 6, 7, 0, 8, 9, 10, 11, 12, 13, 14, 15, 16], [-1, 0, 0, 0, 0, 0, 0, 0, 0, 0, 17, 0, 0, 0, 0, 0, 18, 19, 20, 21, 22, 23, 24, 25, 26, 0, 27, 0, 28, 29, 30, 31], [0, 0, 0, 0, 32, 0, 0, 0, 0, 0, 33, 0, 0, 0, 34, 0, 35, 36, 37, 38, 39, 0, 40, 41, 42, 43, 44, 45, 46, 0, 47, 0], [0, 0, 0, 0, 0, 0, 48, 0, 0, 0, 0, 0, 49, 0, 0, 0, 50, 51, 52, 53, 54, 0, 55, 56, 57, 58, 59, 60, 61, 62, 63, 64], [-2, 0, -32, 0, 0, 0, 0, 65, 0, 0, 0, 0, 0, 0, 0, 0, 66, 67, 68, 69, 70, 71, 72, 73, 0, 74, 75, 76, 77, 0, 78, 79], [0, 0, 0, 0, 0, 0, 0, 0, 0, 0, 0, 0, 0, 0, 0, 0, 80, 81, 82, 83, 84, 85, 86, 87, 0, 88, 89, 90, 0, 91, 92, 93], [0, 0, 0, -48, 0, 0, 0, 0, 0, 0, 0, 0, 0, 0, 0, 0, 94, 95, 0, 96, 97, 98, 99, 100, 0, 0, 101, 102, 103, 104, 105, 106], [-3, 0, 0, 0, -65, 0, 0, 0, 107, 0, 0, 0, 0, 0, 0, 0, 108, 109, 110, 0, 111, 0, 112, 113, 0, 114, 0, 115, 116, 0, 117, 118], [0, 0, 0, 0, 0, 0, 0, -107, 0, 0, 119, 0, 0, 0, 0, 0, 120, 121, 122, 0, 123, 124, 125, 126, 127, 128, 129, 0, 130, 131, 0, 0], [0, 0, 0, 0, 0, 0, 0, 0, 0, 0, 0, 0, 0, 0, 0, 0, 0, 132, 0, 133, 134, 135, 136, 0, 137, 138, 139, 140, 141, 142, 143, 144], [0, -17, -33, 0, 0, 0, 0, 0, -119, 0, 0, 0, 0, 0, 145, 0, 146, 0, 147, 0, 148, 149, 150, 151, 152, 0, 153, 154, 0, 155, 0, 156], [0, 0, 0, 0, 0, 0, 0, 0, 0, 0, 0, 0, 0, 0, 0, 0, 0, 157, 158, 159, 160, 161, 162, 163, 164, 165, 166, 0, 167, 168, 169, 170], [0, 0, 0, -49, 0, 0, 0, 0, 0, 0, 0, 0, 0, 0, 171, 0, 172, 173, 174, 0, 175, 176, 177, 178, 179, 180, 181, 182, 183, 184, 185, 186], [0, 0, 0, 0, 0, 0, 0, 0, 0, 0, 0, 0, 0, 0, 0, 0, 187, 188, 189, 190, 191, 192, 193, 0, 0, 194, 195, 196, 197, 198, 0, 0], [0, 0, -34, 0, 0, 0, 0, 0, 0, 0, -145, 0, -171, 0, 0, 199, 200, 201, 202, 203, 204, 205, 206, 207, 0, 208, 209, 210, 211, 212, 0, 213], [0, 0, 0, 0, 0, 0, 0, 0, 0, 0, 0, 0, 0, 0, -199, 0, 214, 215, 216, 217, 218, 0, 219, 220, 0, 221, 0, 222, 223, 224, 225, 226], [-4, -18, -35, -50, -66, -80, -94, -108, -120, 0, -146, 0, -172, -187, -200, -214, 0, 227, 228, 229, 0, 230, 231, 232, 233, 0, 234, 235, 236, 237, 238, 239], [0, -19, -36, -51, -67, -81, -95, -109, -121, -132, 0, -157, -173, -188, -201, -215, -227, 0, 0, 240, 241, 242, 243, 244, 0, 245, 246, 0, 247, 248, 249, 0], [-5, -20, -37, -52, -68, -82, 0, -110, -122, 0, -147, -158, -174, -189, -202, -216, -228, 0, 0, 250, 251, 0, 252, 0, 253, 254, 255, 256, 0, 257, 258, 259], [0, -21, -38, -53, -69, -83, -96, 0, 0, -133, 0, -159, 0, -190, -203, -217, -229, -240, -250, 0, 260, 261, 262, 263, 264, 265, 266, 267, 0, 268, 269, 270], [-6, -22, -39, -54, -70, -84, -97, -111, -123, -134, -148, -160, -175, -191, -204, -218, 0, -241, -251, -260, 0, 271, 272, 273, 274, 275, 276, 277, 278, 279, 280, 281], [-7, -23, 0, 0, -71, -85, -98, 0, -124, -135, -149, -161, -176, -192, -205, 0, -230, -242, 0, -261, -271, 0, 0, 282, 283, 0, 284, 0, 285, 286, 287, 288], [0, -24, -40, -55, -72, -86, -99, -112, -125, -136, -150, -162, -177, -193, -206, -219, -231, -243, -252, -262, -272, 0, 0, 289, 290, 0, 0, 291, 0, 292, 293, 0], [-8, -25, -41, -56, -73, -87, -100, -113, -126, 0, -151, -163, -178, 0, -207, -220, -232, -244, 0, -263, -273, -282, -289, 0, 294, 295, 296, 297, 0, 298, 299, 300], [-9, -26, -42, -57, 0, 0, 0, 0, -127, -137, -152, -164, -179, 0, 0, 0, -233, 0, -253, -264, -274, -283, -290, -294, 0, 301, 302, 303, 304, 305, 306, 307], [-10, 0, -43, -58, -74, -88, 0, -114, -128, -138, 0, -165, -180, -194, -208, -221, 0, -245, -254, -265, -275, 0, 0, -295, -301, 0, 308, 309, 310, 311, 312, 313], [-11, -27, -44, -59, -75, -89, -101, 0, -129, -139, -153, -166, -181, -195, -209, 0, -234, -246, -255, -266, -276, -284, 0, -296, -302, -308, 0, 0, 314, 0, 315, 316], [-12, 0, -45, -60, -76, -90, -102, -115, 0, -140, -154, 0, -182, -196, -210, -222, -235, 0, -256, -267, -277, 0, -291, -297, -303, -309, 0, 0, 0, 317, 0, 0], [-13, -28, -46, -61, -77, 0, -103, -116, -130, -141, 0, -167, -183, -197, -211, -223, -236, -247, 0, 0, -278, -285, 0, 0, -304, -310, -314, 0, 0, 318, 0, 319], [-14, -29, 0, -62, 0, -91, -104, 0, -131, -142, -155, -168, -184, -198, -212, -224, -237, -248, -257, -268, -279, -286, -292, -298, -305, -311, 0, -317, -318, 0, 320, 321], [-15, -30, -47, -63, -78, -92, -105, -117, 0, -143, 0, -169, -185, 0, 0, -225, -238, -249, -258, -269, -280, -287, -293, -299, -306, -312, -315, 0, 0, -320, 0, 322], [-16, -31, 0, -64, -79, -93, -106, -118, 0, -144, -156, -170, -186, 0, -213, -226, -239, 0, -259, -270, -281, -288, 0, -300, -307, -313, -316, 0, -319, -321, -322, 0]], [[0, 0, 0, 0, 0, 0, 0, 0, 0, 0, 0, 0, 0, 0, 1, 0, 2, 0, 3, 4, 0, 5, 6, 7, 8, 9, 10, 11, 12, 13, 14, 15], [0, 0, 0, 0, 0, 0, 0, 0, 0, 0, 0, 16, 0, 0, 0, 0, 17, 18, 19, 20, 21, 22, 23, 24, 25, 26, 0, 27, 28, 0, 0, 29], [0, 0, 0, 0, 0, 0, 0, 0, 0, 0, 0, 0, 0, 0, 0, 0, 0, 30, 0, 31, 32, 33, 34, 0, 35, 36, 37, 0, 38, 39, 40, 41], [0, 0, 0, 0, 0, 0, 0, 0, 0, 0, 0, 0, 42, 0, 0, 0, 43, 44, 45, 46, 47, 48, 49, 50, 51, 52, 0, 53, 54, 0, 55, 56], [0, 0, 0, 0, 0, 0, 0, 0, 0, 0, 0, 0, 0, 0, 0, 0, 0, 57, 0, 58, 0, 59, 60, 61, 0, 62, 0, 63, 0, 0, 0, 64], [0, 0, 0, 0, 0, 0, 0, 0, 0, 0, 0, 0, 0, 0, 65, 0, 66, 67, 68, 69, 70, 71, 72, 73, 74, 75, 76, 77, 78, 79, 80, 81], [0, 0, 0, 0, 0, 0, 0, 0, 0, 0, 0, 0, 0, 0, 0, 0, 82, 83, 84, 85, 86, 87, 0, 88, 89, 90, 91, 92, 93, 94, 95, 0], [0, 0, 0, 0, 0, 0, 0, 0, 0, 0, 0, 0, 0, 0, 0, 0, 0, 0, 96, 97, 98, 99, 100, 101, 102, 103, 104, 105, 106, 107, 108, 109], [0, 0, 0, 0, 0, 0, 0, 0, 0, 0, 0, 0, 0, 0, 0, 0, 110, 111, 112, 0, 113, 114, 115, 116, 117, 118, 119, 0, 120, 121, 122, 123], [0, 0, 0, 0, 0, 0, 0, 0, 0, 0, 0, 0, 0, 124, 0, 0, 125, 0, 0, 126, 0, 127, 128, 129, 130, 0, 0, 131, 132, 133, 134, 135], [0, 0, 0, 0, 0, 0, 0, 0, 0, 0, 0, 0, 0, 0, 0, 0, 136, 137, 138, 139, 0, 140, 141, 0, 0, 142, 143, 144, 145, 0, 146, 147], [0, -16, 0, 0, 0, 0, 0, 0, 0, 0, 0, 0, 0, 0, 0, 0, 148, 149, 150, 151, 152, 153, 0, 154, 155, 156, 157, 158, 159, 0, 0, 160], [0, 0, 0, -42, 0, 0, 0, 0, 0, 0, 0, 0, 0, 0, 161, 0, 162, 163, 164, 165, 166, 0, 167, 168, 0, 169, 170, 171, 172, 173, 174, 175], [0, 0, 0, 0, 0, 0, 0, 0, 0, -124, 0, 0, 0, 0, 176, 0, 177, 0, 178, 179, 180, 0, 181, 182, 183, 0, 0, 0, 0, 184, 185, 186], [-1, 0, 0, 0, 0, -65, 0, 0, 0, 0, 0, 0, -161, -176, 0, 0, 0, 187, 188, 0, 189, 190, 191, 192, 193, 194, 195, 196, 197, 198, 199, 200], [0, 0, 0, 0, 0, 0, 0, 0, 0, 0, 0, 0, 0, 0, 0, 0, 201, 202, 203, 204, 205, 206, 207, 208, 209, 210, 0, 211, 212, 213, 214, 215], [-2, -17, 0, -43, 0, -66, -82, 0, -110, -125, -136, -148, -162, -177, 0, -201, 0, 216, 217, 0, 218, 219, 220, 0, 221, 222, 223, 224, 225, 0, 0, 226], [0, -18, -30, -44, -57, -67, -83, 0, -111, 0, -137, -149, -163, 0, -187, -202, -216, 0, 227, 228, 229, 230, 0, 231, 232, 233, 234, 235, 236, 237, 238, 239], [-3, -19, 0, -45, 0, -68, -84, -96, -112, 0, -138, -150, -164, -178, -188, -203, -217, -227, 0, 240, 0, 241, 242, 243, 244, 245, 246, 0, 247, 248, 249, 250], [-4, -20, -31, -46, -58, -69, -85, -97, 0, -126, -139, -151, -165, -179, 0, -204, 0, -228, -240, 0, 251, 252, 253, 254, 255, 0, 0, 256, 257, 258, 259, 260], [0, -21, -32, -47, 0, -70, -86, -98, -113, 0, 0, -152, -166, -180, -189, -205, -218, -229, 0, -251, 0, 261, 262, 263, 264, 0, 0, 265, 266, 267, 268, 269], [-5, -22, -33, -48, -59, -71, -87, -99, -114, -127, -140, -153, 0, 0, -190, -206, -219, -230, -241, -252, -261, 0, 0, 270, 271, 272, 0, 273, 274, 275, 276, 277], [-6, -23, -34, -49, -60, -72, 0, -100, -115, -128, -141, 0, -167, -181, -191, -207, -220, 0, -242, -253, -262, 0, 0, 278, 0, 279, 280, 0, 281, 282, 0, 0], [-7, -24, 0, -50, -61, -73, -88, -101, -116, -129, 0, -154, -168, -182, -192, -208, 0, -231, -243, -254, -263, -270, -278, 0, 283, 0, 284, 285, 286, 287, 288, 289], [-8, -25, -35, -51, 0, -74, -89, -102, -117, -130, 0, -155, 0, -183, -193, -209, -221, -232, -244, -255, -264, -271, 0, -283, 0, 290, 291, 292, 293, 0, 294, 295], [-9, -26, -36, -52, -62, -75, -90, -103, -118, 0, -142, -156, -169, 0, -194, -210, -222, -233, -245, 0, 0, -272, -279, 0, -290, 0, 296, 297, 0, 298, 0, 299], [-10, 0, -37, 0, 0, -76, -91, -104, -119, 0, -143, -157, -170, 0, -195, 0, -223, -234, -246, 0, 0, 0, -280, -284, -291, -296, 0, 300, 301, 302, 303, 304], [-11, -27, 0, -53, -63, -77, -92, -105, 0, -131, -144, -158, -171, 0, -196, -211, -224, -235, 0, -256, -265, -273, 0, -285, -292, -297, -300, 0, 305, 306, 0, 307], [-12, -28, -38, -54, 0, -78, -93, -106, -120, -132, -145, -159, -172, 0, -197, -212, -225, -236, -247, -257, -266, -274, -281, -286, -293, 0, -301, -305, 0, 0, 0, 0], [-13, 0, -39, 0, 0, -79, -94, -107, -121, -133, 0, 0, -173, -184, -198, -213, 0, -237, -248, -258, -267, -275, -282, -287, 0, -298, -302, -306, 0, 0, 308, 309], [-14