[[[0, 0, 0, 0, 0, 0, 1, 0, 0, 0, 0, 0, 0, 0, 0, 2, 0, 0, 0, 0, 3, 4, 5, 6, 7, 8, 0, 9, 10, 11, 0, 12, 0, 0, 13, 0, 14, 15, 0, 16, 17, 18], [0, 0, 19, 0, 0, 0, 20, 0, 21, 0, 0, 0, 0, 0, 0, 0, 0, 0, 0, 0, 0, 0, 22, 0, 23, 24, 25, 0, 26, 27, 0, 0, 28, 29, 30, 0, 0, 31, 32, 33, 34, 35], [0, -19, 0, 0, 0, 0, 0, 0, 0, 0, 0, 0, 0, 0, 36, 0, 0, 0, 0, 0, 0, 37, 38, 39, 0, 40, 41, 42, 0, 43, 0, 44, 45, 46, 47, 48, 0, 49, 50, 51, 52, 53], [0, 0, 0, 0, 0, 0, 0, 0, 54, 0, 0, 0, 0, 0, 55, 0, 0, 56, 0, 57, 0, 58, 59, 60, 0, 0, 61, 62, 63, 64, 65, 66, 67, 68, 69, 70, 71, 72, 73, 74, 75, 76], [0, 0, 0, 0, 0, 0, 0, 77, 0, 0, 0, 0, 0, 78, 79, 0, 0, 0, 0, 0, 0, 80, 0, 81, 82, 83, 84, 85, 0, 0, 86, 87, 88, 89, 90, 91, 92, 93, 94, 95, 0, 96], [0, 0, 0, 0, 0, 0, 0, 97, 0, 0, 0, 0, 0, 0, 0, 98, 0, 0, 0, 0, 0, 99, 100, 101, 0, 102, 103, 104, 105, 106, 0, 0, 107, 108, 109, 0, 110, 111, 112, 113, 114, 115], [-1, -20, 0, 0, 0, 0, 0, 0, 0, 0, 0, 0, 0, 0, 0, 0, 0, 0, 0, 0, 0, 116, 117, 118, 119, 120, 121, 122, 123, 124, 125, 126, 127, 0, 0, 0, 128, 129, 0, 130, 131, 132], [0, 0, 0, 0, -77, -97, 0, 0, 0, 0, 0, 0, 0, 0, 0, 0, 0, 0, 0, 0, 0, 133, 134, 0, 135, 136, 137, 138, 139, 0, 140, 141, 142, 143, 144, 145, 0, 146, 0, 147, 0, 0], [0, -21, 0, -54, 0, 0, 0, 0, 0, 148, 0, 0, 0, 0, 0, 0, 0, 0, 0, 149, 0, 150, 151, 152, 153, 154, 155, 156, 157, 158, 0, 0, 159, 160, 161, 162, 163, 164, 165, 166, 167, 168], [0, 0, 0, 0, 0, 0, 0, 0, -148, 0, 0, 0, 0, 0, 0, 0, 0, 169, 0, 0, 0, 170, 0, 0, 171, 172, 173, 174, 175, 176, 177, 178, 179, 180, 181, 182, 183, 184, 185, 186, 187, 188], [0, 0, 0, 0, 0, 0, 0, 0, 0, 0, 0, 0, 0, 0, 0, 0, 0, 0, 0, 189, 190, 191, 0, 192, 193, 194, 195, 0, 0, 196, 197, 198, 199, 200, 201, 0, 202, 203, 204, 205, 206, 207], [0, 0, 0, 0, 0, 0, 0, 0, 0, 0, 0, 0, 0, 0, 0, 208, 0, 0, 0, 209, 0, 210, 211, 212, 213, 214, 215, 0, 216, 217, 218, 0, 0, 0, 219, 220, 221, 222, 223, 224, 225, 0], [0, 0, 0, 0, 0, 0, 0, 0, 0, 0, 0, 0, 0, 0, 0, 0, 0, 0, 0, 0, 0, 0, 0, 226, 227, 228, 0, 229, 230, 231, 232, 233, 0, 234, 235, 236, 237, 238, 239, 240, 241, 242], [0, 0, 0, 0, -78, 0, 0, 0, 0, 0, 0, 0, 0, 0, 243, 0, 0, 0, 0, 0, 0, 244, 245, 246, 247, 0, 248, 249, 250, 251, 252, 253, 0, 254, 0, 255, 0, 256, 257, 258, 259, 260], [0, 0, -36, -55, -79, 0, 0, 0, 0, 0, 0, 0, 0, -243, 0, 0, 0, 0, 0, 0, 0, 261, 262, 263, 264, 265, 266, 267, 268, 269, 270, 271, 272, 273, 274, 275, 276, 277, 278, 0, 279, 280], [-2, 0, 0, 0, 0, -98, 0, 0, 0, 0, 0, -208, 0, 0, 0, 0, 0, 0, 0, 0, 0, 0, 281, 282, 283, 284, 285, 286, 287, 288, 289, 0, 290, 0, 291, 292, 293, 0, 294, 295, 0, 296], [0, 0, 0, 0, 0, 0, 0, 0, 0, 0, 0, 0, 0, 0, 0, 0, 0, 0, 0, 0, 0, 297, 298, 299, 300, 0, 301, 0, 302, 0, 0, 303, 304, 305, 0, 0, 306, 307, 308, 0, 309, 310], [0, 0, 0, -56, 0, 0, 0, 0, 0, -169, 0, 0, 0, 0, 0, 0, 0, 0, 0, 0, 0, 0, 311, 312, 313, 314, 315, 316, 317, 318, 319, 320, 321, 322, 323, 324, 0, 325, 326, 327, 328, 329], [0, 0, 0, 0, 0, 0, 0, 0, 0, 0, 0, 0, 0, 0, 0, 0, 0, 0, 0, 0, 0, 330, 331, 332, 333, 0, 334, 335, 336, 0, 0, 337, 338, 339, 340, 341, 0, 342, 343, 344, 345, 346], [0, 0, 0, -57, 0, 0, 0, 0, -149, 0, -189, -209, 0, 0, 0, 0, 0, 0, 0, 0, 0, 347, 348, 349, 350, 0, 351, 352, 353, 354, 355, 356, 0, 357, 358, 359, 360, 361, 362, 363, 364, 365], [-3, 0, 0, 0, 0, 0, 0, 0, 0, 0, -190, 0, 0, 0, 0, 0, 0, 0, 0, 0, 0, 366, 367, 368, 0, 0, 0, 369, 370, 371, 372, 373, 0, 374, 0, 0, 375, 376, 377, 378, 0, 379], [-4, 0, -37, -58, -80, -99, -116, -133, -150, -170, -191, -210, 0, -244, -261, 0, -297, 0, -330, -347, -366, 0, 380, 381, 382, 383, 0, 0, 384, 0, 385, 386, 0, 387, 388, 389, 390, 391, 392, 393, 394, 395], [-5, -22, -38, -59, 0, -100, -117, -134, -151, 0, 0, -211, 0, -245, -262, -281, -298, -311, -331, -348, -367, -380, 0, 0, 396, 397, 0, 398, 399, 0, 400, 401, 0, 402, 403, 404, 405, 406, 0, 407, 408, 409], [-6, 0, -39, -60, -81, -101, -118, 0, -152, 0, -192, -212, -226, -246, -263, -282, -299, -312, -332, -349, -368, -381, 0, 0, 410, 0, 411, 412, 413, 0, 0, 414, 415, 416, 0, 417, 418, 0, 419, 420, 0, 421], [-7, -23, 0, 0, -82, 0, -119, -135, -153, -171, -193, -213, -227, -247, -264, -283, -300, -313, -333, -350, 0, -382, -396, -410, 0, 0, 422, 423, 424, 425, 426, 427, 428, 429, 430, 431, 432, 433, 434, 435, 0, 436], [-8, -24, -40, 0, -83, -102, -120, -136, -154, -172, -194, -214, -228, 0, -265, -284, 0, -314, 0, 0, 0, -383, -397, 0, 0, 0, 437, 438, 0, 439, 440, 0, 441, 442, 0, 443, 0, 444, 445, 446, 447, 448], [0, -25, -41, -61, -84, -103, -121, -137, -155, -173, -195, -215, 0, -248, -266, -285, -301, -315, -334, -351, 0, 0, 0, -411, -422, -437, 0, 0, 449, 450, 451, 452, 453, 0, 454, 455, 456, 457, 458, 459, 460, 461], [-9, 0, -42, -62, -85, -104, -122, -138, -156, -174, 0, 0, -229, -249, -267, -286, 0, -316, -335, -352, -369, 0, -398, -412, -423, -438, 0, 0, 462, 0, 463, 464, 0, 465, 466, 0, 467, 468, 469, 470, 471, 472], [-10, -26, 0, -63, 0, -105, -123, -139, -157, -175, 0, -216, -230, -250, -268, -287, -302, -317, -336, -353, -370, -384, -399, -413, -424, 0, -449, -462, 0, 0, 473, 0, 474, 0, 0, 475, 0, 476, 477, 0, 478, 479], [-11, -27, -43, -64, 0, -106, -124, 0, -158, -176, -196, -217, -231, -251, -269, -288, 0, -318, 0, -354, -371, 0, 0, 0, -425, -439, -450, 0, 0, 0, 0, 480, 481, 0, 0, 482, 0, 483, 484, 485, 0, 486], [0, 0, 0, -65, -86, 0, -125, -140, 0, -177, -197, -218, -232, -252, -270, -289, 0, -319, 0, -355, -372, -385, -400, 0, -426, -440, -451, -463, -473, 0, 0, 0, 487, 488, 489, 490, 491, 0, 492, 493, 494, 495], [-12, 0, -44, -66, -87, 0, -126, -141, 0, -178, -198, 0, -233, -253, -271, 0, -303, -320, -337, -356, -373, -386, -401, -414, -427, 0, -452, -464, 0, -480, 0, 0, 496, 497, 498, 499, 500, 501, 502, 503, 504, 505], [0, -28, -45, -67, -88, -107, -127, -142, -159, -179, -199, 0, 0, 0, -272, -290, -304, -321, -338, 0, 0, 0, 0, -415, -428, -441, -453, 0, -474, -481, -487, -496, 0, 506, 507, 508, 509, 510, 511, 512, 513, 514], [0, -29, -46, -68, -89, -108, 0, -143, -160, -180, -200, 0, -234, -254, -273, 0, -305, -322, -339, -357, -374, -387, -402, -416, -429, -442, 0, -465, 0, 0, -488, -497, -506, 0, 515, 516, 0, 517, 518, 519, 520, 521], [-13, -30, -47, -69, -90, -109, 0, -144, -161, -181, -201, -219, -235, 0, -274, -291, 0, -323, -340, -358, 0, -388, -403, 0, -430, 0, -454, -466, 0, 0, -489, -498, -507, -515, 0, 522, 523, 524, 525, 526, 527, 528], [0, 0, -48, -70, -91, 0, 0, -145, -162, -182, 0, -220, -236, -255, -275, -292, 0, -324, -341, -359, 0, -389, -404, -417, -431, -443, -455, 0, -475, -482, -490, -499, -508, -516, -522, 0, 529, 530, 531, 532, 533, 534], [-14, 0, 0, -71, -92, -110, -128, 0, -163, -183, -202, -221, -237, 0, -276, -293, -306, 0, 0, -360, -375, -390, -405, -418, -432, 0, -456, -467, 0, 0, -491, -500, -509, 0, -523, -529, 0, 535, 536, 537, 538, 0], [-15, -31, -49, -72, -93, -111, -129, -146, -164, -184, -203, -222, -238, -256, -277, 0, -307, -325, -342, -361, -376, -391, -406, 0, -433, -444, -457, -468, -476, -483, 0, -501, -510, -517, -524, -530, -535, 0, 0, 0, 0, 539], [0, -32, -50, -73, -94, -112, 0, 0, -165, -185, -204, -223, -239, -257, -278, -294, -308, -326, -343, -362, -377, -392, 0, -419, -434, -445, -458, -469, -477, -484, -492, -502, -511, -518, -525, -531, -536, 0, 0, 540, 541, 0], [-16, -33, -51, -74, -95, -113, -130, -147, -166, -186, -205, -224, -240, -258, 0, -295, 0, -327, -344, -363, -378, -393, -407, -420, -435, -446, -459, -470, 0, -485, -493, -503, -512, -519, -526, -532, -537, 0, -540, 0, 542, 543], [-17, -34, -52, -75, 0, -114, -131, 0, -167, -187, -206, -225, -241, -259, -279, 0, -309, -328, -345, -364, 0, -394, -408, 0, 0, -447, -460, -471, -478, 0, -494, -504, -513, -520, -527, -533, -538, 0, -541, -542, 0, 544], [-18, -35, -53, -76, -96, -115, -132, 0, -168, -188, -207, 0, -242, -260, -280, -296, -310, -329, -346, -365, -379, -395, -409, -421, -436, -448, -461, -472, -479, -486, -495, -505, -514, -521, -528, -534, 0, -539, 0, -543, -544, 0]], [[0, 0, 0, 0, 0, 0, 0, 0, 0, 0, 0, 1, 0, 0, 0, 2, 3, 0, 0, 0, 4, 5, 0, 0, 0, 6, 0, 0, 7, 8, 9, 10, 11, 12, 0, 13, 14, 15, 16, 17, 18, 19], [0, 0, 20, 0, 0, 0, 21, 0, 0, 0, 0, 0, 0, 0, 0, 0, 0, 0, 0, 0, 0, 22, 23, 24, 25, 0, 0, 26, 27, 28, 29, 0, 30, 31, 32, 33, 0, 0, 34, 35, 36, 37], [0, -20, 0, 0, 38, 0, 0, 0, 0, 0, 0, 0, 0, 0, 0, 0, 0, 0, 0, 39, 0, 40, 41, 42, 43, 44, 45, 46, 47, 48, 49, 0, 50, 51, 0, 52, 0, 53, 54, 55, 56, 57], [0, 0, 0, 0, 0, 58, 0, 0, 0, 0, 0, 0, 0, 0, 0, 0, 0, 0, 0, 0, 0, 59, 60, 0, 61, 62, 63, 64, 65, 66, 67, 68, 69, 70, 71, 0, 72, 73, 74, 75, 76, 0], [0, 0, -38, 0, 0, 0, 0, 0, 0, 0, 0, 0, 0, 0, 0, 0, 0, 77, 0, 0, 0, 78, 79, 80, 81, 82, 83, 84, 0, 85, 0, 86, 0, 87, 88, 89, 90, 91, 92, 93, 0, 94], [0, 0, 0, -58, 0, 0, 0, 0, 0, 0, 0, 95, 0, 0, 0, 0, 0, 0, 0, 0, 0, 96, 97, 98, 99, 100, 101, 102, 103, 104, 105, 106, 107, 108, 109, 110, 111, 112, 113, 0, 114, 115], [0, -21, 0, 0, 0, 0, 0, 0, 0, 0, 0, 0, 0, 0, 116, 0, 0, 0, 0, 0, 0, 117, 118, 119, 120, 121, 122, 123, 124, 0, 0, 125, 126, 0, 127, 128, 129, 130, 131, 132, 133, 134], [0, 0, 0, 0, 0, 0, 0, 0, 135, 0, 0, 0, 0, 0, 136, 0, 0, 0, 0, 0, 137, 138, 139, 140, 141, 142, 143, 0, 0, 144, 145, 146, 147, 0, 148, 149, 150, 0, 151, 152, 153, 154], [0, 0, 0, 0, 0, 0, 0, -135, 0, 0, 0, 0, 0, 0, 0, 0, 0, 0, 0, 0, 0, 155, 0, 156, 157, 158, 0, 159, 160, 161, 162, 163, 164, 0, 165, 166, 167, 168, 169, 170, 171, 172], [0, 0, 0, 0, 0, 0, 0, 0, 0, 0, 0, 173, 0, 174, 0, 0, 0, 175, 0, 0, 0, 176, 177, 178, 179, 180, 181, 0, 182, 183, 184, 185, 186, 187, 188, 189, 0, 190, 191, 192, 0, 193], [0, 0, 0, 0, 0, 0, 0, 0, 0, 0, 0, 0, 194, 0, 0, 0, 0, 0, 0, 0, 0, 195, 196, 197, 198, 0, 0, 199, 200, 201, 202, 0, 203, 204, 205, 206, 0, 207, 208, 209, 0, 210], [-1, 0, 0, 0, 0, -95, 0, 0, 0, -173, 0, 0, 0, 0, 0, 0, 0, 0, 211, 212, 0, 213, 214, 215, 0, 216, 0, 217, 218, 219, 220, 221, 222, 223, 0, 224, 225, 226, 227, 228, 229, 230], [0, 0, 0, 0, 0, 0, 0, 0, 0, 0, -194, 0, 0, 231, 0, 232, 0, 0, 0, 0, 0, 233, 0, 234, 235, 236, 237, 238, 239, 240, 241, 242, 243, 244, 245, 246, 247, 248, 249, 250, 251, 252], [0, 0, 0, 0, 0, 0, 0, 0, 0, -174, 0, 0, -231, 0, 0, 0, 0, 253, 0, 0, 0, 254, 255, 0, 0, 256, 257, 258, 0, 259, 0, 260, 0, 261, 262, 263, 264, 265, 266, 0, 267, 268], [0, 0, 0, 0, 0, 0, -116, -136, 0, 0, 0, 0, 0, 0, 0, 0, 0, 0, 0, 0, 0, 0, 269, 270, 271, 0, 0, 272, 273, 274, 275, 0, 276, 277, 278, 279, 280, 281, 282, 283, 284, 285], [-2, 0, 0, 0, 0, 0, 0, 0, 0, 0, 0, 0, -232, 0, 0, 0, 0, 0, 0, 0, 0, 286, 287, 288, 289, 290, 0, 291, 292, 293, 294, 295, 296, 297, 298, 299, 300, 301, 302, 0, 303, 304], [-3, 0, 0, 0, 0, 0, 0, 0, 0, 0, 0, 0, 0, 0, 0, 0, 0, 0, 0, 305, 0, 306, 307, 308, 0, 309, 310, 311, 312, 313, 314, 315, 316, 317, 318, 319, 320, 0, 321, 322, 323, 324], [0, 0, 0, 0, -77, 0, 0, 0, 0, -175, 0, 0, 0, -253, 0, 0, 0, 0, 0, 0, 0, 325, 326, 327, 328, 0, 0, 0, 329, 330, 331, 332, 333, 334, 335, 336, 337, 338, 339, 340, 341, 342], [0, 0, 0, 0, 0, 0, 0, 0, 0, 0, 0, -211, 0, 0, 0, 0, 0, 0, 0, 0, 0, 343, 344, 345, 346, 0, 0, 347, 348, 349, 350, 351, 352, 0, 0, 353, 0, 354, 355, 356, 357, 358], [0, 0, -39, 0, 0, 0, 0, 0, 0, 0, 0, -212, 0, 0, 0, 0, -305, 0, 0, 0, 0, 359, 360, 361, 0, 0, 362, 363, 364, 365, 0, 0, 366, 367, 368, 369, 370, 371, 0, 372, 0, 373], [-4, 0, 0, 0, 0, 0, 0, -137, 0, 0, 0, 0, 0, 0, 0, 0, 0, 0, 0, 0, 0, 374, 375, 0, 0, 376, 377, 0, 0, 378, 379, 380, 0, 381, 382, 383, 384, 385, 386, 387, 388, 389], [-5, -22, -40, -59, -78, -96, -117, -138, -155, -176, -195, -213, -233, -254, 0, -286, -306, -325, -343, -359, -374, 0, 390, 391, 0, 392, 393, 394, 0, 395, 0, 396, 397, 398, 399, 0, 0, 0, 0, 400, 401, 402], [0, -23, -41, -60, -79, -97, -118, -139, 0, -177, -196, -214, 0, -255, -269, -287, -307, -326, -344, -360, -375, -390, 0, 403, 0, 0, 404, 405, 406, 407, 408, 409, 410, 411, 412, 0, 413, 414, 415, 416, 417, 418], [0, -24, -42, 0, -80, -98, -119, -140, -156, -178, -197, -215, -234, 0, -270, -288, -308, -327, -345, -361, 0, -391, -403, 0, 419, 420, 421, 422, 0, 423, 424, 425, 426, 0, 427, 428, 429, 430, 431, 432, 0, 433], [0, -25, -43, -61, -81, -99, -120, -141, -157, -179, -198, 0, -235, 0, -271, -289, 0, -328, -346, 0, 0, 0, 0, -419, 0, 434, 0, 0, 435, 436, 437, 0, 438, 439, 0, 440, 441, 0, 442, 443, 444, 445], [-6, 0, -44, -62, -82, -100, -121, -142, -158, -180, 0, -216, -236, -256, 0, -290, -309, 0, 0, 0, -376, -392, 0, -420, -434, 0, 446, 447, 448, 449, 0, 450, 0, 451, 452, 453, 454, 0, 455, 456, 457, 458], [0, 0, -45, -63, -83, -101, -122, -143, 0, -181, 0, 0, -237, -257, 0, 0, -310, 0, 0, -362, -377, -393, -404, -421, 0, -446, 0, 459, 460, 461, 462, 463, 464, 465, 0, 466, 467, 468, 469, 0, 0, 470], [0, -26, -46, -64, -84, -102, -123, 0, -159, 0, -199, -217, -238, -258, -272, -291, -311, 0, -347, -363, 0, -394, -405, -422, 0, -447, -459, 0, 471, 472, 473, 0, 474, 475, 476, 0, 0, 477, 478, 0, 0, 0], [-7, -27, -47, -65, 0, -103, -124, 0, -160, -182, -200, -218, -239, 0, -273, -292, -312, -329, -348, -364, 0, 0, -406, 0, -435, -448, -460, -471, 0, 479, 0, 480, 481, 482, 483, 484, 485, 486, 487, 0, 488, 489], [-8, -28, -48, -66, -85, -104, 0, -144, -161, -183, -201, -219, -240, -259, -274, -293, -313, -330, -349, -365, -378, -395, -407, -423, -436, -449, -461, -472, -479, 0, 490, 491, 492, 493, 0, 494, 495, 496, 497, 0, 498, 499], [-9, -29, -49, -67, 0, -105, 0, -145, -162, -184, -202, -220, -241, 0, -275, -294, -314, -331, -350, 0, -379, 0, -408, -424, -437, 0, -462, -473, 0, -490, 0, 0, 500, 501, 502, 503, 504, 505, 506, 507, 508, 509], [-10, 0, 0, -68, -86, -106, -125, -146, -163, -185, 0, -221, -242, -260, 0, -295, -315, -332, -351, 0, -380, -396, -409, -425, 0, -450, -463, 0, -480, -491, 0, 0, 510, 511, 512, 0, 513, 514, 515, 516, 517, 518], [-11, -30, -50, -69, 0, -107, -126, -147, -164, -186, -203, -222, -243, 0, -276, -296, -316, -333, -352, -366, 0, -397, -410, -426, -438, 0, -464, -474, -481, -492, -500, -510, 0, 519, 520, 521, 522, 523, 524, 0, 525, 526], [-12, -31, -51, -70, -87, -108, 0, 0, 0, -187, -204, -223, -244, -261, -277, -297, -317, -334, 0, -367, -381, -398, -411, 0, -439, -451, -465, -475, -482, -493, -501, -511, -519, 0, 0, 527, 528, 529, 530, 531, 532, 533], [0, -32, 0, -71, -88, -109, -127, -148, -165, -188, -205, 0, -245, -262, -278, -298, -318, -335, 0, -368, -382, -399, -412, -427, 0, -452, 0, -476, -483, 0, -502, -512, -520, 0, 0, 0, 534, 535, 536, 537, 538, 0], [-13, -33, -52, 0, -89, -110, -128, -149, -166, -189, -206, -224, -246, -263, -279, -299, -319, -336, -353, -369, -383, 0, 0, -428, -440, -453, -466, 0, -484, -494, -503, 0, -521, -527, 0, 0, 539, 540, 0, 541, 542, 543], [-14, 0, 0, -72, -90, -111, -129, -150, -167, 0, 0, -225, -247, -264, -280, -300, -320, -337, 0, -370, -384, 0, -413, -429, -441, -454, -467, 0, -485, -495, -504, -513, -522, -528, -534, -539, 0, 544, 0, 0, 545, 0], [-15, 0, -53, -73, -91, -112, -130, 0, -168, -190, -207, -226, -248, -265, -281, -301, 0, -338, -354, -371, -385, 0, -414, -430, 0, 0, -468, -477, -486, -496, -505, -514, -523, -529, -535, -540, -544, 0, 546, 0, 547, 0], [-16, -34, -54, -74, -92, -113, -131, -151, -169, -191, -208, -227, -249, -266, -282, -302, -321, -339, -355, 0, -386, 0, -415, -431, -442, -455, -469, -478, -487, -497, -506, -515, -524, -530, -536, 0, 0, -546, 0, 548, 0, 549], [-17, -35, -55, -75, -93, 0, -132, -152, -170, -192, -209, -228, -250, 0, -283, 0, -322, -340, -356, -372, -387, -400, -416, -432, -443, -456, 0, 0, 0, 0, -507, -516, 0, -531, -537, -541, 0, 0, -548, 0, 550, 551], [-18, -36, -56, -76, 0, -114, -133, -153, -171, 0, 0, -229, -251, -267, -284, -303, -323, -341, -357, 0, -388, -401, -417, 0, -444, -457, 0, 0, -488, -498, -508, -517, -525, -532, -538, -542, -545, -547, 0, -550, 0, 552], [-19, -37, -57, 0, -94, -115, -134, -154, -172, -193, -210, -230, -252, -268, -285, -304, -324, -342, -358, -373, -389, -402, -418, -433, -445, -458, -470, 0, -489, -499, -509, -518, -526, -533, 0, -543, 0, 0, -549, -551, -552, 0]], [[0, 0, 0, 0, 1, 0, 0, 0, 0, 0, 0, 0, 0, 0, 0, 0, 0, 0, 0, 0, 0, 0, 2, 3, 4, 5, 6, 7, 8, 0, 0, 9, 10, 11, 12, 13, 14, 0, 15, 16, 17, 18], [0, 0, 0, 0, 0, 0, 0, 0, 0, 0, 0, 0, 0, 0, 0, 0, 19, 0, 0, 0, 20, 21, 22, 23, 0, 24, 25, 26, 27, 28, 29, 30, 31, 0, 32, 0, 33, 34, 35, 36, 37, 38], [0, 0, 0, 0, 0, 0, 0, 0, 0, 0, 0, 0, 0, 0, 0, 0, 0, 0, 0, 0, 39, 40, 41, 0, 42, 43, 0, 0, 44, 45, 46, 47, 48, 49, 50, 51, 0, 52, 53, 0, 54, 55], [0, 0, 0, 0, 0, 0, 0, 0, 0, 0, 56, 0, 0, 0, 0, 0, 0, 0, 0, 0, 0, 57, 58, 59, 60, 61, 62, 63, 64, 0, 65, 0, 0, 0, 0, 66, 67, 68, 69, 70, 71, 72], [-1, 0, 0, 0, 0, 73, 0, 0, 0, 0, 0, 0, 0, 0, 0, 0, 0, 0, 0, 0, 0, 74, 75, 76, 77, 78, 0, 79, 80, 0, 81, 0, 0, 82, 83, 0, 84, 85, 0, 86, 87, 88], [0, 0, 0, 0, -73, 0, 89, 0, 90, 0, 0, 0, 0, 0, 0, 0, 0, 0, 0, 0, 0, 91, 92, 93, 94, 0, 0, 0, 95, 96, 0, 0, 97, 98, 0, 99, 100, 0, 101, 0, 0, 102], [0, 0, 0, 0, 0, -89, 0, 0, 0, 0, 0, 103, 0, 104, 0, 0, 0, 0, 0, 0, 0, 105, 106, 107, 108, 109, 110, 111, 112, 113, 114, 115, 116, 117, 118, 119, 120, 121, 122, 123, 124, 125], [0, 0, 0, 0, 0, 0, 0, 0, 0, 126, 0, 127, 0, 0, 0, 0, 0, 0, 0, 0, 0, 128, 0, 129, 130, 131, 132, 133, 134, 135, 136, 0, 137, 138, 139, 0, 140, 141, 142, 143, 144, 145], [0, 0, 0, 0, 0, -90, 0, 0, 0, 0, 0, 146, 0, 0, 0, 0, 0, 0, 0, 0, 0, 147, 148, 149, 150, 0, 0, 0, 151, 152, 153, 154, 0, 0, 155, 156, 157, 158, 159, 0, 0, 160], [0, 0, 0, 0, 0, 0, 0, -126, 0, 0, 0, 0, 0, 161, 0, 0, 0, 0, 0, 0, 0, 0, 162, 0, 163, 164, 165, 166, 167, 168, 169, 170, 171, 172, 173, 174, 175, 176, 177, 0, 178, 179], [0, 0, 0, -56, 0, 0, 0, 0, 0, 0, 0, 0, 0, 0, 0, 0, 180, 0, 0, 0, 0, 181, 182, 183, 184, 185, 0, 0, 186, 187, 188, 189, 190, 191, 192, 193, 194, 195, 196, 0, 197, 198], [0, 0, 0, 0, 0, 0, -103, -127, -146, 0, 0, 0, 199, 0, 0, 0, 200, 0, 0, 0, 0, 201, 202, 0, 203, 204, 205, 206, 207, 208, 209, 210, 0, 211, 212, 0, 213, 0, 0, 0, 214, 215], [0, 0, 0, 0, 0, 0, 0, 0, 0, 0, 0, -199, 0, 0, 0, 0, 0, 0, 0, 0, 0, 216, 217, 218, 219, 0, 220, 221, 222, 223, 224, 225, 226, 227, 228, 229, 230, 0, 231, 232, 0, 0], [0, 0, 0, 0, 0, 0, -104, 0, 0, -161, 0, 0, 0, 0, 0, 233, 0, 0, 0, 0, 0, 234, 235, 0, 0, 236, 237, 238, 239, 240, 241, 0, 0, 242, 243, 244, 245, 0, 246, 247, 0, 248], [0, 0, 0, 0, 0, 0, 0, 0, 0, 0, 0, 0, 0, 0, 0, 249, 0, 0, 0, 0, 0, 0, 250, 251, 252, 0, 253, 254, 255, 256, 0, 257, 258, 259, 260, 0, 0, 261, 262, 263, 264, 265], [0, 0, 0, 0, 0, 0, 0, 0, 0, 0, 0, 0, 0, -233, -249, 0, 0, 266, 0, 0, 267, 268, 0, 269, 0, 270, 271, 0, 272, 273, 274, 275, 276, 277, 278, 279, 280, 281, 282, 283, 284, 0], [0, -19, 0, 0, 0, 0, 0, 0, 0, 0, -180, -200, 0, 0, 0, 0, 0, 0, 0, 0, 0, 285, 286, 287, 288, 289, 290, 291, 292, 0, 293, 294, 295, 0, 0, 296, 297, 298, 299, 300, 301, 302], [0, 0, 0, 0, 0, 0, 0, 0, 0, 0, 0, 0, 0, 0, 0, -266, 0, 0, 0, 0, 0, 303, 304, 305, 306, 307, 308, 309, 310, 311, 312, 313, 314, 315, 316, 0, 317, 318, 319, 320, 321, 0], [0, 0, 0, 0, 0, 0, 0, 0, 0, 0, 0, 0, 0, 0, 0, 0, 0, 0, 0, 0, 0, 322, 323, 0, 324, 325, 326, 327, 328, 329, 330, 331, 332, 0, 0, 333, 0, 0, 334, 0, 0, 0], [0, 0, 0, 0, 0, 0, 0, 0, 0, 0, 0, 0, 0, 0, 0, 0, 0, 0, 0, 0, 0, 335, 336, 337, 338, 339, 340, 341, 342, 343, 344, 345, 346, 347, 348, 0, 349, 350, 351, 352, 353, 354], [0, -20, -39, 0, 0, 0, 0, 0, 0, 0, 0, 0, 0, 0, 0, -267, 0, 0, 0, 0, 0, 355, 356, 357, 358, 359, 360, 361, 362, 363, 364, 365, 366, 0, 367, 368, 369, 370, 371, 0, 0, 372], [0, -21, -40, -57, -74, -91, -105, -128, -147, 0, -181, -201, -216, -234, 0, -268, -285, -303, -322, -335, -355, 0, 373, 0, 0, 374, 375, 376, 377, 378, 379, 380, 381, 382, 383, 384, 0, 385, 386, 387, 388, 389], [-2, -22, -41, -58, -75, -92, -106, 0, -148, -162, -182, -202, -217, -235, -250, 0, -286, -304, -323, -336, -356, -373, 0, 390, 391, 392, 393, 394, 395, 396, 397, 398, 399, 400, 401, 0, 402, 403, 404, 405, 406, 407], [-3, -23, 0, -59, -76, -93, -107, -129, -149, 0, -183, 0, -218, 0, -251, -269, -287, -305, 0, -337, -357, 0, -390, 0, 408, 0, 409, 410, 411, 412, 0, 413, 414, 415, 416, 417, 418, 419, 420, 421, 0, 0], [-4, 0, -42, -60, -77, -94, -108, -130, -150, -163, -184, -203, -219, 0, -252, 0, -288, -306, -324, -338, -358, 0, -391, -408, 0, 422, 423, 424, 425, 426, 427, 428, 429, 0, 430, 431, 432, 0, 433, 434, 435, 0], [-5, -24, -43, -61, -78, 0, -109, -131, 0, -164, -185, -204, 0, -236, 0, -270, -289, -307, -325, -339, -359, -374, -392, 0, -422, 0, 436, 0, 437, 438, 439, 440, 441, 0, 442, 443, 444, 445, 446, 447, 448, 449], [-6, -25, 0, -62, 0, 0, -110, -132, 0, -165, 0, -205, -220, -237, -253, -271, -290, -308, -326, -340, -360, -375, -393, -409, -423, -436, 0, 450, 0, 451, 452, 453, 454, 455, 456, 457, 458, 459, 460, 461, 0, 0], [-7, -26, 0, -63, -79, 0, -111, -133, 0, -166, 0, -206, -221, -238, -254, 0, -291, -309, -327, -341, -361, -376, -394, -410, -424, 0, -450, 0, 462, 463, 464, 465, 466, 467, 468, 469, 470, 471, 472, 0, 473, 0], [-8, -27, -44, -64, -80, -95, -112, -134, -151, -167, -186, -207, -222, -239, -255, -272, -292, -310, -328, -342, -362, -377, -395, -411, -425, -437, 0, -462, 0, 474, 475, 476, 0, 477, 478, 479, 480, 481, 482, 483, 484, 485], [0, -28, -45, 0, 0, -96, -113, -135, -152, -168, -187, -208, -223, -240, -256, -273, 0, -311, -329, -343, -363, -378, -396, -412, -426, -438, -451, -463, -474, 0, 0, 486, 487, 0, 488, 0, 489, 490, 491, 492, 493, 0], [0, -29, -46, -65, -81, 0, -114, -136, -153, -169, -188, -209, -224, -241, 0, -274, -293, -312, -330, -344, -364, -379, -397, 0, -427, -439, -452, -464, -475, 0, 0, 494, 495, 0, 496, 0, 497, 0, 498, 499, 500, 501], [-9, -30, -47, 0, 0, 0, -115, 0, -154, -170, -189, -210, -225, 0, -257, -275, -294, -313, -331, -345, -365, -380, -398, -413, -428, -440, -453, -465, -476, -486, -494, 0, 502, 503, 504, 0, 0, 505, 506, 507, 0, 508], [-10, -31, -48, 0, 0, -97, -116, -137, 0, -171, -190, 0, -226, 0, -258, -276, -295, -314, -332, -346, -366, -381, -399, -414, -429, -441, -454, -466, 0, -487, -495, -502, 0, 0, 509, 510, 511, 512, 513, 514, 515, 516], [-11, 0, -49, 0, -82, -98, -117, -138, 0, -172, -191, -211, -227, -242, -259, -277, 0, -315, 0, -347, 0, -382, -400, -415, 0, 0, -455, -467, -477, 0, 0, -503, 0, 0, 517, 518, 519, 520, 521, 522, 523, 524], [-12, -32, -50, 0, -83, 0, -118, -139, -155, -173, -192, -212, -228, -243, -260, -278, 0, -316, 0, -348, -367, -383, -401, -416, -430, -442, -456, -468, -478, -488, -496, -504, -509, -517, 0, 525, 526, 0, 0, 527, 528, 529], [-13, 0, -51, -66, 0, -99, -119, 0, -156, -174, -193, 0, -229, -244, 0, -279, -296, 0, -333, 0, -368, -384, 0, -417, -431, -443, -457, -469, -479, 0, 0, 0, -510, -518, -525, 0, 530, 531, 532, 533, 534, 535], [-14, -33, 0, -67, -84, -100, -120, -140, -157, -175, -194, -213, -230, -245, 0, -280, -297, -317, 0, -349, -369, 0, -402, -418, -432, -444, -458, -470, -480, -489, -497, 0, -511, -519, -526, -530, 0, 536, 537, 538, 539, 540], [0, -34, -52, -68, -85, 0, -121, -141, -158, -176, -195, 0, 0, 0, -261, -281, -298, -318, 0, -350, -370, -385, -403, -419, 0, -445, -459, -471, -481, -490, 0, -505, -512, -520, 0, -531, -536, 0, 541, 542, 543, 0], [-15, -35, -53, -69, 0, -101, -122, -142, -159, -177, -196, 0, -231, -246, -262, -282, -299, -319, -334, -351, -371, -386, -404, -420, -433, -446, -460, -472, -482, -491, -498, -506, -513, -521, 0, -532, -537, -541, 0, 0, 0, 544], [-16, -36, 0, -70, -86, 0, -123, -143, 0, 0, 0, 0, -232, -247, -263, -283, -300, -320, 0, -352, 0, -387, -405, -421, -434, -447, -461, 0, -483, -492, -499, -507, -514, -522, -527, -533, -538, -542, 0, 0, 545, 0], [-17, -37, -54, -71, -87, 0, -124, -144, 0, -178, -197, -214, 0, 0, -264, -284, -301, -321, 0, -353, 0, -388, -406, 0, -435, -448, 0, -473, -484, -493, -500, 0, -515, -523, -528, -534, -539, -543, 0, -545, 0, 546], [-18, -38, -55, -72, -88, -102, -125, -145, -160, -179, -198, -215, 0, -248, -265, 0, -302, 0, 0, -354, -372, -389, -407, 0, 0, -449, 0, 0, -485, 0, -501, -508, -516, -524, -529, -535, -540, 0, -544, 0, -546, 0]], [[0, 0, 0, 0, 0, 0, 0, 0, 0, 0, 0, 0, 0, 0, 0, 0, 0, 0, 0, 0, 0, 1, 2, 3, 4, 5, 6, 7, 0, 8, 9, 10, 0, 0, 11, 0, 12, 0, 13, 14, 15, 16], [0, 0, 0, 0, 0, 0, 0, 17, 0, 0, 0, 0, 0, 0, 0, 0, 0, 0, 0, 0, 0, 18, 0, 19, 20, 21, 22, 23, 0, 0, 24, 25, 26, 27, 28, 29, 0, 30, 31, 32, 0, 33], [0, 0, 0, 0, 0, 0, 34, 0, 35, 0, 0, 0, 0, 0, 0, 0, 0, 0, 0, 0, 0, 0, 36, 37, 38, 39, 40, 0, 41, 42, 43, 44, 45, 46, 0, 47, 0, 48, 49, 50, 51, 52], [0, 0, 0, 0, 53, 0, 0, 0, 0, 0, 0, 0, 0, 0, 0, 0, 0, 0, 0, 0, 0, 0, 54, 55, 56, 57, 58, 59, 0, 60, 61, 62, 63, 0, 0, 0, 64, 65, 66, 67, 68, 69], [0, 0, 0, -53, 0, 0, 0, 0, 0, 0, 0, 0, 0, 0, 0, 70, 0, 0, 0, 0, 0, 71, 72, 73, 74, 75, 0, 76, 0, 0, 0, 77, 78, 79, 80, 81, 82, 83, 0, 84, 85, 86], [0, 0, 0, 0, 0, 0, 0, 0, 0, 0, 0, 0, 0, 0, 0, 0, 0, 0, 0, 0, 0, 0, 0, 87, 88, 89, 90, 0, 91, 92, 93, 94, 95, 96, 97, 98, 99, 100, 101, 102, 103, 104], [0, 0, -34, 0, 0, 0, 0, 105, 0, 0, 0, 0, 0, 0, 0, 0, 0, 0, 0, 0, 0, 106, 107, 0, 108, 109, 110, 0, 111, 0, 112, 113, 114, 115, 116, 117, 118, 119, 120, 121, 122, 123], [0, -17, 0, 0, 0, 0, -105, 0, 0, 0, 0, 0, 0, 0, 0, 0, 0, 124, 125, 126, 0, 127, 128, 129, 130, 131, 132, 133, 134, 135, 0, 136, 137, 138, 139, 140, 141, 142, 143, 144, 145, 146], [0, 0, -35, 0, 0, 0, 0, 0, 0, 0, 0, 0, 147, 0, 0, 0, 0, 0, 148, 149, 150, 151, 152, 0, 153, 154, 155, 156, 157, 0, 158, 159, 0, 160, 161, 162, 163, 0, 164, 165, 0, 166], [0, 0, 0, 0, 0, 0, 0, 0, 0, 0, 0, 0, 167, 168, 0, 169, 0, 0, 0, 0, 0, 0, 170, 171, 0, 0, 172, 173, 174, 175, 176, 177, 178, 179, 0, 180, 181, 182, 0, 0, 183, 184], [0, 0, 0, 0, 0, 0, 0, 0, 0, 0, 0, 0, 0, 185, 0, 0, 0, 0, 0, 0, 0, 186, 0, 0, 187, 188, 0, 189, 190, 191, 0, 192, 193, 194, 195, 0, 196, 197, 198, 199, 200, 0], [0, 0, 0, 0, 0, 0, 0, 0, 0, 0, 0, 0, 0, 0, 0, 0, 0, 0, 0, 0, 0, 201, 202, 203, 204, 205, 206, 207, 208, 209, 210, 211, 212, 213, 214, 215, 216, 0, 217, 218, 0, 219], [0, 0, 0, 0, 0, 0, 0, 0, -147, -167, 0, 0, 0, 0, 0, 0, 0, 0, 0, 0, 0, 220, 221, 222, 223, 224, 0, 225, 226, 227, 0, 228, 229, 230, 231, 232, 233, 234, 235, 236, 237, 0], [0, 0, 0, 0, 0, 0, 0, 0, 0, -168, -185, 0, 0, 0, 0, 0, 0, 0, 0, 238, 0, 239, 0, 240, 241, 242, 243, 244, 245, 246, 247, 248, 249, 250, 251, 252, 253, 254, 255, 256, 257, 0], [0, 0, 0, 0, 0, 0, 0, 0, 0, 0, 0, 0, 0, 0, 0, 258, 259, 0, 0, 260, 0, 261, 262, 263, 0, 264, 0, 0, 265, 266, 267, 268, 269, 270, 271, 272, 0, 273, 0, 0, 274, 275], [0, 0, 0, 0, -70, 0, 0, 0, 0, -169, 0, 0, 0, 0, -258, 0, 0, 0, 0, 276, 0, 277, 278, 279, 0, 280, 281, 282, 283, 284, 285, 286, 287, 288, 289, 290, 291, 0, 292, 293, 294, 0], [0, 0, 0, 0, 0, 0, 0, 0, 0, 0, 0, 0, 0, 0, -259, 0, 0, 0, 0, 0, 0, 295, 0, 296, 0, 297, 298, 299, 300, 301, 302, 303, 304, 305, 0, 306, 307, 308, 309, 0, 310, 311], [0, 0, 0, 0, 0, 0, 0, -124, 0, 0, 0, 0, 0, 0, 0, 0, 0, 0, 0, 0, 0, 0, 312, 313, 314, 315, 0, 0, 316, 317, 318, 319, 320, 321, 322, 323, 324, 325, 326, 327, 0, 328], [0, 0, 0, 0, 0, 0, 0, -125, -148, 0, 0, 0, 0, 0, 0, 0, 0, 0, 0, 0, 0, 0, 329, 0, 330, 331, 332, 333, 334, 335, 336, 0, 337, 0, 338, 0, 339, 0, 340, 341, 342, 343], [0, 0, 0, 0, 0, 0, 0, -126, -149, 0, 0, 0, 0, -238, -260, -276, 0, 0, 0, 0, 0, 344, 345, 346, 347, 348, 349, 0, 350, 0, 351, 0, 352, 353, 354, 0, 355, 356, 357, 358, 0, 0], [0, 0, 0, 0, 0, 0, 0, 0, -150, 0, 0, 0, 0, 0, 0, 0, 0, 0, 0, 0, 0, 359, 360, 361, 362, 363, 364, 365, 366, 367, 0, 0, 368, 0, 369, 370, 371, 372, 373, 374, 375, 0], [-1, -18, 0, 0, -71, 0, -106, -127, -151, 0, -186, -201, -220, -239, -261, -277, -295, 0, 0, -344, -359, 0, 376, 377, 378, 379, 380, 381, 382, 0, 0, 383, 384, 385, 386, 387, 388, 389, 390, 391, 392, 393], [-2, 0, -36, -54, -72, 0, -107, -128, -152, -170, 0, -202, -221, 0, -262, -278, 0, -312, -329, -345, -360, -376, 0, 394, 395, 396, 397, 398, 399, 400, 401, 402, 403, 0, 404, 405, 406, 0, 407, 408, 409, 410], [-3, -19, -37, -55, -73, -87, 0, -129, 0, -171, 0, -203, -222, -240, -263, -279, -296, -313, 0, -346, -361, -377, -394, 0, 411, 412, 413, 414, 415, 416, 417, 418, 0, 419, 0, 420, 421, 0, 422, 423, 424, 425], [-4, -20, -38, -56, -74, -88, -108, -130, -153, 0, -187, -204, -223, -241, 0, 0, 0, -314, -330, -347, -362, -378, -395, -411, 0, 0, 426, 427, 428, 429, 430, 431, 432, 433, 434, 0, 435, 436, 437, 0, 0, 438], [-5, -21, -39, -57, -75, -89, -109, -131, -154, 0, -188, -205, -224, -242, -264, -280, -297, -315, -331, -348, -363, -379, -396, -412, 0, 0, 0, 439, 440, 441, 442, 0, 443, 444, 445, 446, 447, 0, 448, 449, 450, 451], [-6, -22, -40, -58, 0, -90, -110, -132, -155, -172, 0, -206, 0, -243, 0, -281, -298, 0, -332, -349, -364, -380, -397, -413, -426, 0, 0, 0, 452, 0, 453, 454, 455, 456, 457, 458, 459, 0, 0, 460, 461, 462], [-7, -23, 0, -59, -76, 0, 0, -133, -156, -173, -189, -207, -225, -244, 0, -282, -299, 0, -333, 0, -365, -381, -398, -414, -427, -439, 0, 0, 463, 0, 464, 465, 466, 467, 468, 469, 470, 471, 472, 473, 474, 475], [0, 0, -41, 0, 0, -91, -111, -134, -157, -174, -190, -208, -226, -245, -265, -283, -300, -316, -334, -350, -366, -382, -399, -415, -428, -440, -452, -463, 0, 476, 477, 478, 479, 480, 481, 0, 482, 483, 0, 484, 485, 486], [-8, 0, -42, -60, 0, -92, 0, -135, 0, -175, -191, -209, -227, -246, -266, -284, -301, -317, -335, 0, -367, 0, -400, -416, -429, -441, 0, 0, -476, 0, 487, 488, 489, 490, 0, 0, 0, 491, 492, 493, 494, 495], [-9, -24, -43, -61, 0, -93, -112, 0, -158, -176, 0, -210, 0, -247, -267, -285, -302, -318, -336, -351, 0, 0, -401, -417, -430, -442, -453, -464, -477, -487, 0, 496, 497, 0, 498, 499, 500, 0, 501, 502, 503, 504], [-10, -25, -44, -62, -77, -94, -113, -136, -159, -177, -192, -211, -228, -248, -268, -286, -303, -319, 0, 0, 0, -383, -402, -418, -431, 0, -454, -465, -478, -488, -496, 0, 505, 506, 0, 507, 508, 509, 0, 510, 511, 512], [0, -26, -45, -63, -78, -95, -114, -137, 0, -178, -193, -212, -229, -249, -269, -287, -304, -320, -337, -352, -368, -384, -403, 0, -432, -443, -455, -466, -479, -489, -497, -505, 0, 513, 514, 515, 516, 517, 518, 519, 520, 521], [0, -27, -46, 0, -79, -96, -115, -138, -160, -179, -194, -213, -230, -250, -270, -288, -305, -321, 0, -353, 0, -385, 0, -419, -433, -444, -456, -467, -480, -490, 0, -506, -513, 0, 522, 523, 524, 525, 526, 0, 527, 528], [-11, -28, 0, 0, -80, -97, -116, -139, -161, 0, -195, -214, -231, -251, -271, -289, 0, -322, -338, -354, -369, -386, -404, 0, -434, -445, -457, -468, -481, 0, -498, 0, -514, -522, 0, 529, 530, 0, 531, 532, 533, 534], [0, -29, -47, 0, -81, -98, -117, -140, -162, -180, 0, -215, -232, -252, -272, -290, -306, -323, 0, 0, -370, -387, -405, -420, 0, -446, -458, -469, 0, 0, -499, -507, -515, -523, -529, 0, 535, 536, 537, 538, 0, 0], [-12, 0, 0, -64, -82, -99, -118, -141, -163, -181, -196, -216, -233, -253, 0, -291, -307, -324, -339, -355, -371, -388, -406, -421, -435, -447, -459, -470, -482, 0, -500, -508, -516, -524, -530, -535, 0, 539, 540, 541, 542, 0], [0, -30, -48, -65, -83, -100, -119, -142, 0, -182, -197, 0, -234, -254, -273, 0, -308, -325, 0, -356, -372, -389, 0, 0, -436, 0, 0, -471, -483, -491, 0, -509, -517, -525, 0, -536, -539, 0, 543, 544, 545, 546], [-13, -31, -49, -66, 0, -101, -120, -143, -164, 0, -198, -217, -235, -255, 0, -292, -309, -326, -340, -357, -373, -390, -407, -422, -437, -448, 0, -472, 0, -492, -501, 0, -518, -526, -531, -537, -540, -543, 0, 547, 548, 549], [-14, -32, -50, -67, -84, -102, -121, -144, -165, 0, -199, -218, -236, -256, 0, -293, 0, -327, -341, -358, -374, -391, -408, -423, 0, -449, -460, -473, -484, -493, -502, -510, -519, 0, -532, -538, -541, -544, -547, 0, 550, 551], [-15, 0, -51, -68, -85, -103, -122, -145, 0, -183, -200, 0, -237, -257, -274, -294, -310, 0, -342, 0, -375, -392, -409, -424, 0, -450, -461, -474, -485, -494, -503, -511, -520, -527, -533, 0, -542, -545, -548, -550, 0, 552], [-16, -33, -52, -69, -86, -104, -123, -146, -166, -184, 0, -219, 0, 0, -275, 0, -311, -328, -343, 0, 0, -393, -410, -425, -438, -451, -462, -475, -486, -495, -504, -512, -521, -528, -534, 0, 0, -546, -549, -551, -552, 0]], [[0, 0, 0, 0, 0, 1, 0, 0, 0, 0, 0, 0, 0, 0, 0, 0, 0, 0, 0, 0, 0, 0, 2, 3, 4, 5, 6, 7, 0, 8, 9, 10, 11, 12, 13, 0, 14, 0, 15, 0, 16, 17], [0, 0, 0, 0, 0, 0, 0, 0, 0, 0, 0, 0, 0, 0, 0, 0, 0, 0, 0, 0, 0, 18, 19, 0, 20, 21, 0, 22, 23, 24, 25, 26, 27, 28, 29, 30, 31, 32, 33, 0, 34, 35], [0, 0, 0, 0, 0, 0, 0, 0, 0, 0, 0, 0, 0, 0, 0, 0, 36, 0, 37, 0, 0, 0, 38, 39, 40, 41, 42, 0, 43, 44, 45, 0, 46, 0, 47, 0, 48, 49, 50, 0, 51, 52], [0, 0, 0, 0, 0, 0, 53, 54, 0, 0, 0, 0, 0, 0, 55, 0, 0, 0, 0, 0, 0, 56, 57, 58, 59, 0, 0, 60, 61, 62, 63, 64, 65, 66, 67, 68, 69, 70, 71, 72, 0, 0], [0, 0, 0, 0, 0, 73, 0, 0, 0, 0, 0, 0, 0, 74, 75, 0, 0, 0, 0, 0, 0, 0, 76, 77, 78, 79, 80, 81, 82, 83, 84, 0, 0, 85, 86, 87, 88, 89, 90, 91, 92, 93], [-1, 0, 0, 0, -73, 0, 0, 0, 0, 0, 94, 0, 0, 0, 0, 0, 0, 0, 0, 0, 0, 0, 95, 96, 97, 98, 99, 0, 100, 101, 102, 103, 104, 105, 106, 107, 108, 109, 110, 111, 112, 0], [0, 0, 0, -53, 0, 0, 0, 0, 0, 0, 113, 0, 0, 0, 114, 0, 0, 0, 0, 0, 0, 115, 116, 117, 118, 119, 120, 0, 121, 122, 123, 124, 125, 126, 127, 128, 129, 130, 131, 0, 132, 133], [0, 0, 0, -54, 0, 0, 0, 0, 0, 0, 0, 0, 0, 0, 0, 0, 0, 0, 0, 0, 0, 134, 135, 136, 137, 0, 0, 138, 139, 0, 140, 0, 141, 142, 143, 144, 145, 0, 146, 0, 147, 148], [0, 0, 0, 0, 0, 0, 0, 0, 0, 0, 149, 0, 0, 0, 0, 0, 0, 0, 0, 0, 0, 150, 151, 152, 0, 0, 153, 154, 155, 156, 157, 158, 0, 159, 160, 161, 0, 162, 163, 0, 164, 165], [0, 0, 0, 0, 0, 0, 0, 0, 0, 0, 0, 0, 0, 0, 0, 0, 0, 166, 0, 0, 0, 0, 167, 168, 169, 0, 170, 171, 0, 0, 172, 173, 0, 174, 175, 176, 177, 178, 179, 180, 181, 182], [0, 0, 0, 0, 0, -94, -113, 0, -149, 0, 0, 0, 183, 0, 184, 0, 0, 0, 0, 0, 0, 185, 186, 187, 188, 189, 190, 191, 192, 193, 194, 0, 195, 196, 0, 197, 0, 198, 199, 200, 201, 202], [0, 0, 0, 0, 0, 0, 0, 0, 0, 0, 0, 0, 0, 0, 0, 0, 0, 203, 0, 0, 0, 0, 204, 205, 206, 207, 208, 209, 210, 211, 212, 213, 0, 214, 215, 216, 0, 217, 218, 219, 220, 221], [0, 0, 0, 0, 0, 0, 0, 0, 0, 0, -183, 0, 0, 0, 0, 0, 0, 0, 0, 0, 222, 223, 224, 225, 226, 0, 227, 0, 228, 229, 230, 0, 231, 0, 232, 233, 234, 235, 236, 0, 237, 238], [0, 0, 0, 0, -74, 0, 0, 0, 0, 0, 0, 0, 0, 0, 0, 0, 0, 0, 0, 0, 0, 239, 240, 241, 242, 243, 244, 245, 0, 0, 0, 246, 247, 248, 249, 250, 251, 252, 253, 254, 255, 256], [0, 0, 0, -55, -75, 0, -114, 0, 0, 0, -184, 0, 0, 0, 0, 0, 0, 0, 0, 0, 0, 257, 258, 259, 260, 261, 262, 263, 264, 265, 266, 0, 267, 268, 269, 270, 0, 271, 272, 0, 273, 274], [0, 0, 0, 0, 0, 0, 0, 0, 0, 0, 0, 0, 0, 0, 0, 0, 0, 0, 275, 0, 0, 276, 0, 277, 278, 0, 279, 0, 280, 0, 281, 0, 282, 283, 284, 0, 0, 285, 286, 0, 287, 288], [0, 0, -36, 0, 0, 0, 0, 0, 0, 0, 0, 0, 0, 0, 0, 0, 0, 0, 289, 0, 0, 0, 290, 291, 0, 292, 293, 294, 0, 0, 295, 296, 0, 0, 297, 298, 0, 299, 300, 0, 301, 0], [0, 0, 0, 0, 0, 0, 0, 0, 0, -166, 0, -203, 0, 0, 0, 0, 0, 0, 0, 0, 0, 0, 302, 0, 303, 304, 0, 305, 0, 306, 307, 308, 309, 310, 311, 0, 312, 0, 0, 313, 314, 315], [0, 0, -37, 0, 0, 0, 0, 0, 0, 0, 0, 0, 0, 0, 0, -275, -289, 0, 0, 0, 0, 316, 0, 317, 318, 0, 319, 0, 320, 321, 322, 323, 324, 325, 326, 327, 328, 329, 330, 331, 0, 332], [0, 0, 0, 0, 0, 0, 0, 0, 0, 0, 0, 0, 0, 0, 0, 0, 0, 0, 0, 0, 0, 333, 334, 335, 336, 337, 338, 339, 340, 341, 342, 343, 344, 345, 346, 347, 348, 0, 349, 0, 0, 350], [0, 0, 0, 0, 0, 0, 0, 0, 0, 0, 0, 0, -222, 0, 0, 0, 0, 0, 0, 0, 0, 0, 351, 0, 0, 352, 353, 354, 355, 356, 357, 358, 359, 360, 361, 362, 0, 0, 363, 0, 364, 365], [0, -18, 0, -56, 0, 0, -115, -134, -150, 0, -185, 0, -223, -239, -257, -276, 0, 0, -316, -333, 0, 0, 366, 367, 368, 369, 370, 371, 372, 373, 374, 375, 0, 376, 377, 378, 379, 380, 381, 382, 383, 384], [-2, -19, -38, -57, -76, -95, -116, -135, -151, -167, -186, -204, -224, -240, -258, 0, -290, -302, 0, -334, -351, -366, 0, 385, 386, 387, 0, 388, 389, 390, 391, 392, 0, 393, 394, 395, 396, 0, 397, 398, 399, 400], [-3, 0, -39, -58, -77, -96, -117, -136, -152, -168, -187, -205, -225, -241, -259, -277, -291, 0, -317, -335, 0, -367, -385, 0, 401, 0, 0, 0, 402, 403, 404, 405, 406, 407, 0, 408, 409, 410, 0, 411, 412, 413], [-4, -20, -40, -59, -78, -97, -118, -137, 0, -169, -188, -206, -226, -242, -260, -278, 0, -303, -318, -336, 0, -368, -386, -401, 0, 414, 415, 416, 417, 418, 419, 420, 421, 422, 423, 424, 425, 426, 427, 428, 429, 430], [-5, -21, -41, 0, -79, -98, -119, 0, 0, 0, -189, -207, 0, -243, -261, 0, -292, -304, 0, -337, -352, -369, -387, 0, -414, 0, 0, 431, 432, 0, 433, 434, 435, 436, 0, 437, 0, 438, 439, 440, 0, 441], [-6, 0, -42, 0, -80, -99, -120, 0, -153, -170, -190, -208, -227, -244, -262, -279, -293, 0, -319, -338, -353, -370, 0, 0, -415, 0, 0, 442, 0, 443, 444, 445, 0, 446, 447, 448, 449, 450, 451, 452, 453, 454], [-7, -22, 0, -60, -81, 0, 0, -138, -154, -171, -191, -209, 0, -245, -263, 0, -294, -305, 0, -339, -354, -371, -388, 0, -416, -431, -442, 0, 455, 456, 0, 0, 0, 457, 458, 0, 459, 460, 461, 462, 463, 464], [0, -23, -43, -61, -82, -100, -121, -139, -155, 0, -192, -210, -228, 0, -264, -280, 0, 0, -320, -340, -355, -372, -389, -402, -417, -432, 0, -455, 0, 465, 466, 467, 0, 468, 0, 469, 0, 470, 0, 471, 0, 472], [-8, -24, -44, -62, -83, -101, -122, 0, -156, 0, -193, -211, -229, 0, -265, 0, 0, -306, -321, -341, -356, -373, -390, -403, -418, 0, -443, -456, -465, 0, 473, 0, 0, 474, 475, 476, 477, 478, 0, 479, 480, 481], [-9, -25, -45, -63, -84, -102, -123, -140, -157, -172, -194, -212, -230, 0, -266, -281, -295, -307, -322, -342, -357, -374, -391, -404, -419, -433, -444, 0, -466, -473, 0, 0, 482, 0, 483, 484, 485, 486, 487, 488, 489, 490], [-10, -26, 0, -64, 0, -103, -124, 0, -158, -173, 0, -213, 0, -246, 0, 0, -296, -308, -323, -343, -358, -375, -392, -405, -420, -434, -445, 0, -467, 0, 0, 0, 491, 492, 493, 494, 495, 0, 496, 497, 0, 498], [-11, -27, -46, -65, 0, -104, -125, -141, 0, 0, -195, 0, -231, -247, -267, -282, 0, -309, -324, -344, -359, 0, 0, -406, -421, -435, 0, 0, 0, 0, -482, -491, 0, 499, 500, 501, 502, 503, 504, 505, 506, 507], [-12, -28, 0, -66, -85, -105, -126, -142, -159, -174, -196, -214, 0, -248, -268, -283, 0, -310, -325, -345, -360, -376, -393, -407, -422, -436, -446, -457, -468, -474, 0, -492, -499, 0, 508, 0, 0, 509, 510, 511, 512, 513], [-13, -29, -47, -67, -86, -106, -127, -143, -160, -175, 0, -215, -232, -249, -269, -284, -297, -311, -326, -346, -361, -377, -394, 0, -423, 0, -447, -458, 0, -475, -483, -493, -500, -508, 0, 0, 514, 515, 516, 517, 518, 519], [0, -30, 0, -68, -87, -107, -128, -144, -161, -176, -197, -216, -233, -250, -270, 0, -298, 0, -327, -347, -362, -378, -395, -408, -424, -437, -448, 0, -469, -476, -484, -494, -501, 0, 0, 0, 520, 521, 522, 523, 0, 0], [-14, -31, -48, -69, -88, -108, -129, -145, 0, -177, 0, 0, -234, -251, 0, 0, 0, -312, -328, -348, 0, -379, -396, -409, -425, 0, -449, -459, 0, -477, -485, -495, -502, 0, -514, -520, 0, 524, 525, 526, 527, 0], [0, -32, -49, -70, -89, -109, -130, 0, -162, -178, -198, -217, -235, -252, -271, -285, -299, 0, -329, 0, 0, -380, 0, -410, -426, -438, -450, -460, -470, -478, -486, 0, -503, -509, -515, -521, -524, 0, 528, 529, 530, 531], [-15, -33, -50, -71, -90, -110, -131, -146, -163, -179, -199, -218, -236, -253, -272, -286, -300, 0, -330, -349, -363, -381, -397, 0, -427, -439, -451, -461, 0, 0, -487, -496, -504, -510, -516, -522, -525, -528, 0, 532, 533, 534], [0, 0, 0, -72, -91, -111, 0, 0, 0, -180, -200, -219, 0, -254, 0, 0, 0, -313, -331, 0, 0, -382, -398, -411, -428, -440, -452, -462, -471, -479, -488, -497, -505, -511, -517, -523, -526, -529, -532, 0, 535, 536], [-16, -34, -51, 0, -92, -112, -132, -147, -164, -181, -201, -220, -237, -255, -273, -287, -301, -314, 0, 0, -364, -383, -399, -412, -429, 0, -453, -463, 0, -480, -489, 0, -506, -512, -518, 0, -527, -530, -533, -535, 0, 537], [-17, -35, -52, 0, -93, 0, -133, -148, -165, -182, -202, -221, -238, -256, -274, -288, 0, -315, -332, -350, -365, -384, -400, -413, -430, -441, -454, -464, -472, -481, -490, -498, -507, -513, -519, 0, 0, -531, -534, -536, -537, 0]], [[0, 0, 0, 0, 0, 1, 0, 0, 0, 0, 0, 0, 0, 0, 0, 0, 0, 0, 0, 0, 0, 2, 0, 0, 3, 4, 5, 6, 7, 0, 8, 0, 9, 10, 11, 12, 13, 14, 15, 16, 17, 18], [0, 0, 19, 0, 0, 0, 0, 0, 0, 0, 0, 0, 0, 0, 0, 0, 0, 0, 0, 0, 0, 20, 21, 22, 23, 24, 25, 0, 0, 26, 0, 27, 28, 29, 30, 0, 31, 32, 33, 34, 35, 36], [0, -19, 0, 0, 0, 0, 37, 0, 38, 0, 0, 0, 0, 39, 0, 0, 0, 0, 0, 0, 0, 40, 41, 42, 43, 44, 0, 45, 46, 47, 48, 49, 50, 51, 52, 53, 54, 55, 0, 56, 57, 58], [0, 0, 0, 0, 0, 0, 0, 0, 0, 0, 0, 0, 0, 0, 0, 0, 0, 0, 0, 0, 0, 59, 60, 61, 62, 63, 64, 0, 65, 66,