[[[0, 0, 0, 0, 0, 0, 0, 0, 1, 2, 3, 4, 5, 6, 7, 8, 9, 10, 11, 12], [0, 0, 0, 0, 0, 0, 0, 0, 0, 0, 13, 14, 15, 16, 17, 18, 0, 0, 19, 20], [0, 0, 0, 0, 0, 0, 0, 0, 21, 0, 22, 23, 24, 25, 26, 27, 28, 29, 30, 31], [0, 0, 0, 0, 32, 0, 0, 0, 0, 0, 33, 34, 35, 36, 37, 38, 0, 39, 40, 0], [0, 0, 0, -32, 0, 0, 0, 0, 0, 0, 41, 0, 0, 42, 43, 44, 45, 46, 47, 0], [0, 0, 0, 0, 0, 0, 48, 0, 49, 0, 50, 51, 52, 53, 54, 0, 55, 56, 57, 0], [0, 0, 0, 0, 0, -48, 0, 0, 0, 0, 58, 59, 60, 0, 61, 62, 63, 64, 65, 66], [0, 0, 0, 0, 0, 0, 0, 0, 0, 0, 67, 68, 69, 70, 0, 71, 72, 73, 74, 75], [-1, 0, -21, 0, 0, -49, 0, 0, 0, 0, 76, 77, 78, 79, 0, 0, 80, 81, 82, 83], [-2, 0, 0, 0, 0, 0, 0, 0, 0, 0, 84, 0, 0, 85, 86, 87, 88, 89, 90, 91], [-3, -13, -22, -33, -41, -50, -58, -67, -76, -84, 0, 92, 0, 0, 93, 94, 0, 95, 96, 97], [-4, -14, -23, -34, 0, -51, -59, -68, -77, 0, -92, 0, 98, 99, 0, 100, 101, 102, 0, 0], [-5, -15, -24, -35, 0, -52, -60, -69, -78, 0, 0, -98, 0, 103, 104, 105, 106, 107, 108, 0], [-6, -16, -25, -36, -42, -53, 0, -70, -79, -85, 0, -99, -103, 0, 0, 0, 0, 109, 110, 111], [-7, -17, -26, -37, -43, -54, -61, 0, 0, -86, -93, 0, -104, 0, 0, 0, 0, 112, 0, 113], [-8, -18, -27, -38, -44, 0, -62, -71, 0, -87, -94, -100, -105, 0, 0, 0, 114, 115, 116, 117], [-9, 0, -28, 0, -45, -55, -63, -72, -80, -88, 0, -101, -106, 0, 0, -114, 0, 118, 119, 120], [-10, 0, -29, -39, -46, -56, -64, -73, -81, -89, -95, -102, -107, -109, -112, -115, -118, 0, 121, 0], [-11, -19, -30, -40, -47, -57, -65, -74, -82, -90, -96, 0, -108, -110, 0, -116, -119, -121, 0, 122], [-12, -20, -31, 0, 0, 0, -66, -75, -83, -91, -97, 0, 0, -111, -113, -117, -120, 0, -122, 0]], [[0, 0, 0, 0, 0, 0, 0, 0, 0, 0, 0, 0, 1, 2, 3, 0, 4, 5, 6, 7], [0, 0, 0, 8, 0, 0, 0, 0, 0, 0, 9, 10, 0, 11, 0, 12, 13, 14, 15, 16], [0, 0, 0, 0, 0, 0, 0, 0, 0, 17, 18, 19, 20, 21, 22, 23, 0, 24, 0, 0], [0, -8, 0, 0, 0, 0, 0, 0, 0, 0, 25, 26, 27, 0, 0, 28, 29, 30, 31, 32], [0, 0, 0, 0, 0, 0, 0, 0, 0, 33, 34, 35, 0, 36, 37, 38, 0, 39, 40, 41], [0, 0, 0, 0, 0, 0, 0, 0, 0, 42, 0, 43, 44, 0, 0, 0, 45, 46, 47, 48], [0, 0, 0, 0, 0, 0, 0, 0, 0, 0, 49, 0, 0, 50, 51, 52, 0, 53, 54, 0], [0, 0, 0, 0, 0, 0, 0, 0, 0, 0, 0, 55, 0, 0, 56, 0, 0, 57, 58, 59], [0, 0, 0, 0, 0, 0, 0, 0, 0, 60, 0, 61, 62, 0, 0, 63, 64, 65, 66, 67], [0, 0, -17, 0, -33, -42, 0, 0, -60, 0, 68, 69, 70, 0, 0, 71, 72, 73, 74, 75], [0, -9, -18, -25, -34, 0, -49, 0, 0, -68, 0, 76, 0, 0, 77, 78, 79, 80, 0, 81], [0, -10, -19, -26, -35, -43, 0, -55, -61, -69, -76, 0, 82, 83, 84, 85, 86, 87, 88, 89], [-1, 0, -20, -27, 0, -44, 0, 0, -62, -70, 0, -82, 0, 90, 0, 91, 0, 92, 93, 0], [-2, -11, -21, 0, -36, 0, -50, 0, 0, 0, 0, -83, -90, 0, 94, 95, 96, 97, 98, 0], [-3, 0, -22, 0, -37, 0, -51, -56, 0, 0, -77, -84, 0, -94, 0, 99, 100, 0, 101, 102], [0, -12, -23, -28, -38, 0, -52, 0, -63, -71, -78, -85, -91, -95, -99, 0, 103, 104, 105, 106], [-4, -13, 0, -29, 0, -45, 0, 0, -64, -72, -79, -86, 0, -96, -100, -103, 0, 107, 108, 109], [-5, -14, -24, -30, -39, -46, -53, -57, -65, -73, -80, -87, -92, -97, 0, -104, -107, 0, 0, 0], [-6, -15, 0, -31, -40, -47, -54, -58, -66, -74, 0, -88, -93, -98, -101, -105, -108, 0, 0, 110], [-7, -16, 0, -32, -41, -48, 0, -59, -67, -75, -81, -89, 0, 0, -102, -106, -109, 0, -110, 0]], [[0, 0, 0, 0, 0, 0, 0, 0, 0, 0, 1, 2, 3, 0, 4, 5, 6, 7, 8, 9], [0, 0, 0, 0, 10, 0, 0, 0, 0, 0, 11, 12, 13, 14, 15, 0, 0, 16, 17, 18], [0, 0, 0, 0, 0, 19, 0, 0, 0, 0, 20, 0, 0, 21, 0, 22, 23, 24, 0, 25], [0, 0, 0, 0, 0, 26, 0, 0, 0, 0, 27, 28, 0, 29, 30, 0, 0, 31, 0, 32], [0, -10, 0, 0, 0, 0, 33, 0, 0, 34, 35, 36, 0, 37, 38, 0, 0, 39, 40, 41], [0, 0, -19, -26, 0, 0, 0, 0, 0, 42, 43, 44, 45, 46, 47, 0, 48, 49, 50, 51], [0, 0, 0, 0, -33, 0, 0, 0, 0, 0, 52, 53, 54, 55, 56, 57, 58, 59, 60, 61], [0, 0, 0, 0, 0, 0, 0, 0, 0, 62, 0, 63, 64, 0, 65, 66, 67, 0, 68, 69], [0, 0, 0, 0, 0, 0, 0, 0, 0, 0, 70, 71, 72, 73, 0, 74, 75, 76, 77, 78], [0, 0, 0, 0, -34, -42, 0, -62, 0, 0, 79, 80, 81, 82, 83, 0, 84, 85, 86, 0], [-1, -11, -20, -27, -35, -43, -52, 0, -70, -79, 0, 87, 88, 89, 90, 91, 92, 93, 94, 0], [-2, -12, 0, -28, -36, -44, -53, -63, -71, -80, -87, 0, 95, 0, 0, 96, 0, 97, 98, 99], [-3, -13, 0, 0, 0, -45, -54, -64, -72, -81, -88, -95, 0, 100, 101, 102, 103, 104, 105, 106], [0, -14, -21, -29, -37, -46, -55, 0, -73, -82, -89, 0, -100, 0, 107, 108, 109, 110, 111, 112], [-4, -15, 0, -30, -38, -47, -56, -65, 0, -83, -90, 0, -101, -107, 0, 113, 114, 115, 116, 0], [-5, 0, -22, 0, 0, 0, -57, -66, -74, 0, -91, -96, -102, -108, -113, 0, 117, 118, 119, 120], [-6, 0, -23, 0, 0, -48, -58, -67, -75, -84, -92, 0, -103, -109, -114, -117, 0, 121, 0, 122], [-7, -16, -24, -31, -39, -49, -59, 0, -76, -85, -93, -97, -104, -110, -115, -118, -121, 0, 123, 124], [-8, -17, 0, 0, -40, -50, -60, -68, -77, -86, -94, -98, -105, -111, -116, -119, 0, -123, 0, 0], [-9, -18, -25, -32, -41, -51, -61, -69, -78, 0, 0, -99, -106, -112, 0, -120, -122, -124, 0, 0]], [[0, 0, 0, 1, 0, 0, 0, 0, 0, 0, 2, 0, 0, 3, 4, 5, 0, 6, 7, 8], [0, 0, 0, 0, 0, 0, 0, 0, 9, 0, 10, 11, 12, 13, 14, 0, 15, 16, 17, 18], [0, 0, 0, 0, 0, 0, 0, 19, 0, 20, 21, 22, 23, 24, 25, 26, 0, 27, 28, 29], [-1, 0, 0, 0, 0, 0, 0, 0, 0, 0, 30, 31, 32, 0, 33, 34, 35, 0, 36, 37], [0, 0, 0, 0, 0, 0, 0, 0, 0, 0, 38, 39, 40, 0, 41, 0, 42, 43, 44, 45], [0, 0, 0, 0, 0, 0, 0, 0, 0, 0, 0, 46, 47, 48, 0, 49, 50, 51, 52, 53], [0, 0, 0, 0, 0, 0, 0, 0, 0, 0, 54, 55, 56, 0, 57, 58, 59, 60, 61, 0], [0, 0, -19, 0, 0, 0, 0, 0, 0, 0, 0, 62, 63, 64, 65, 66, 67, 68, 69, 70], [0, -9, 0, 0, 0, 0, 0, 0, 0, 0, 71, 72, 73, 74, 75, 0, 0, 76, 77, 78], [0, 0, -20, 0, 0, 0, 0, 0, 0, 0, 79, 80, 81, 82, 83, 84, 85, 86, 87, 88], [-2, -10, -21, -30, -38, 0, -54, 0, -71, -79, 0, 89, 90, 91, 0, 92, 93, 94, 95, 96], [0, -11, -22, -31, -39, -46, -55, -62, -72, -80, -89, 0, 97, 98, 99, 100, 101, 102, 103, 0], [0, -12, -23, -32, -40, -47, -56, -63, -73, -81, -90, -97, 0, 104, 105, 106, 107, 108, 109, 110], [-3, -13, -24, 0, 0, -48, 0, -64, -74, -82, -91, -98, -104, 0, 111, 112, 113, 114, 115, 116], [-4, -14, -25, -33, -41, 0, -57, -65, -75, -83, 0, -99, -105, -111, 0, 117, 118, 119, 0, 120], [-5, 0, -26, -34, 0, -49, -58, -66, 0, -84, -92, -100, -106, -112, -117, 0, 0, 0, 121, 122], [0, -15, 0, -35, -42, -50, -59, -67, 0, -85, -93, -101, -107, -113, -118, 0, 0, 0, 0, 123], [-6, -16, -27, 0, -43, -51, -60, -68, -76, -86, -94, -102, -108, -114, -119, 0, 0, 0, 0, 124], [-7, -17, -28, -36, -44, -52, -61, -69, -77, -87, -95, -103, -109, -115, 0, -121, 0, 0, 0, 0], [-8, -18, -29, -37, -45, -53, 0, -70, -78, -88, -96, 0, -110, -116, -120, -122, -123, -124, 0, 0]], [[0, 0, 0, 0, 0, 0, 0, 0, 0, 0, 1, 2, 3, 0, 4, 5, 0, 6, 7, 8], [0, 0, 0, 0, 9, 0, 0, 0, 0, 10, 11, 12, 13, 0, 14, 15, 16, 17, 18, 19], [0, 0, 0, 0, 0, 0, 0, 20, 0, 0, 21, 0, 22, 23, 0, 24, 25, 0, 26, 27], [0, 0, 0, 0, 0, 0, 0, 0, 0, 28, 29, 0, 30, 31, 32, 0, 0, 33, 34, 0], [0, -9, 0, 0, 0, 0, 0, 0, 0, 0, 0, 35, 36, 37, 38, 39, 40, 41, 42, 0], [0, 0, 0, 0, 0, 0, 0, 0, 0, 0, 43, 44, 45, 46, 47, 0, 48, 49, 50, 51], [0, 0, 0, 0, 0, 0, 0, 0, 0, 0, 52, 53, 54, 55, 56, 0, 57, 58, 59, 0], [0, 0, -20, 0, 0, 0, 0, 0, 0, 0, 60, 61, 62, 63, 64, 65, 66, 67, 68, 69], [0, 0, 0, 0, 0, 0, 0, 0, 0, 0, 70, 0, 71, 0, 0, 72, 73, 74, 75, 76], [0, -10, 0, -28, 0, 0, 0, 0, 0, 0, 77, 78, 0, 79, 80, 0, 81, 82, 83, 84], [-1, -11, -21, -29, 0, -43, -52, -60, -70, -77, 0, 85, 86, 0, 87, 88, 89, 90, 91, 0], [-2, -12, 0, 0, -35, -44, -53, -61, 0, -78, -85, 0, 92, 93, 94, 95, 96, 97, 98, 0], [-3, -13, -22, -30, -36, -45, -54, -62, -71, 0, -86, -92, 0, 99, 100, 0, 101, 102, 103, 0], [0, 0, -23, -31, -37, -46, -55, -63, 0, -79, 0, -93, -99, 0, 104, 105, 106, 0, 107, 108], [-4, -14, 0, -32, -38, -47, -56, -64, 0, -80, -87, -94, -100, -104, 0, 0, 109, 110, 111, 112], [-5, -15, -24, 0, -39, 0, 0, -65, -72, 0, -88, -95, 0, -105, 0, 0, 113, 114, 115, 116], [0, -16, -25, 0, -40, -48, -57, -66, -73, -81, -89, -96, -101, -106, -109, -113, 0, 0, 117, 118], [-6, -17, 0, -33, -41, -49, -58, -67, -74, -82, -90, -97, -102, 0, -110, -114, 0, 0, 119, 120], [-7, -18, -26, -34, -42, -50, -59, -68, -75, -83, -91, -98, -103, -107, -111, -115, -117, -119, 0, 0], [-8, -19, -27, 0, 0, -51, 0, -69, -76, -84, 0, 0, 0, -108, -112, -116, -118, -120, 0, 0]], [[0, 0, 0, 0, 0, 0, 0, 0, 0, 0, 1, 0, 2, 0, 3, 4, 5, 6, 7, 8], [0, 0, 0, 0, 0, 0, 0, 0, 0, 0, 9, 10, 11, 0, 12, 13, 14, 15, 16, 17], [0, 0, 0, 0, 0, 18, 0, 0, 0, 0, 0, 19, 0, 20, 21, 22, 23, 24, 25, 26], [0, 0, 0, 0, 0, 0, 0, 0, 0, 0, 27, 28, 29, 0, 0, 30, 31, 32, 33, 34], [0, 0, 0, 0, 0, 0, 0, 0, 0, 0, 35, 36, 37, 38, 0, 0, 39, 40, 41, 42], [0, 0, -18, 0, 0, 0, 43, 0, 0, 0, 0, 44, 0, 45, 46, 47, 48, 49, 50, 0], [0, 0, 0, 0, 0, -43, 0, 0, 0, 0, 51, 0, 52, 53, 54, 55, 56, 57, 58, 59], [0, 0, 0, 0, 0, 0, 0, 0, 0, 0, 60, 0, 61, 0, 62, 63, 64, 65, 66, 67], [0, 0, 0, 0, 0, 0, 0, 0, 0, 0, 0, 68, 0, 69, 70, 71, 72, 73, 74, 75], [0, 0, 0, 0, 0, 0, 0, 0, 0, 0, 76, 77, 78, 79, 80, 81, 0, 82, 83, 84], [-1, -9, 0, -27, -35, 0, -51, -60, 0, -76, 0, 85, 86, 87, 0, 0, 88, 89, 0, 0], [0, -10, -19, -28, -36, -44, 0, 0, -68, -77, -85, 0, 90, 91, 92, 93, 94, 95, 96, 97], [-2, -11, 0, -29, -37, 0, -52, -61, 0, -78, -86, -90, 0, 98, 99, 100, 0, 101, 102, 103], [0, 0, -20, 0, -38, -45, -53, 0, -69, -79, -87, -91, -98, 0, 104, 0, 0, 105, 0, 106], [-3, -12, -21, 0, 0, -46, -54, -62, -70, -80, 0, -92, -99, -104, 0, 107, 108, 109, 110, 111], [-4, -13, -22, -30, 0, -47, -55, -63, -71, -81, 0, -93, -100, 0, -107, 0, 112, 113, 114, 115], [-5, -14, -23, -31, -39, -48, -56, -64, -72, 0, -88, -94, 0, 0, -108, -112, 0, 116, 117, 118], [-6, -15, -24, -32, -40, -49, -57, -65, -73, -82, -89, -95, -101, -105, -109, -113, -116, 0, 119, 120], [-7, -16, -25, -33, -41, -50, -58, -66, -74, -83, 0, -96, -102, 0, -110, -114, -117, -119, 0, 0], [-8, -17, -26, -34, -42, 0, -59, -67, -75, -84, 0, -97, -103, -106, -111, -115, -118, -120, 0, 0]], [[0, 0, 0, 0, 0, 0, 0, 0, 0, 0, 1, 2, 3, 4, 5, 6, 0, 7, 8, 0], [0, 0, 0, 0, 0, 0, 0, 0, 0, 9, 10, 0, 11, 0, 12, 13, 14, 15, 16, 17], [0, 0, 0, 0, 0, 0, 0, 18, 0, 0, 0, 0, 0, 19, 20, 21, 22, 23, 24, 25], [0, 0, 0, 0, 0, 0, 26, 0, 0, 0, 27, 28, 29, 30, 31, 32, 0, 0, 33, 0], [0, 0, 0, 0, 0, 34, 0, 0, 0, 0, 35, 36, 37, 0, 38, 39, 40, 41, 42, 43], [0, 0, 0, 0, -34, 0, 0, 0, 0, 44, 0, 45, 0, 0, 46, 47, 48, 0, 49, 0], [0, 0, 0, -26, 0, 0, 0, 0, 0, 0, 0, 50, 51, 52, 53, 54, 55, 56, 57, 0], [0, 0, -18, 0, 0, 0, 0, 0, 0, 0, 58, 59, 60, 61, 62, 63, 64, 65, 66, 0], [0, 0, 0, 0, 0, 0, 0, 0, 0, 0, 67, 68, 69, 70, 71, 72, 73, 74, 75, 76], [0, -9, 0, 0, 0, -44, 0, 0, 0, 0, 77, 78, 79, 80, 81, 0, 82, 83, 84, 85], [-1, -10, 0, -27, -35, 0, 0, -58, -67, -77, 0, 86, 87, 0, 88, 0, 89, 90, 0, 91], [-2, 0, 0, -28, -36, -45, -50, -59, -68, -78, -86, 0, 92, 0, 93, 94, 95, 96, 97, 98], [-3, -11, 0, -29, -37, 0, -51, -60, -69, -79, -87, -92, 0, 0, 99, 100, 101, 102, 0, 103], [-4, 0, -19, -30, 0, 0, -52, -61, -70, -80, 0, 0, 0, 0, 104, 105, 0, 106, 107, 0], [-5, -12, -20, -31, -38, -46, -53, -62, -71, -81, -88, -93, -99, -104, 0, 108, 109, 110, 111, 112], [-6, -13, -21, -32, -39, -47, -54, -63, -72, 0, 0, -94, -100, -105, -108, 0, 113, 0, 114, 115], [0, -14, -22, 0, -40, -48, -55, -64, -73, -82, -89, -95, -101, 0, -109, -113, 0, 116, 117, 118], [-7, -15, -23, 0, -41, 0, -56, -65, -74, -83, -90, -96, -102, -106, -110, 0, -116, 0, 119, 120], [-8, -16, -24, -33, -42, -49, -57, -66, -75, -84, 0, -97, 0, -107, -111, -114, -117, -119, 0, 121], [0, -17, -25, 0, -43, 0, 0, 0, -76, -85, -91, -98, -103, 0, -112, -115, -118, -120, -121, 0]], [[0, 0, 0, 0, 0, 1, 0, 0, 0, 0, 0, 2, 3, 4, 5, 6, 7, 0, 8, 9], [0, 0, 10, 0, 0, 0, 0, 0, 0, 0, 11, 12, 0, 0, 13, 14, 0, 15, 16, 17], [0, -10, 0, 0, 0, 0, 0, 0, 0, 0, 18, 19, 20, 21, 22, 0, 23, 24, 25, 0], [0, 0, 0, 0, 0, 0, 0, 0, 0, 0, 26, 0, 27, 28, 29, 0, 30, 31, 0, 32], [0, 0, 0, 0, 0, 0, 0, 0, 0, 0, 0, 33, 0, 34, 35, 0, 36, 0, 37, 38], [-1, 0, 0, 0, 0, 0, 0, 39, 0, 0, 0, 40, 41, 42, 43, 44, 45, 46, 0, 47], [0, 0, 0, 0, 0, 0, 0, 0, 0, 0, 0, 0, 0, 0, 48, 49, 50, 51, 0, 0], [0, 0, 0, 0, 0, -39, 0, 0, 0, 0, 52, 53, 54, 55, 56, 0, 57, 58, 0, 59], [0, 0, 0, 0, 0, 0, 0, 0, 0, 0, 60, 61, 62, 0, 63, 64, 65, 66, 67, 0], [0, 0, 0, 0, 0, 0, 0, 0, 0, 0, 68, 69, 70, 0, 71, 72, 0, 73, 74, 75], [0, -11, -18, -26, 0, 0, 0, -52, -60, -68, 0, 76, 0, 77, 0, 78, 79, 80, 81, 0], [-2, -12, -19, 0, -33, -40, 0, -53, -61, -69, -76, 0, 82, 0, 83, 0, 84, 85, 86, 87], [-3, 0, -20, -27, 0, -41, 0, -54, -62, -70, 0, -82, 0, 88, 89, 90, 91, 92, 93, 94], [-4, 0, -21, -28, -34, -42, 0, -55, 0, 0, -77, 0, -88, 0, 0, 95, 96, 97, 98, 99], [-5, -13, -22, -29, -35, -43, -48, -56, -63, -71, 0, -83, -89, 0, 0, 100, 101, 102, 103, 0], [-6, -14, 0, 0, 0, -44, -49, 0, -64, -72, -78, 0, -90, -95, -100, 0, 104, 105, 0, 106], [-7, 0, -23, -30, -36, -45, -50, -57, -65, 0, -79, -84, -91, -96, -101, -104, 0, 107, 108, 109], [0, -15, -24, -31, 0, -46, -51, -58, -66, -73, -80, -85, -92, -97, -102, -105, -107, 0, 110, 111], [-8, -16, -25, 0, -37, 0, 0, 0, -67, -74, -81, -86, -93, -98, -103, 0, -108, -110, 0, 112], [-9, -17, 0, -32, -38, -47, 0, -59, 0, -75, 0, -87, -94, -99, 0, -106, -109, -111, -112, 0]], [[0, 0, 0, 0, 0, 0, 0, 0, 1, 0, 2, 3, 4, 5, 6, 7, 8, 9, 0, 10], [0, 0, 0, 0, 0, 0, 0, 0, 0, 0, 11, 0, 12, 0, 13, 14, 0, 15, 16, 17], [0, 0, 0, 0, 0, 18, 0, 0, 0, 0, 19, 20, 21, 0, 22, 23, 24, 25, 26, 0], [0, 0, 0, 0, 0, 0, 0, 0, 27, 0, 28, 29, 30, 31, 32, 33, 0, 34, 35, 0], [0, 0, 0, 0, 0, 0, 0, 0, 0, 36, 37, 38, 0, 39, 40, 41, 0, 42, 43, 0], [0, 0, -18, 0, 0, 0, 0, 0, 0, 0, 44, 45, 46, 47, 48, 49, 50, 51, 52, 0], [0, 0, 0, 0, 0, 0, 0, 0, 0, 0, 0, 0, 53, 54, 55, 56, 57, 58, 59, 60], [0, 0, 0, 0, 0, 0, 0, 0, 0, 0, 61, 62, 63, 64, 65, 66, 0, 67, 68, 69], [-1, 0, 0, -27, 0, 0, 0, 0, 0, 0, 70, 71, 72, 0, 0, 0, 73, 74, 75, 76], [0, 0, 0, 0, -36, 0, 0, 0, 0, 0, 77, 78, 79, 0, 0, 80, 81, 0, 82, 83], [-2, -11, -19, -28, -37, -44, 0, -61, -70, -77, 0, 84, 85, 0, 0, 86, 87, 88, 89, 90], [-3, 0, -20, -29, -38, -45, 0, -62, -71, -78, -84, 0, 91, 92, 93, 94, 95, 0, 96, 97], [-4, -12, -21, -30, 0, -46, -53, -63, -72, -79, -85, -91, 0, 98, 99, 100, 0, 101, 102, 103], [-5, 0, 0, -31, -39, -47, -54, -64, 0, 0, 0, -92, -98, 0, 0, 104, 0, 105, 106, 107], [-6, -13, -22, -32, -40, -48, -55, -65, 0, 0, 0, -93, -99, 0, 0, 108, 109, 0, 110, 111], [-7, -14, -23, -33, -41, -49, -56, -66, 0, -80, -86, -94, -100, -104, -108, 0, 112, 113, 114, 115], [-8, 0, -24, 0, 0, -50, -57, 0, -73, -81, -87, -95, 0, 0, -109, -112, 0, 116, 117, 118], [-9, -15, -25, -34, -42, -51, -58, -67, -74, 0, -88, 0, -101, -105, 0, -113, -116, 0, 0, 119], [0, -16, -26, -35, -43, -52, -59, -68, -75, -82, -89, -96, -102, -106, -110, -114, -117, 0, 0, 120], [-10, -17, 0, 0, 0, 0, -60, -69, -76, -83, -90, -97, -103, -107, -111, -115, -118, -119, -120, 0]], [[0, 0, 0, 0, 0, 0, 0, 0, 1, 0, 2, 3, 0, 4, 5, 6, 7, 8, 9, 10], [0, 0, 0, 0, 0, 0, 0, 0, 0, 0, 11, 12, 0, 0, 13, 14, 15, 16, 17, 18], [0, 0, 0, 0, 0, 0, 0, 0, 0, 0, 19, 0, 20, 21, 22, 0, 23, 0, 24, 25], [0, 0, 0, 0, 0, 0, 0, 0, 0, 0, 26, 0, 27, 28, 0, 29, 0, 30, 0, 31], [0, 0, 0, 0, 0, 32, 0, 0, 0, 0, 33, 34, 35, 36, 37, 38, 0, 39, 0, 40], [0, 0, 0, 0, -32, 0, 0, 0, 0, 0, 0, 41, 42, 43, 44, 45, 46, 47, 48, 49], [0, 0, 0, 0, 0, 0, 0, 0, 0, 0, 50, 51, 52, 0, 0, 53, 54, 55, 56, 57], [0, 0, 0, 0, 0, 0, 0, 0, 0, 0, 58, 59, 60, 61, 0, 62, 63, 64, 65, 0], [-1, 0, 0, 0, 0, 0, 0, 0, 0, 0, 66, 67, 68, 0, 69, 70, 71, 72, 0, 73], [0, 0, 0, 0, 0, 0, 0, 0, 0, 0, 74, 75, 76, 77, 0, 78, 0, 79, 80, 0], [-2, -11, -19, -26, -33, 0, -50, -58, -66, -74, 0, 81, 0, 82, 83, 84, 85, 0, 86, 87], [-3, -12, 0, 0, -34, -41, -51, -59, -67, -75, -81, 0, 88, 89, 90, 91, 92, 93, 94, 95], [0, 0, -20, -27, -35, -42, -52, -60, -68, -76, 0, -88, 0, 96, 97, 98, 99, 100, 101, 102], [-4, 0, -21, -28, -36, -43, 0, -61, 0, -77, -82, -89, -96, 0, 103, 0, 104, 105, 106, 107], [-5, -13, -22, 0, -37, -44, 0, 0, -69, 0, -83, -90, -97, -103, 0, 108, 109, 110, 111, 0], [-6, -14, 0, -29, -38, -45, -53, -62, -70, -78, -84, -91, -98, 0, -108, 0, 112, 113, 114, 115], [-7, -15, -23, 0, 0, -46, -54, -63, -71, 0, -85, -92, -99, -104, -109, -112, 0, 116, 117, 0], [-8, -16, 0, -30, -39, -47, -55, -64, -72, -79, 0, -93, -100, -105, -110, -113, -116, 0, 118, 119], [-9, -17, -24, 0, 0, -48, -56, -65, 0, -80, -86, -94, -101, -106, -111, -114, -117, -118, 0, 120], [-10, -18, -25, -31, -40, -49, -57, 0, -73, 0, -87, -95, -102, -107, 0, -115, 0, -119, -120, 0]], [[0, 0, 0, 0, 0, 0, 1, 2, 0, 0, 3, 4, 5, 6, 7, 8, 9, 10, 11, 12], [0, 0, 0, 0, 0, 0, 0, 0, 0, 0, 13, 14, 0, 15, 16, 17, 18, 19, 20, 21], [0, 0, 0, 0, 0, 0, 0, 22, 0, 0, 23, 24, 25, 26, 27, 0, 0, 0, 0, 28], [0, 0, 0, 0, 0, 0, 0, 0, 0, 0, 0, 29, 30, 31, 32, 0, 33, 34, 35, 36], [0, 0, 0, 0, 0, 0, 0, 0, 0, 0, 37, 38, 39, 40, 41, 42, 43, 44, 45, 46], [0, 0, 0, 0, 0, 0, 0, 0, 0, 0, 0, 0, 47, 48, 49, 50, 51, 52, 53, 54], [-1, 0, 0, 0, 0, 0, 0, 0, 0, 0, 55, 56, 57, 58, 59, 60, 61, 62, 63, 64], [-2, 0, -22, 0, 0, 0, 0, 0, 0, 0, 65, 66, 67, 68, 0, 69, 70, 71, 72, 73], [0, 0, 0, 0, 0, 0, 0, 0, 0, 0, 74, 75, 76, 0, 77, 78, 79, 80, 0, 81], [0, 0, 0, 0, 0, 0, 0, 0, 0, 0, 82, 83, 84, 85, 86, 87, 0, 0, 88, 0], [-3, -13, -23, 0, -37, 0, -55, -65, -74, -82, 0, 89, 90, 91, 92, 93, 94, 0, 95, 96], [-4, -14, -24, -29, -38, 0, -56, -66, -75, -83, -89, 0, 97, 98, 0, 99, 0, 100, 101, 102], [-5, 0, -25, -30, -39, -47, -57, -67, -76, -84, -90, -97, 0, 0, 103, 104, 105, 0, 0, 106], [-6, -15, -26, -31, -40, -48, -58, -68, 0, -85, -91, -98, 0, 0, 107, 108, 109, 110, 111, 112], [-7, -16, -27, -32, -41, -49, -59, 0, -77, -86, -92, 0, -103, -107, 0, 113, 114, 115, 116, 117], [-8, -17, 0, 0, -42, -50, -60, -69, -78, -87, -93, -99, -104, -108, -113, 0, 118, 0, 0, 0], [-9, -18, 0, -33, -43, -51, -61, -70, -79, 0, -94, 0, -105, -109, -114, -118, 0, 119, 120, 121], [-10, -19, 0, -34, -44, -52, -62, -71, -80, 0, 0, -100, 0, -110, -115, 0, -119, 0, 122, 123], [-11, -20, 0, -35, -45, -53, -63, -72, 0, -88, -95, -101, 0, -111, -116, 0, -120, -122, 0, 124], [-12, -21, -28, -36, -46, -54, -64, -73, -81, 0, -96, -102, -106, -112, -117, 0, -121, -123, -124, 0]], [[0, 0, 1, 0, 0, 0, 0, 0, 0, 0, 0, 2, 0, 3, 4, 5, 6, 0, 7, 8], [0, 0, 9, 0, 0, 0, 0, 0, 0, 0, 10, 0, 11, 12, 13, 0, 0, 0, 14, 15], [-1, -9, 0, 0, 0, 0, 0, 0, 0, 0, 16, 17, 18, 19, 0, 20, 21, 22, 23, 24], [0, 0, 0, 0, 0, 0, 0, 0, 0, 0, 25, 26, 27, 28, 29, 0, 30, 31, 32, 33], [0, 0, 0, 0, 0, 0, 0, 0, 0, 0, 34, 35, 36, 37, 38, 39, 40, 0, 41, 0], [0, 0, 0, 0, 0, 0, 0, 0, 0, 0, 42, 43, 44, 45, 0, 46, 47, 48, 49, 50], [0, 0, 0, 0, 0, 0, 0, 0, 0, 0, 51, 52, 53, 54, 55, 56, 57, 58, 59, 60], [0, 0, 0, 0, 0, 0, 0, 0, 0, 61, 62, 63, 64, 65, 66, 67, 0, 68, 0, 0], [0, 0, 0, 0, 0, 0, 0, 0, 0, 0, 69, 70, 71, 72, 73, 74, 75, 76, 77, 78], [0, 0, 0, 0, 0, 0, 0, -61, 0, 0, 0, 0, 79, 80, 0, 81, 82, 83, 0, 84], [0, -10, -16, -25, -34, -42, -51, -62, -69, 0, 0, 85, 86, 87, 0, 88, 89, 90, 91, 92], [-2, 0, -17, -26, -35, -43, -52, -63, -70, 0, -85, 0, 0, 93, 0, 94, 95, 96, 97, 98], [0, -11, -18, -27, -36, -44, -53, -64, -71, -79, -86, 0, 0, 99, 100, 0, 101, 102, 0, 103], [-3, -12, -19, -28, -37, -45, -54, -65, -72, -80, -87, -93, -99, 0, 0, 104, 0, 105, 106, 107], [-4, -13, 0, -29, -38, 0, -55, -66, -73, 0, 0, 0, -100, 0, 0, 0, 0, 108, 109, 110], [-5, 0, -20, 0, -39, -46, -56, -67, -74, -81, -88, -94, 0, -104, 0, 0, 111, 112, 0, 113], [-6, 0, -21, -30, -40, -47, -57, 0, -75, -82, -89, -95, -101, 0, 0, -111, 0, 114, 0, 115], [0, 0, -22, -31, 0, -48, -58, -68, -76, -83, -90, -96, -102, -105, -108, -112, -114, 0, 116, 0], [-7, -14, -23, -32, -41, -49, -59, 0, -77, 0, -91, -97, 0, -106, -109, 0, 0, -116, 0, 117], [-8, -15, -24, -33, 0, -50, -60, 0, -78, -84, -92, -98, -103, -107, -110, -113, -115, 0, -117, 0]], [[0, 0, 1, 0, 0, 0, 0, 0, 2, 0, 3, 4, 5, 6, 0, 7, 8, 9, 10, 11], [0, 0, 0, 0, 0, 0, 0, 0, 0, 0, 12, 0, 13, 14, 15, 0, 0, 16, 17, 18], [-1, 0, 0, 0, 0, 0, 0, 0, 0, 0, 19, 0, 20, 21, 22, 23, 24, 25, 26, 27], [0, 0, 0, 0, 0, 0, 0, 0, 0, 0, 28, 29, 0, 30, 31, 32, 33, 34, 35, 36], [0, 0, 0, 0, 0, 0, 0, 37, 0, 0, 38, 39, 40, 41, 0, 42, 43, 44, 45, 0], [0, 0, 0, 0, 0, 0, 0, 0, 0, 0, 46, 0, 0, 0, 47, 48, 49, 50, 51, 52], [0, 0, 0, 0, 0, 0, 0, 0, 0, 0, 53, 54, 55, 56, 57, 58, 59, 60, 0, 0], [0, 0, 0, 0, -37, 0, 0, 0, 0, 0, 61, 0, 62, 0, 63, 64, 65, 66, 67, 0], [-2, 0, 0, 0, 0, 0, 0, 0, 0, 0, 68, 69, 70, 71, 0, 0, 72, 73, 74, 75], [0, 0, 0, 0, 0, 0, 0, 0, 0, 0, 76, 77, 78, 0, 79, 80, 0, 81, 82, 83], [-3, -12, -19, -28, -38, -46, -53, -61, -68, -76, 0, 84, 85, 86, 87, 88, 89, 90, 91, 92], [-4, 0, 0, -29, -39, 0, -54, 0, -69, -77, -84, 0, 93, 94, 0, 95, 96, 97, 0, 98], [-5, -13, -20, 0, -40, 0, -55, -62, -70, -78, -85, -93, 0, 99, 100, 101, 102, 103, 104, 105], [-6, -14, -21, -30, -41, 0, -56, 0, -71, 0, -86, -94, -99, 0, 106, 0, 0, 107, 108, 0], [0, -15, -22, -31, 0, -47, -57, -63, 0, -79, -87, 0, -100, -106, 0, 109, 110, 111, 112, 113], [-7, 0, -23, -32, -42, -48, -58, -64, 0, -80, -88, -95, -101, 0, -109, 0, 114, 0, 115, 116], [-8, 0, -24, -33, -43, -49, -59, -65, -72, 0, -89, -96, -102, 0, -110, -114, 0, 117, 118, 119], [-9, -16, -25, -34, -44, -50, -60, -66, -73, -81, -90, -97, -103, -107, -111, 0, -117, 0, 0, 120], [-10, -17, -26, -35, -45, -51, 0, -67, -74, -82, -91, 0, -104, -108, -112, -115, -118, 0, 0, 121], [-11, -18, -27, -36, 0, -52, 0, 0, -75, -83, -92, -98, -105, 0, -113, -116, -119, -120, -121, 0]], [[0, 0, 0, 0, 0, 0, 0, 0, 0, 0, 1, 2, 3, 0, 4, 5, 6, 7, 8, 0], [0, 0, 0, 0, 0, 0, 0, 0, 0, 0, 9, 0, 0, 10, 0, 0, 11, 12, 13, 14], [0, 0, 0, 0, 0, 15, 0, 0, 16, 0, 17, 18, 19, 20, 21, 22, 23, 0, 0, 24], [0, 0, 0, 0, 0, 0, 0, 25, 0, 0, 26, 27, 28, 29, 30, 31, 32, 33, 34, 35], [0, 0, 0, 0, 0, 0, 0, 0, 0, 0, 36, 0, 37, 38, 39, 40, 0, 41, 42, 43], [0, 0, -15, 0, 0, 0, 0, 0, 0, 0, 44, 0, 45, 46, 47, 48, 49, 50, 51, 52], [0, 0, 0, 0, 0, 0, 0, 0, 0, 0, 53, 54, 0, 55, 56, 0, 57, 58, 59, 60], [0, 0, 0, -25, 0, 0, 0, 0, 0, 0, 0, 61, 62, 63, 0, 64, 65, 66, 0, 67], [0, 0, -16, 0, 0, 0, 0, 0, 0, 0, 0, 68, 69, 70, 71, 72, 73, 74, 0, 75], [0, 0, 0, 0, 0, 0, 0, 0, 0, 0, 76, 77, 78, 79, 0, 0, 80, 81, 82, 83], [-1, -9, -17, -26, -36, -44, -53, 0, 0, -76, 0, 84, 85, 86, 87, 88, 89, 90, 91, 0], [-2, 0, -18, -27, 0, 0, -54, -61, -68, -77, -84, 0, 92, 93, 0, 94, 0, 0, 95, 0], [-3, 0, -19, -28, -37, -45, 0, -62, -69, -78, -85, -92, 0, 96, 97, 98, 99, 100, 101, 0], [0, -10, -20, -29, -38, -46, -55, -63, -70, -79, -86, -93, -96, 0, 102, 103, 104, 105, 106, 107], [-4, 0, -21, -30, -39, -47, -56, 0, -71, 0, -87, 0, -97, -102, 0, 108, 109, 110, 111, 112], [-5, 0, -22, -31, -40, -48, 0, -64, -72, 0, -88, -94, -98, -103, -108, 0, 113, 114, 115, 116], [-6, -11, -23, -32, 0, -49, -57, -65, -73, -80, -89, 0, -99, -104, -109, -113, 0, 117, 118, 119], [-7, -12, 0, -33, -41, -50, -58, -66, -74, -81, -90, 0, -100, -105, -110, -114, -117, 0, 120, 121], [-8, -13, 0, -34, -42, -51, -59, 0, 0, -82, -91, -95, -101, -106, -111, -115, -118, -120, 0, 122], [0, -14, -24, -35, -43, -52, -60, -67, -75, -83, 0, 0, 0, -107, -112, -116, -119, -121, -122, 0]], [[0, 0, 0, 0, 0, 0, 0, 0, 0, 0, 1, 0, 0, 0, 2, 3, 4, 5, 6, 7], [0, 0, 0, 8, 0, 0, 0, 0, 9, 0, 10, 11, 12, 13, 14, 15, 16, 17, 18, 19], [0, 0, 0, 0, 0, 0, 20, 0, 0, 0, 21, 0, 22, 23, 24, 25, 26, 27, 28, 0], [0, -8, 0, 0, 0, 0, 0, 0, 0, 0, 0, 0, 0, 29, 0, 30, 31, 32, 33, 34], [0, 0, 0, 0, 0, 0, 35, 0, 0, 0, 36, 37, 0, 38, 0, 39, 0, 40, 41, 42], [0, 0, 0, 0, 0, 0, 0, 0, 0, 0, 43, 44, 45, 46, 47, 48, 0, 49, 50, 51], [0, 0, -20, 0, -35, 0, 0, 0, 0, 0, 52, 53, 54, 55, 0, 0, 0, 0, 56, 57], [0, 0, 0, 0, 0, 0, 0, 0, 0, 58, 59, 60, 61, 0, 62, 0, 63, 64, 65, 66], [0, -9, 0, 0, 0, 0, 0, 0, 0, 0, 0, 67, 68, 69, 0, 70, 71, 72, 73, 74], [0, 0, 0, 0, 0, 0, 0, -58, 0, 0, 75, 76, 77, 78, 79, 80, 81, 0, 0, 82], [-1, -10, -21, 0, -36, -43, -52, -59, 0, -75, 0, 83, 84, 85, 0, 86, 87, 88, 89, 0], [0, -11, 0, 0, -37, -44, -53, -60, -67, -76, -83, 0, 90, 91, 0, 92, 93, 94, 95, 96], [0, -12, -22, 0, 0, -45, -54, -61, -68, -77, -84, -90, 0, 97, 98, 99, 100, 101, 102, 103], [0, -13, -23, -29, -38, -46, -55, 0, -69, -78, -85, -91, -97, 0, 104, 105, 106, 0, 107, 108], [-2, -14, -24, 0, 0, -47, 0, -62, 0, -79, 0, 0, -98, -104, 0, 109, 0, 110, 111, 112], [-3, -15, -25, -30, -39, -48, 0, 0, -70, -80, -86, -92, -99, -105, -109, 0, 113, 114, 115, 116], [-4, -16, -26, -31, 0, 0, 0, -63, -71, -81, -87, -93, -100, -106, 0, -113, 0, 117, 118, 119], [-5, -17, -27, -32, -40, -49, 0, -64, -72, 0, -88, -94, -101, 0, -110, -114, -117, 0, 120, 121], [-6, -18, -28, -33, -41, -50, -56, -65, -73, 0, -89, -95, -102, -107, -111, -115, -118, -120, 0, 0], [-7, -19, 0, -34, -42, -51, -57, -66, -74, -82, 0, -96, -103, -108, -112, -116, -119, -121, 0, 0]], [[0, 0, 0, 0, 0, 0, 0, 0, 0, 0, 1, 2, 0, 3, 0, 4, 5, 6, 7, 8], [0, 0, 0, 0, 0, 0, 0, 0, 0, 0, 9, 0, 10, 11, 12, 13, 14, 15, 16, 17], [0, 0, 0, 0, 0, 0, 0, 0, 0, 0, 18, 19, 0, 20, 21, 22, 0, 23, 24, 25], [0, 0, 0, 0, 0, 0, 0, 0, 0, 0, 26, 27, 28, 29, 0, 30, 31, 32, 33, 0], [0, 0, 0, 0, 0, 0, 0, 0, 34, 0, 0, 35, 36, 37, 38, 39, 40, 41, 0, 42], [0, 0, 0, 0, 0, 0, 43, 0, 0, 0, 44, 45, 46, 47, 48, 49, 50, 0, 51, 0], [0, 0, 0, 0, 0, -43, 0, 0, 0, 0, 52, 53, 54, 55, 56, 57, 58, 59, 0, 60], [0, 0, 0, 0, 0, 0, 0, 0, 0, 0, 61, 62, 0, 63, 64, 65, 0, 66, 67, 68], [0, 0, 0, 0, -34, 0, 0, 0, 0, 69, 0, 70, 71, 0, 72, 0, 73, 74, 0, 75], [0, 0, 0, 0, 0, 0, 0, 0, -69, 0, 76, 77, 78, 0, 79, 80, 81, 82, 83, 84], [-1, -9, -18, -26, 0, -44, -52, -61, 0, -76, 0, 0, 85, 0, 86, 87, 88, 89, 0, 90], [-2, 0, -19, -27, -35, -45, -53, -62, -70, -77, 0, 0, 91, 92, 93, 0, 94, 95, 96, 97], [0, -10, 0, -28, -36, -46, -54, 0, -71, -78, -85, -91, 0, 98, 99, 0, 100, 101, 102, 103], [-3, -11, -20, -29, -37, -47, -55, -63, 0, 0, 0, -92, -98, 0, 0, 104, 105, 106, 107, 108], [0, -12, -21, 0, -38, -48, -56, -64, -72, -79, -86, -93, -99, 0, 0, 109, 110, 111, 112, 113], [-4, -13, -22, -30, -39, -49, -57, -65, 0, -80, -87, 0, 0, -104, -109, 0, 114, 0, 115, 0], [-5, -14, 0, -31, -40, -50, -58, 0, -73, -81, -88, -94, -100, -105, -110, -114, 0, 116, 117, 0], [-6, -15, -23, -32, -41, 0, -59, -66, -74, -82, -89, -95, -101, -106, -111, 0, -116, 0, 118, 119], [-7, -16, -24, -33, 0, -51, 0, -67, 0, -83, 0, -96, -102, -107, -112, -115, -117, -118, 0, 120], [-8, -17, -25, 0, -42, 0, -60, -68, -75, -84, -90, -97, -103, -108, -113, 0, 0, -119, -120, 0]], [[0, 0, 0, 0, 0, 1, 2, 0, 0, 3, 4, 5, 6, 7, 8, 9, 10, 11, 12, 13], [0, 0, 0, 0, 0, 14, 0, 0, 0, 0, 15, 16, 0, 0, 17, 0, 18, 19, 20, 21], [0, 0, 0, 0, 0, 0, 0, 0, 0, 0, 0, 22, 23, 24, 25, 26, 27, 28, 29, 30], [0, 0, 0, 0, 0, 31, 0, 0, 0, 0, 32, 33, 34, 35, 36, 37, 38, 39, 0, 40], [0, 0, 0, 0, 0, 0, 0, 0, 0, 0, 41, 42, 43, 44, 45, 0, 0, 46, 47, 48], [-1, -14, 0, -31, 0, 0, 0, 0, 0, 0, 49, 50, 51, 0, 52, 53, 54, 55, 56, 57], [-2, 0, 0, 0, 0, 0, 0, 0, 0, 0, 58, 59, 60, 0, 0, 61, 0, 62, 63, 64], [0, 0, 0, 0, 0, 0, 0, 0, 0, 0, 65, 66, 67, 68, 69, 70, 0, 71, 72, 73], [0, 0, 0, 0, 0, 0, 0, 0, 0, 0, 74, 75, 76, 77, 78, 79, 80, 81, 82, 83], [-3, 0, 0, 0, 0, 0, 0, 0, 0, 0, 0, 0, 84, 85, 86, 0, 87, 0, 0, 88], [-4, -15, 0, -32, -41, -49, -58, -65, -74, 0, 0, 89, 90, 91, 92, 0, 93, 94, 0, 95], [-5, -16, -22, -33, -42, -50, -59, -66, -75, 0, -89, 0, 96, 97, 98, 99, 100, 0, 101, 102], [-6, 0, -23, -34, -43, -51, -60, -67, -76, -84, -90, -96, 0, 103, 104, 105, 106, 107, 108, 109], [-7, 0, -24, -35, -44, 0, 0, -68, -77, -85, -91, -97, -103, 0, 110, 111, 112, 0, 0, 0], [-8, -17, -25, -36, -45, -52, 0, -69, -78, -86, -92, -98, -104, -110, 0, 113, 114, 115, 116, 117], [-9, 0, -26, -37, 0, -53, -61, -70, -79, 0, 0, -99, -105, -111, -113, 0, 118, 119, 120, 0], [-10, -18, -27, -38, 0, -54, 0, 0, -80, -87, -93, -100, -106, -112, -114, -118, 0, 121, 122, 123], [-11, -19, -28, -39, -46, -55, -62, -71, -81, 0, -94, 0, -107, 0, -115, -119, -121, 0, 0, 124], [-12, -20, -29, 0, -47, -56, -63, -72, -82, 0, 0, -101, -108, 0, -116, -120, -122, 0, 0, 0], [-13, -21, -30, -40, -48, -57, -64, -73, -83, -88, -95, -102, -109, 0, -117, 0, -123, -124, 0, 0]], [[0, 0, 0, 0, 0, 0, 0, 0, 0, 0, 1, 2, 3, 0, 0, 0, 4, 0, 5, 6], [0, 0, 0, 0, 0, 0, 0, 0, 0, 0, 7, 8, 9, 10, 11, 12, 13, 14, 0, 15], [0, 0, 0, 0, 0, 0, 0, 0, 0, 0, 16, 0, 17, 0, 18, 19, 20, 21, 22, 23], [0, 0, 0, 0, 0, 0, 0, 0, 0, 0, 24, 25, 26, 27, 28, 29, 0, 30, 31, 32], [0, 0, 0, 0, 0, 0, 0, 33, 0, 0, 0, 0, 34, 35, 36, 37, 38, 39, 40, 41], [0, 0, 0, 0, 0, 0, 0, 0, 0, 0, 42, 43, 0, 44, 45, 46, 0, 47, 0, 0], [0, 0, 0, 0, 0, 0, 0, 0, 0, 0, 48, 49, 50, 51, 52, 53, 54, 0, 0, 55], [0, 0, 0, 0, -33, 0, 0, 0, 0, 0, 56, 57, 58, 59, 60, 61, 62, 0, 63, 64], [0, 0, 0, 0, 0, 0, 0, 0, 0, 0, 65, 66, 67, 68, 69, 70, 71, 72, 73, 74], [0, 0, 0, 0, 0, 0, 0, 0, 0, 0, 0, 0, 75, 76, 77, 0, 78, 79, 80, 81], [-1, -7, -16, -24, 0, -42, -48, -56, -65, 0, 0, 82, 83, 84, 85, 0, 0, 86, 87, 88], [-2, -8, 0, -25, 0, -43, -49, -57, -66, 0, -82, 0, 89, 90, 91, 92, 0, 93, 94, 95], [-3, -9, -17, -26, -34, 0, -50, -58, -67, -75, -83, -89, 0, 0, 0, 96, 97, 98, 99, 100], [0, -10, 0, -27, -35, -44, -51, -59, -68, -76, -84, -90, 0, 0, 0, 101, 102, 103, 104, 0], [0, -11, -18, -28, -36, -45, -52, -60, -69, -77, -85, -91, 0, 0, 0, 105, 106, 107, 108, 109], [0, -12, -19, -29, -37, -46, -53, -61, -70, 0, 0, -92, -96, -101, -105, 0, 0, 110, 111, 112], [-4, -13, -20, 0, -38, 0, -54, -62, -71, -78, 0, 0, -97, -102, -106, 0, 0, 0, 113, 114], [0, -14, -21, -30, -39, -47, 0, 0, -72, -79, -86, -93, -98, -103, -107, -110, 0, 0, 115, 116], [-5, 0, -22, -31, -40, 0, 0, -63, -73, -80, -87, -94, -99, -104, -108, -111, -113, -115, 0, 0], [-6, -15, -23, -32, -41, 0, -55, -64, -74, -81, -88, -95, -100, 0, -109, -112, -114, -116, 0, 0]], [[0, 0, 0, 0, 0, 0, 0, 0, 0, 0, 1, 2, 3, 4, 5, 0, 6, 7, 8, 9], [0, 0, 0, 0, 0, 0, 0, 0, 0, 0, 10, 11, 12, 13, 14, 15, 16, 17, 18, 19], [0, 0, 0, 0, 0, 0, 0, 0, 0, 0, 20, 21, 22, 23, 0, 24, 0, 25, 26, 0], [0, 0, 0, 0, 0, 0, 0, 0, 0, 0, 27, 28, 29, 0, 30, 0, 31, 32, 33, 34], [0, 0, 0, 0, 0, 0, 35, 0, 0, 0, 36, 37, 38, 39, 0, 40, 41, 42, 43, 44], [0, 0, 0, 0, 0, 0, 0, 45, 0, 0, 46, 47, 48, 49, 0, 0, 50, 51, 52, 53], [0, 0, 0, 0, -35, 0, 0, 0, 0, 0, 54, 55, 56, 0, 57, 58, 59, 60, 0, 0], [0, 0, 0, 0, 0, -45, 0, 0, 0, 0, 61, 62, 63, 64, 65, 0, 66, 67, 0, 68], [0, 0, 0, 0, 0, 0, 0, 0, 0, 0, 0, 69, 70, 71, 72, 73, 0, 74, 0, 75], [0, 0, 0, 0, 0, 0, 0, 0, 0, 0, 76, 77, 78, 79, 0, 80, 81, 0, 82, 0], [-1, -10, -20, -27, -36, -46, -54, -61, 0, -76, 0, 83, 84, 85, 0, 86, 87, 88, 0, 89], [-2, -11, -21, -28, -37, -47, -55, -62, -69, -77, -83, 0, 0, 0, 90, 91, 92, 0, 93, 94], [-3, -12, -22, -29, -38, -48, -56, -63, -70, -78, -84, 0, 0, 0, 95, 96, 97, 98, 99, 100], [-4, -13, -23, 0, -39, -49, 0, -64, -71, -79, -85, 0, 0, 0, 101, 102, 103, 104, 105, 106], [-5, -14, 0, -30, 0, 0, -57, -65, -72, 0, 0, -90, -95, -101, 0, 107, 108, 109, 110, 111], [0, -15, -24, 0, -40, 0, -58, 0, -73, -80, -86, -91, -96, -102, -107, 0, 112, 0, 113, 114], [-6, -16, 0, -31, -41, -50, -59, -66, 0, -81, -87, -92, -97, -103, -108, -112, 0, 115, 116, 117], [-7, -17, -25, -32, -42, -51, -60, -67, -74, 0, -88, 0, -98, -104, -109, 0, -115, 0, 118, 0], [-8, -18, -26, -33, -43, -52, 0, 0, 0, -82, 0, -93, -99, -105, -110, -113, -116, -118, 0, 119], [-9, -19, 0, -34, -44, -53, 0, -68, -75, 0, -89, -94, -100, -106, -111, -114, -117, 0, -119, 0]], [[0, 0, 0, 0, 0, 0, 1, 0, 0, 0, 2, 3, 0, 0, 4, 5, 6, 0, 7, 8], [0, 0, 0, 0, 0, 0, 0, 0, 0, 0, 0, 9, 10, 11, 12, 13, 14, 15, 16, 17], [0, 0, 0, 0, 0, 0, 0, 0, 0, 0, 18, 19, 20, 21, 0, 22, 23, 24, 25, 26], [0, 0, 0, 0, 0, 0, 0, 0, 0, 0, 27, 28, 29, 30, 31, 32, 33, 34, 35, 36], [0, 0, 0, 0, 0, 0, 0, 37, 0, 0, 38, 39, 40, 41, 42, 43, 44, 45, 46, 47], [0, 0, 0, 0, 0, 0, 0, 0, 0, 0, 48, 0, 49, 50, 51, 52, 53, 0, 0, 54], [-1, 0, 0, 0, 0, 0, 0, 0, 0, 55, 56, 57, 0, 58, 59, 60, 61, 0, 0, 62], [0, 0, 0, 0, -37, 0, 0, 0, 0, 0, 63, 64, 0, 65, 66, 67, 68, 0, 69, 70], [0, 0, 0, 0, 0, 0, 0, 0, 0, 0, 71, 72, 73, 74, 75, 76, 77, 78, 79, 0], [0, 0, 0, 0, 0, 0, -55, 0, 0, 0, 80, 0, 81, 82, 83, 84, 0, 85, 0, 86], [-2, 0, -18, -27, -38, -48, -56, -63, -71, -80, 0, 87, 88, 89, 0, 0, 0, 90, 91, 92], [-3, -9, -19, -28, -39, 0, -57, -64, -72, 0, -87, 0, 93, 0, 94, 95, 96, 97, 98, 99], [0, -10, -20, -29, -40, -49, 0, 0, -73, -81, -88, -93, 0, 100, 101, 0, 102, 103, 104, 105], [0, -11, -21, -30, -41, -50, -58, -65, -74, -82, -89, 0, -100, 0, 106, 0, 107, 0, 0, 108], [-4, -12, 0, -31, -42, -51, -59, -66, -75, -83, 0, -94, -101, -106, 0, 109, 0, 110, 0, 111], [-5, -13, -22, -32, -43, -52, -60, -67, -76, -84, 0, -95, 0, 0, -109, 0, 112, 113, 114, 115], [-6, -14, -23, -33, -44, -53, -61, -68, -77, 0, 0, -96, -102, -107, 0, -112, 0, 116, 117, 118], [0, -15, -24, -34, -45, 0, 0, 0, -78, -85, -90, -97, -103, 0, -110, -113, -116, 0, 119, 120], [-7, -16, -25, -35, -46, 0, 0, -69, -79, 0, -91, -98, -104, 0, 0, -114, -117, -119, 0, 121], [-8, -17, -26, -36, -47, -54, -62, -70, 0, -86, -92, -99, -105, -108, -111, -115, -118, -120, -121, 0]], [[0, 0, 0, 0, 0, 0, 0, 1, 0, 0, 2, 3, 4, 5, 6, 7, 8, 0, 9, 0], [0, 0, 10, 0, 0, 0, 0, 0, 0, 0, 0, 11, 0, 12, 13, 14, 15, 16, 17, 18], [0, -10, 0, 0, 0, 0, 0, 0, 0, 0, 19, 20, 21, 0, 0, 22, 23, 24, 25, 26], [0, 0, 0, 0, 27, 0, 0, 0, 0, 0, 28, 29, 30, 31, 32, 33, 34, 35, 36, 37], [0, 0, 0, -27, 0, 0, 0, 0, 0, 0, 38, 39, 40, 0, 0, 41, 0, 42, 0, 43], [0, 0, 0, 0, 0, 0, 0, 44, 0, 0, 0, 45, 46, 47, 48, 49, 50, 0, 51, 52], [0, 0, 0, 0, 0, 0, 0, 0, 0, 0, 53, 54, 55, 0, 56, 57, 58, 59, 60, 61], [-1, 0, 0, 0, 0, -44, 0, 0, 0, 0, 62, 0, 0, 63, 64, 65, 66, 67, 68, 69], [0, 0, 0, 0, 0, 0, 0, 0, 0, 0, 70, 71, 72, 73, 74, 0, 75, 76, 0, 77], [0, 0, 0, 0, 0, 0, 0, 0, 0, 0, 0, 78, 0, 0, 79, 80, 81, 82, 83, 84], [-2, 0, -19, -28, -38, 0, -53, -62, -70, 0, 0, 0, 85, 86, 0, 87, 88, 89, 90, 91], [-3, -11, -20, -29, -39, -45, -54, 0, -71, -78, 0, 0, 0, 92, 93, 94, 95, 96, 0, 0], [-4, 0, -21, -30, -40, -46, -55, 0, -72, 0, -85, 0, 0, 0, 97, 98, 99, 100, 101, 102], [-5, -12, 0, -31, 0, -47, 0, -63, -73, 0, -86, -92, 0, 0, 103, 104, 105, 106, 0, 0], [-6, -13, 0, -32, 0, -48, -56, -64, -74, -79, 0, -93, -97, -103, 0, 0, 107, 0, 108, 109], [-7, -14, -22, -33, -41, -49, -57, -65, 0, -80, -87, -94, -98, -104, 0, 0, 110, 0, 111, 112], [-8, -15, -23, -34, 0, -50, -58, -66, -75, -81, -88, -95, -99, -105, -107, -110, 0, 113, 114, 115], [0, -16, -24, -35, -42, 0, -59, -67, -76, -82, -89, -96, -100, -106, 0, 0, -113, 0, 116, 117], [-9, -17, -25, -36, 0, -51, -60, -68, 0, -83, -90, 0, -101, 0, -108, -111, -114, -116, 0, 118], [0, -18, -26, -37, -43, -52, -61, -69, -77, -84, -91, 0, -102, 0, -109, -112, -115, -117, -118, 0]], [[0, 0, 1, 0, 0, 0, 0, 0, 0, 0, 2, 3, 4, 5, 0, 6, 7, 8, 0, 9], [0, 0, 0, 0, 0, 0, 0, 10, 0, 0, 11, 12, 13, 14, 15, 0, 16, 17, 18, 19], [-1, 0, 0, 0, 0, 0, 0, 0, 0, 20, 21, 0, 22, 23, 24, 0, 25, 26, 27, 28], [0, 0, 0, 0, 0, 0, 0, 0, 0, 0, 0, 29, 30, 31, 32, 33, 34, 35, 0, 36], [0, 0, 0, 0, 0, 0, 0, 0, 0, 0, 0, 37, 38, 39, 40, 41, 42, 43, 0, 44], [0, 0, 0, 0, 0, 0, 0, 0, 0, 0, 45, 0, 46, 0, 47, 48, 49, 50, 51, 52], [0, 0, 0, 0, 0, 0, 0, 0, 0, 0, 53, 0, 54, 55, 56, 0, 57, 58, 0, 59], [0, -10, 0, 0, 0, 0, 0, 0, 0, 0, 60, 61, 62, 0, 63, 64, 65, 66, 67, 68], [0, 0, 0, 0, 0, 0, 0, 0, 0, 0, 69, 70, 71, 0, 72, 73, 74, 75, 0, 76], [0, 0, -20, 0, 0, 0, 0, 0, 0, 0, 77, 78, 79, 80, 81, 82, 83, 84, 85, 0], [-2, -11, -21, 0, 0, -45, -53, -60, -69, -77, 0, 86, 87, 0, 88, 89, 0, 0, 90, 91], [-3, -12, 0, -29, -37, 0, 0, -61, -70, -78, -86, 0, 0, 92, 93, 0, 94, 95, 96, 97], [-4, -13, -22, -30, -38, -46, -54, -62, -71, -79, -87, 0, 0, 0, 98, 99, 100, 0, 101, 102], [-5, -14, -23, -31, -39, 0, -55, 0, 0, -80, 0, -92, 0, 0, 103, 104, 105, 106, 107, 108], [0, -15, -24, -32, -40, -47, -56, -63, -72, -81, -88, -93, -98, -103, 0, 109, 110, 111, 0, 112], [-6, 0, 0, -33, -41, -48, 0, -64, -73, -82, -89, 0, -99, -104, -109, 0, 113, 0, 114, 0], [-7, -16, -25, -34, -42, -49, -57, -65, -74, -83, 0, -94, -100, -105, -110, -113, 0, 0, 115, 116], [-8, -17, -26, -35, -43, -50, -58, -66, -75, -84, 0, -95, 0, -106, -111, 0, 0, 0, 117, 118], [0, -18, -27, 0, 0, -51, 0, -67, 0, -85, -90, -96, -101, -107, 0, -114, -115, -117, 0, 119], [-9, -19, -28, -36, -44, -52, -59, -68, -76, 0, -91, -97, -102, -108, -112, 0, -116, -118, -119, 0]], [[0, 0, 1, 0, 0, 0, 0, 0, 0, 0, 2, 0, 0, 3, 4, 5, 6, 0, 7, 8], [0, 0, 9, 0, 0, 0, 0, 0, 0, 0, 10, 11, 12, 13, 14, 15, 16, 17, 18, 19], [-1, -9, 0, 0, 0, 0, 0, 0, 0, 0, 20, 21, 22, 23, 0, 24, 25, 0, 0, 26], [0, 0, 0, 0, 0, 0, 0, 27, 0, 0, 28, 29, 30, 31, 32, 33, 0, 34, 35, 36], [0, 0, 0, 0, 0, 0, 0, 0, 0, 0, 37, 38, 39, 40, 41, 42, 43, 44, 45, 46], [0, 0, 0, 0, 0, 0, 0, 0, 0, 0, 47, 48, 49, 0, 50, 0, 51, 52, 53, 54], [0, 0, 0, 0, 0, 0, 0, 0, 0, 55, 56, 57, 58, 59, 60, 61, 62, 63, 64, 65], [0, 0, 0, -27, 0, 0, 0, 0, 0, 0, 66, 67, 68, 69, 70, 71, 72, 73, 74, 75], [0, 0, 0, 0, 0, 0, 0, 0, 0, 0, 0, 76, 77, 78, 79, 0, 80, 81, 82, 0], [0, 0, 0, 0, 0, 0, -55, 0, 0, 0, 83, 84, 85, 0, 0, 86, 87, 0, 0, 88], [-2, -10, -20, -28, -37, -47, -56, -66, 0, -83, 0, 0, 89, 90, 91, 92, 93, 94, 95, 96], [0, -11, -21, -29, -38, -48, -57, -67, -76, -84, 0, 0, 97, 98, 99, 100, 0, 101, 102, 103], [0, -12, -22, -30, -39, -49, -58, -68, -77, -85, -89, -97, 0, 104, 105, 106, 107, 108, 109, 110], [-3, -13, -23, -31, -40, 0, -59, -69, -78, 0, -90, -98, -104, 0, 111, 112, 113, 114, 115, 116], [-4, -14, 0, -32, -41, -50, -60, -70, -79, 0, -91, -99, -105, -111, 0, 117, 118, 119, 120, 121], [-5, -15, -24, -33, -42, 0, -61, -71, 0, -86, -92, -100, -106, -112, -117, 0, 122, 123, 124, 125], [-6, -16, -25, 0, -43, -51, -62, -72, -80, -87, -93, 0, -107, -113, -118, -122, 0, 126, 127, 128], [0, -17, 0, -34, -44, -52, -63, -73, -81, 0, -94, -101, -108, -114, -119, -123, -126, 0, 129, 130], [-7, -18, 0, -35, -45, -53, -64, -74, -82, 0, -95, -102, -109, -115, -120, -124, -127, -129, 0, 131], [-8, -19, -26, -36, -46, -54, -65, -75, 0, -88, -96, -103, -110, -116, -121, -125, -128, -130, -131, 0]], [[0, 0, 1, 0, 2, 0, 0, 3, 0, 0, 4, 0, 5, 6, 7, 8, 0, 0, 9, 10], [0, 0, 0, 0, 0, 0, 0, 0, 0, 0, 0, 11, 12, 13, 14, 15, 0, 0, 16, 17], [-1, 0, 0, 0, 0, 18, 0, 0, 0, 0, 0, 19, 20, 21, 22, 23, 0, 0, 24, 0], [0, 0, 0, 0, 0, 0, 0, 0, 0, 0, 25, 26, 27, 28, 29, 0, 30, 31, 32, 33], [-2, 0, 0, 0, 0, 0, 0, 0, 34, 0, 0, 0, 35, 0, 36, 37, 38, 39, 40, 41], [0, 0, -18, 0, 0, 0, 42, 0, 0, 0, 43, 44, 0, 45, 46, 47, 48, 49, 0, 0], [0, 0, 0, 0, 0, -42, 0, 0, 0, 0, 50, 51, 0, 52, 53, 0, 54, 55, 56, 0], [-3, 0, 0, 0, 0, 0, 0, 0, 0, 0, 57, 58, 59, 60, 61, 0, 62, 0, 63, 0], [0, 0, 0, 0, -34, 0, 0, 0, 0, 0, 0, 64, 65, 0, 66, 67, 68, 69, 70, 0], [0, 0, 0, 0, 0, 0, 0, 0, 0, 0, 71, 72, 73, 74, 75, 76, 77, 78, 79, 80], [-4, 0, 0, -25, 0, -43, -50, -57, 0, -71, 0, 81, 82, 83, 84, 85, 86, 87, 88, 89], [0, -11, -19, -26, 0, -44, -51, -58, -64, -72, -81, 0, 90, 91, 92, 93, 94, 95, 96, 97], [-5, -12, -20, -27, -35, 0, 0, -59, -65, -73, -82, -90, 0, 0, 98, 99, 100, 101, 102, 103], [-6, -13, -21, -28, 0, -45, -52, -60, 0, -74, -83, -91, 0, 0, 104, 105, 106, 107, 108, 109], [-7, -14, -22, -29, -36, -46, -53, -61, -66, -75, -84, -92, -98, -104, 0, 0, 110, 111, 112, 113], [-8, -15, -23, 0, -37, -47, 0, 0, -67, -76, -85, -93, -99, -105, 0, 0, 114, 115, 116, 117], [0, 0, 0, -30, -38, -48, -54, -62, -68, -77, -86, -94, -100, -106, -110, -114, 0, 118, 119, 120], [0, 0, 0, -31, -39, -49, -55, 0, -69, -78, -87, -95, -101, -107, -111, -115, -118, 0, 121, 122], [-9, -16, -24, -32, -40, 0, -56, -63, -70, -79, -88, -96, -102, -108, -112, -116, -119, -121, 0, 123], [-10, -17, 0, -33, -41, 0, 0, 0, 0, -80, -89, -97, -103, -109, -113, -117, -120, -122, -123, 0]], [[0, 0, 0, 0, 0, 0, 0, 0, 0, 0, 0, 1, 0, 2, 3, 4, 0, 5, 6, 7], [0, 0, 0, 0, 0, 8, 0, 0, 0, 0, 9, 10, 11, 0, 12, 13, 14, 15, 16, 17], [0, 0, 0, 0, 0, 0, 0, 0, 0, 0, 18, 0, 19, 20, 0, 21, 22, 23, 24, 25], [0, 0, 0, 0, 0, 0, 0, 0, 0, 26, 27, 28, 29, 30, 31, 0, 0, 32, 33, 34], [0, 0, 0, 0, 0, 0, 0, 0, 0, 0, 35, 36, 37, 0, 38, 39, 40, 41, 42, 43], [0, -8, 0, 0, 0, 0, 0, 0, 44, 0, 45, 46, 47, 48, 49, 50, 51, 0, 52, 53], [0, 0, 0, 0, 0, 0, 0, 54, 0, 0, 0, 55, 0, 56, 0, 0, 0, 57, 0, 0], [0, 0, 0, 0, 0, 0, -54, 0, 0, 0, 58, 59, 60, 61, 0, 62, 63, 64, 65, 0], [0, 0, 0, 0, 0, -44, 0, 0, 0, 66, 67, 68, 69, 70, 71, 72, 73, 74, 75, 76], [0, 0, 0, -26, 0, 0, 0, 0, -66, 0, 77, 78, 79, 80, 81, 82, 83, 84, 0, 85], [0, -9, -18, -27, -35, -45, 0, -58, -67, -77, 0, 86, 87, 88, 89, 90, 91, 92, 93, 94], [-1, -10, 0, -28, -36, -46, -55, -59, -68, -78, -86, 0, 95, 96, 0, 0, 97, 98, 99, 100], [0, -11, -19, -29, -37, -47, 0, -60, -69, -79, -87