[[[0, 0, 0, 0, 0, 0, 0, 0, 0, 0, 0, 0, 0, 0, 0, 0, 0, 0, 0, 1, 2, 3, 0, 0, 4, 5, 6, 7, 0, 8, 0, 9, 10, 11, 12, 13, 14, 15], [0, 0, 0, 0, 16, 0, 0, 0, 0, 0, 0, 0, 17, 0, 0, 0, 0, 0, 0, 18, 0, 19, 20, 21, 22, 23, 24, 25, 26, 27, 28, 0, 29, 30, 0, 31, 32, 0], [0, 0, 0, 0, 0, 0, 0, 0, 0, 0, 0, 0, 33, 34, 0, 0, 0, 0, 35, 36, 37, 38, 39, 40, 41, 0, 42, 43, 44, 45, 0, 46, 47, 48, 49, 0, 50, 51], [0, 0, 0, 0, 0, 52, 0, 53, 0, 0, 0, 0, 0, 0, 54, 0, 0, 0, 0, 55, 56, 57, 58, 59, 60, 61, 62, 63, 64, 65, 66, 67, 68, 69, 0, 70, 0, 71], [0, -16, 0, 0, 0, 0, 0, 0, 0, 0, 0, 72, 0, 0, 0, 0, 0, 0, 0, 0, 73, 74, 75, 76, 77, 78, 0, 79, 80, 81, 82, 83, 0, 84, 85, 86, 87, 88], [0, 0, 0, -52, 0, 0, 0, 0, 0, 0, 0, 0, 0, 0, 0, 89, 0, 0, 0, 0, 90, 91, 92, 93, 0, 94, 95, 96, 97, 98, 99, 100, 101, 102, 103, 104, 0, 105], [0, 0, 0, 0, 0, 0, 0, 0, 0, 0, 106, 0, 0, 0, 0, 0, 0, 0, 0, 107, 108, 109, 110, 111, 112, 113, 114, 115, 116, 0, 0, 0, 0, 117, 118, 119, 120, 121], [0, 0, 0, -53, 0, 0, 0, 0, 0, 122, 0, 0, 0, 123, 0, 0, 0, 0, 0, 124, 0, 125, 126, 127, 128, 0, 129, 130, 131, 0, 132, 133, 134, 135, 0, 136, 137, 138], [0, 0, 0, 0, 0, 0, 0, 0, 0, 0, 0, 139, 0, 0, 0, 0, 0, 0, 0, 140, 141, 0, 0, 142, 0, 143, 144, 145, 146, 147, 148, 0, 149, 150, 151, 152, 153, 0], [0, 0, 0, 0, 0, 0, 0, -122, 0, 0, 0, 0, 0, 0, 0, 154, 0, 0, 0, 0, 0, 155, 156, 157, 158, 159, 160, 161, 162, 163, 164, 165, 166, 167, 0, 0, 168, 169], [0, 0, 0, 0, 0, 0, -106, 0, 0, 0, 0, 0, 0, 0, 0, 170, 0, 0, 0, 171, 172, 173, 174, 0, 175, 176, 177, 0, 178, 179, 180, 0, 181, 182, 183, 184, 185, 186], [0, 0, 0, 0, -72, 0, 0, 0, -139, 0, 0, 0, 0, 0, 0, 0, 0, 0, 0, 187, 0, 0, 188, 189, 190, 191, 0, 192, 193, 194, 0, 195, 196, 197, 198, 0, 199, 200], [0, -17, -33, 0, 0, 0, 0, 0, 0, 0, 0, 0, 0, 0, 0, 0, 0, 0, 0, 201, 202, 203, 204, 205, 206, 207, 208, 209, 0, 210, 211, 212, 213, 0, 214, 215, 216, 217], [0, 0, -34, 0, 0, 0, 0, -123, 0, 0, 0, 0, 0, 0, 0, 218, 0, 0, 0, 219, 0, 220, 0, 221, 0, 222, 223, 224, 225, 0, 0, 226, 227, 228, 229, 230, 231, 232], [0, 0, 0, -54, 0, 0, 0, 0, 0, 0, 0, 0, 0, 0, 0, 0, 0, 0, 0, 233, 0, 234, 235, 236, 237, 238, 0, 239, 0, 240, 241, 242, 243, 244, 245, 0, 246, 247], [0, 0, 0, 0, 0, -89, 0, 0, 0, -154, -170, 0, 0, -218, 0, 0, 0, 0, 0, 0, 0, 0, 0, 248, 0, 249, 250, 251, 0, 0, 0, 0, 252, 0, 0, 0, 0, 253], [0, 0, 0, 0, 0, 0, 0, 0, 0, 0, 0, 0, 0, 0, 0, 0, 0, 0, 0, 254, 255, 256, 257, 258, 259, 260, 261, 0, 262, 263, 0, 264, 265, 266, 267, 268, 269, 270], [0, 0, 0, 0, 0, 0, 0, 0, 0, 0, 0, 0, 0, 0, 0, 0, 0, 0, 0, 271, 272, 0, 273, 0, 274, 275, 276, 277, 278, 0, 0, 0, 279, 280, 281, 282, 283, 284], [0, 0, -35, 0, 0, 0, 0, 0, 0, 0, 0, 0, 0, 0, 0, 0, 0, 0, 0, 285, 286, 287, 288, 289, 290, 291, 292, 293, 294, 295, 296, 297, 298, 299, 300, 301, 302, 0], [-1, -18, -36, -55, 0, 0, -107, -124, -140, 0, -171, -187, -201, -219, -233, 0, -254, -271, -285, 0, 303, 304, 305, 0, 0, 306, 307, 0, 0, 308, 309, 0, 310, 311, 0, 312, 313, 314], [-2, 0, -37, -56, -73, -90, -108, 0, -141, 0, -172, 0, -202, 0, 0, 0, -255, -272, -286, -303, 0, 315, 316, 317, 318, 319, 320, 321, 322, 323, 324, 325, 326, 327, 328, 0, 329, 330], [-3, -19, -38, -57, -74, -91, -109, -125, 0, -155, -173, 0, -203, -220, -234, 0, -256, 0, -287, -304, -315, 0, 0, 0, 331, 332, 333, 0, 334, 335, 336, 337, 338, 339, 340, 0, 341, 342], [0, -20, -39, -58, -75, -92, -110, -126, 0, -156, -174, -188, -204, 0, -235, 0, -257, -273, -288, -305, -316, 0, 0, 343, 0, 344, 345, 346, 347, 0, 348, 349, 350, 351, 352, 353, 354, 355], [0, -21, -40, -59, -76, -93, -111, -127, -142, -157, 0, -189, -205, -221, -236, -248, -258, 0, -289, 0, -317, 0, -343, 0, 356, 357, 0, 0, 358, 359, 360, 361, 362, 0, 363, 364, 365, 366], [-4, -22, -41, -60, -77, 0, -112, -128, 0, -158, -175, -190, -206, 0, -237, 0, -259, -274, -290, 0, -318, -331, 0, -356, 0, 367, 368, 0, 369, 0, 370, 0, 371, 372, 373, 0, 374, 375], [-5, -23, 0, -61, -78, -94, -113, 0, -143, -159, -176, -191, -207, -222, -238, -249, -260, -275, -291, -306, -319, -332, -344, -357, -367, 0, 376, 377, 378, 379, 380, 381, 382, 383, 384, 385, 386, 387], [-6, -24, -42, -62, 0, -95, -114, -129, -144, -160, -177, 0, -208, -223, 0, -250, -261, -276, -292, -307, -320, -333, -345, 0, -368, -376, 0, 0, 388, 389, 390, 391, 392, 393, 394, 0, 0, 395], [-7, -25, -43, -63, -79, -96, -115, -130, -145, -161, 0, -192, -209, -224, -239, -251, 0, -277, -293, 0, -321, 0, -346, 0, 0, -377, 0, 0, 396, 397, 398, 399, 400, 401, 402, 403, 404, 0], [0, -26, -44, -64, -80, -97, -116, -131, -146, -162, -178, -193, 0, -225, 0, 0, -262, -278, -294, 0, -322, -334, -347, -358, -369, -378, -388, -396, 0, 405, 406, 407, 408, 409, 410, 411, 412, 413], [-8, -27, -45, -65, -81, -98, 0, 0, -147, -163, -179, -194, -210, 0, -240, 0, -263, 0, -295, -308, -323, -335, 0, -359, 0, -379, -389, -397, -405, 0, 414, 0, 415, 416, 417, 418, 419, 420], [0, -28, 0, -66, -82, -99, 0, -132, -148, -164, -180, 0, -211, 0, -241, 0, 0, 0, -296, -309, -324, -336, -348, -360, -370, -380, -390, -398, -406, -414, 0, 421, 422, 423, 424, 425, 426, 427], [-9, 0, -46, -67, -83, -100, 0, -133, 0, -165, 0, -195, -212, -226, -242, 0, -264, 0, -297, 0, -325, -337, -349, -361, 0, -381, -391, -399, -407, 0, -421, 0, 428, 429, 430, 431, 432, 0], [-10, -29, -47, -68, 0, -101, 0, -134, -149, -166, -181, -196, -213, -227, -243, -252, -265, -279, -298, -310, -326, -338, -350, -362, -371, -382, -392, -400, -408, -415, -422, -428, 0, 433, 434, 435, 436, 437], [-11, -30, -48, -69, -84, -102, -117, -135, -150, -167, -182, -197, 0, -228, -244, 0, -266, -280, -299, -311, -327, -339, -351, 0, -372, -383, -393, -401, -409, -416, -423, -429, -433, 0, 0, 438, 439, 440], [-12, 0, -49, 0, -85, -103, -118, 0, -151, 0, -183, -198, -214, -229, -245, 0, -267, -281, -300, 0, -328, -340, -352, -363, -373, -384, -394, -402, -410, -417, -424, -430, -434, 0, 0, 441, 442, 443], [-13, -31, 0, -70, -86, -104, -119, -136, -152, 0, -184, 0, -215, -230, 0, 0, -268, -282, -301, -312, 0, 0, -353, -364, 0, -385, 0, -403, -411, -418, -425, -431, -435, -438, -441, 0, 444, 445], [-14, -32, -50, 0, -87, 0, -120, -137, -153, -168, -185, -199, -216, -231, -246, 0, -269, -283, -302, -313, -329, -341, -354, -365, -374, -386, 0, -404, -412, -419, -426, -432, -436, -439, -442, -444, 0, 0], [-15, 0, -51, -71, -88, -105, -121, -138, 0, -169, -186, -200, -217, -232, -247, -253, -270, -284, 0, -314, -330, -342, -355, -366, -375, -387, -395, 0, -413, -420, -427, 0, -437, -440, -443, -445, 0, 0]], [[0, 0, 0, 0, 0, 0, 0, 0, 0, 0, 1, 0, 0, 0, 0, 0, 0, 0, 2, 3, 4, 5, 6, 7, 8, 0, 9, 10, 11, 12, 13, 14, 0, 15, 0, 0, 0, 0], [0, 0, 0, 0, 0, 0, 0, 16, 0, 0, 0, 0, 0, 0, 0, 0, 0, 0, 0, 17, 0, 0, 18, 0, 0, 19, 20, 0, 21, 22, 23, 24, 0, 25, 0, 26, 27, 28], [0, 0, 0, 0, 0, 0, 0, 0, 0, 0, 0, 29, 0, 0, 0, 0, 0, 0, 0, 0, 30, 0, 31, 32, 0, 33, 0, 34, 35, 0, 36, 37, 38, 39, 40, 41, 42, 43], [0, 0, 0, 0, 0, 0, 0, 0, 0, 0, 0, 0, 0, 0, 0, 0, 0, 0, 0, 44, 45, 46, 47, 0, 48, 0, 49, 0, 50, 0, 0, 51, 52, 53, 54, 55, 56, 57], [0, 0, 0, 0, 0, 0, 0, 0, 0, 0, 0, 0, 0, 0, 0, 0, 0, 58, 0, 0, 59, 60, 61, 0, 62, 63, 0, 0, 64, 65, 66, 67, 68, 69, 0, 70, 0, 71], [0, 0, 0, 0, 0, 0, 0, 0, 0, 0, 0, 0, 0, 0, 0, 0, 72, 0, 0, 0, 0, 0, 0, 73, 74, 75, 76, 0, 77, 78, 79, 80, 81, 82, 83, 84, 0, 85], [0, 0, 0, 0, 0, 0, 0, 0, 0, 86, 0, 0, 0, 0, 0, 87, 0, 0, 0, 0, 88, 89, 90, 91, 92, 0, 93, 0, 0, 0, 0, 94, 0, 95, 96, 97, 98, 99], [0, -16, 0, 0, 0, 0, 0, 0, 0, 0, 0, 0, 0, 0, 0, 0, 0, 0, 0, 100, 101, 102, 103, 104, 105, 106, 107, 108, 109, 110, 111, 0, 112, 113, 0, 114, 115, 116], [0, 0, 0, 0, 0, 0, 0, 0, 0, 117, 0, 0, 0, 0, 0, 0, 0, 0, 0, 0, 118, 119, 120, 121, 0, 122, 123, 124, 125, 126, 0, 127, 128, 129, 130, 131, 0, 0], [0, 0, 0, 0, 0, 0, -86, 0, -117, 0, 0, 0, 0, 0, 0, 0, 0, 0, 0, 0, 132, 133, 134, 135, 136, 137, 0, 138, 0, 139, 140, 0, 141, 142, 143, 144, 145, 146], [-1, 0, 0, 0, 0, 0, 0, 0, 0, 0, 0, 0, 0, 0, 0, 0, 0, 147, 0, 148, 149, 150, 151, 152, 153, 154, 0, 0, 155, 156, 0, 157, 158, 159, 160, 161, 162, 163], [0, 0, -29, 0, 0, 0, 0, 0, 0, 0, 0, 0, 0, 0, 0, 0, 0, 0, 0, 0, 164, 165, 166, 167, 168, 0, 169, 170, 171, 172, 173, 174, 175, 0, 176, 0, 177, 178], [0, 0, 0, 0, 0, 0, 0, 0, 0, 0, 0, 0, 0, 0, 0, 179, 0, 0, 0, 180, 181, 0, 182, 183, 184, 185, 186, 0, 187, 188, 189, 190, 0, 191, 192, 193, 194, 195], [0, 0, 0, 0, 0, 0, 0, 0, 0, 0, 0, 0, 0, 0, 0, 196, 0, 0, 0, 197, 198, 199, 200, 201, 202, 203, 204, 205, 206, 0, 207, 208, 0, 209, 210, 211, 212, 213], [0, 0, 0, 0, 0, 0, 0, 0, 0, 0, 0, 0, 0, 0, 0, 0, 0, 0, 0, 0, 0, 0, 214, 215, 0, 216, 217, 218, 0, 219, 220, 221, 222, 0, 223, 224, 225, 226], [0, 0, 0, 0, 0, 0, -87, 0, 0, 0, 0, 0, -179, -196, 0, 0, 0, 0, 0, 227, 228, 229, 230, 0, 231, 232, 0, 233, 234, 235, 236, 237, 0, 238, 239, 240, 0, 0], [0, 0, 0, 0, 0, -72, 0, 0, 0, 0, 0, 0, 0, 0, 0, 0, 0, 0, 0, 241, 242, 243, 244, 245, 246, 0, 247, 248, 0, 0, 249, 250, 251, 252, 253, 0, 254, 255], [0, 0, 0, 0, -58, 0, 0, 0, 0, 0, -147, 0, 0, 0, 0, 0, 0, 0, 0, 256, 0, 257, 258, 259, 260, 261, 262, 263, 264, 265, 266, 267, 268, 269, 270, 271, 272, 273], [-2, 0, 0, 0, 0, 0, 0, 0, 0, 0, 0, 0, 0, 0, 0, 0, 0, 0, 0, 274, 0, 275, 276, 0, 0, 277, 0, 278, 279, 0, 0, 280, 0, 281, 282, 0, 283, 284], [-3, -17, 0, -44, 0, 0, 0, -100, 0, 0, -148, 0, -180, -197, 0, -227, -241, -256, -274, 0, 285, 0, 286, 0, 287, 288, 0, 289, 290, 291, 292, 0, 293, 294, 0, 295, 296, 297], [-4, 0, -30, -45, -59, 0, -88, -101, -118, -132, -149, -164, -181, -198, 0, -228, -242, 0, 0, -285, 0, 298, 299, 300, 0, 301, 302, 0, 303, 304, 0, 305, 0, 306, 307, 308, 309, 310], [-5, 0, 0, -46, -60, 0, -89, -102, -119, -133, -150, -165, 0, -199, 0, -229, -243, -257, -275, 0, -298, 0, 311, 312, 0, 313, 314, 315, 316, 317, 0, 0, 318, 319, 0, 320, 0, 321], [-6, -18, -31, -47, -61, 0, -90, -103, -120, -134, -151, -166, -182, -200, -214, -230, -244, -258, -276, -286, -299, -311, 0, 322, 323, 324, 325, 326, 327, 328, 329, 0, 330, 331, 332, 333, 334, 335], [-7, 0, -32, 0, 0, -73, -91, -104, -121, -135, -152, -167, -183, -201, -215, 0, -245, -259, 0, 0, -300, -312, -322, 0, 336, 337, 0, 338, 0, 339, 340, 341, 342, 343, 344, 345, 0, 346], [-8, 0, 0, -48, -62, -74, -92, -105, 0, -136, -153, -168, -184, -202, 0, -231, -246, -260, 0, -287, 0, 0, -323, -336, 0, 347, 348, 349, 350, 351, 352, 353, 0, 0, 0, 354, 0, 355], [0, -19, -33, 0, -63, -75, 0, -106, -122, -137, -154, 0, -185, -203, -216, -232, 0, -261, -277, -288, -301, -313, -324, -337, -347, 0, 356, 357, 358, 359, 0, 360, 361, 0, 362, 363, 364, 365], [-9, -20, 0, -49, 0, -76, -93, -107, -123, 0, 0, -169, -186, -204, -217, 0, -247, -262, 0, 0, -302, -314, -325, 0, -348, -356, 0, 366, 367, 0, 0, 368, 369, 370, 371, 0, 372, 0], [-10, 0, -34, 0, 0, 0, 0, -108, -124, -138, 0, -170, 0, -205, -218, -233, -248, -263, -278, -289, 0, -315, -326, -338, -349, -357, -366, 0, 0, 0, 373, 374, 375, 376, 377, 378, 379, 380], [-11, -21, -35, -50, -64, -77, 0, -109, -125, 0, -155, -171, -187, -206, 0, -234, 0, -264, -279, -290, -303, -316, -327, 0, -350, -358, -367, 0, 0, 381, 382, 383, 0, 384, 0, 385, 0, 0], [-12, -22, 0, 0, -65, -78, 0, -110, -126, -139, -156, -172, -188, 0, -219, -235, 0, -265, 0, -291, -304, -317, -328, -339, -351, -359, 0, 0, -381, 0, 386, 387, 388, 389, 0, 390, 0, 391], [-13, -23, -36, 0, -66, -79, 0, -111, 0, -140, 0, -173, -189, -207, -220, -236, -249, -266, 0, -292, 0, 0, -329, -340, -352, 0, 0, -373, -382, -386, 0, 392, 393, 394, 395, 396, 397, 0], [-14, -24, -37, -51, -67, -80, -94, 0, -127, 0, -157, -174, -190, -208, -221, -237, -250, -267, -280, 0, -305, 0, 0, -341, -353, -360, -368, -374, -383, -387, -392, 0, 398, 399, 0, 0, 0, 400], [0, 0, -38, -52, -68, -81, 0, -112, -128, -141, -158, -175, 0, 0, -222, 0, -251, -268, 0, -293, 0, -318, -330, -342, 0, -361, -369, -375, 0, -388, -393, -398, 0, 401, 402, 403, 0, 404], [-15, -25, -39, -53, -69, -82, -95, -113, -129, -142, -159, 0, -191, -209, 0, -238, -252, -269, -281, -294, -306, -319, -331, -343, 0, 0, -370, -376, -384, -389, -394, -399, -401, 0, 405, 406, 407, 408], [0, 0, -40, -54, 0, -83, -96, 0, -130, -143, -160, -176, -192, -210, -223, -239, -253, -270, -282, 0, -307, 0, -332, -344, 0, -362, -371, -377, 0, 0, -395, 0, -402, -405, 0, 409, 410, 411], [0, -26, -41, -55, -70, -84, -97, -114, -131, -144, -161, 0, -193, -211, -224, -240, 0, -271, 0, -295, -308, -320, -333, -345, -354, -363, 0, -378, -385, -390, -396, 0, -403, -406, -409, 0, 412, 0], [0, -27, -42, -56, 0, 0, -98, -115, 0, -145, -162, -177, -194, -212, -225, 0, -254, -272, -283, -296, -309, 0, -334, 0, 0, -364, -372, -379, 0, 0, -397, 0, 0, -407, -410, -412, 0, 413], [0, -28, -43, -57, -71, -85, -99, -116, 0, -146, -163, -178, -195, -213, -226, 0, -255, -273, -284, -297, -310, -321, -335, -346, -355, -365, 0, -380, 0, -391, 0, -400, -404, -408, -411, 0, -413, 0]], [[0, 0, 0, 0, 0, 1, 0, 0, 0, 0, 0, 0, 0, 0, 0, 0, 0, 0, 0, 2, 0, 0, 3, 0, 4, 5, 0, 6, 7, 8, 9, 10, 11, 12, 13, 0, 14, 15], [0, 0, 0, 0, 0, 0, 16, 0, 0, 0, 0, 0, 0, 0, 0, 0, 0, 0, 0, 0, 17, 18, 19, 20, 21, 22, 23, 24, 25, 26, 27, 0, 28, 0, 29, 30, 0, 31], [0, 0, 0, 0, 0, 0, 0, 0, 0, 0, 0, 0, 0, 0, 32, 0, 33, 0, 0, 34, 35, 0, 36, 37, 38, 39, 40, 41, 0, 42, 43, 44, 45, 46, 47, 48, 49, 0], [0, 0, 0, 0, 0, 0, 0, 0, 0, 0, 0, 0, 0, 0, 50, 0, 0, 0, 0, 51, 52, 53, 0, 0, 54, 55, 0, 0, 0, 56, 57, 58, 59, 60, 61, 62, 0, 0], [0, 0, 0, 0, 0, 0, 0, 0, 0, 0, 0, 0, 63, 0, 0, 0, 0, 0, 0, 0, 0, 0, 64, 65, 66, 0, 0, 67, 0, 68, 69, 70, 0, 71, 0, 72, 73, 74], [-1, 0, 0, 0, 0, 0, 0, 0, 0, 0, 0, 0, 0, 0, 0, 0, 0, 0, 0, 75, 76, 77, 78, 79, 80, 81, 82, 83, 0, 0, 84, 85, 86, 87, 0, 88, 0, 89], [0, -16, 0, 0, 0, 0, 0, 0, 0, 0, 0, 0, 90, 0, 0, 0, 91, 0, 0, 92, 93, 94, 95, 96, 97, 98, 0, 0, 99, 100, 0, 101, 0, 102, 103, 0, 104, 105], [0, 0, 0, 0, 0, 0, 0, 0, 0, 0, 0, 0, 0, 0, 106, 0, 0, 0, 107, 0, 108, 109, 110, 111, 112, 0, 113, 114, 0, 115, 116, 0, 117, 0, 118, 119, 120, 0], [0, 0, 0, 0, 0, 0, 0, 0, 0, 121, 0, 0, 0, 0, 0, 0, 0, 122, 0, 123, 124, 125, 126, 127, 0, 128, 129, 130, 131, 132, 133, 134, 135, 136, 137, 138, 139, 0], [0, 0, 0, 0, 0, 0, 0, 0, -121, 0, 0, 0, 0, 0, 0, 0, 0, 0, 0, 140, 141, 0, 0, 142, 143, 144, 145, 146, 0, 147, 0, 148, 149, 150, 0, 151, 0, 152], [0, 0, 0, 0, 0, 0, 0, 0, 0, 0, 0, 0, 0, 0, 0, 0, 0, 0, 0, 153, 0, 0, 154, 0, 155, 0, 0, 156, 157, 158, 159, 0, 160, 161, 0, 0, 0, 162], [0, 0, 0, 0, 0, 0, 0, 0, 0, 0, 0, 0, 0, 0, 0, 0, 0, 0, 0, 163, 0, 164, 165, 166, 167, 168, 169, 0, 170, 171, 172, 173, 174, 0, 175, 176, 177, 178], [0, 0, 0, 0, -63, 0, -90, 0, 0, 0, 0, 0, 0, 0, 0, 0, 0, 0, 0, 179, 180, 0, 181, 0, 182, 0, 183, 184, 185, 0, 0, 0, 186, 187, 188, 189, 190, 0], [0, 0, 0, 0, 0, 0, 0, 0, 0, 0, 0, 0, 0, 0, 191, 0, 0, 0, 0, 0, 192, 193, 194, 195, 196, 197, 198, 199, 200, 201, 202, 203, 204, 205, 206, 207, 208, 209], [0, 0, -32, -50, 0, 0, 0, -106, 0, 0, 0, 0, 0, -191, 0, 0, 0, 0, 0, 210, 211, 212, 213, 214, 215, 216, 217, 218, 0, 219, 220, 221, 222, 223, 224, 225, 226, 227], [0, 0, 0, 0, 0, 0, 0, 0, 0, 0, 0, 0, 0, 0, 0, 0, 0, 0, 0, 228, 229, 230, 231, 232, 233, 234, 235, 236, 237, 238, 0, 239, 240, 241, 242, 243, 244, 245], [0, 0, -33, 0, 0, 0, -91, 0, 0, 0, 0, 0, 0, 0, 0, 0, 0, 0, 0, 0, 0, 246, 247, 248, 249, 250, 251, 252, 0, 253, 254, 0, 255, 256, 257, 258, 259, 260], [0, 0, 0, 0, 0, 0, 0, 0, -122, 0, 0, 0, 0, 0, 0, 0, 0, 0, 0, 261, 262, 263, 264, 265, 266, 267, 268, 269, 270, 271, 272, 273, 274, 275, 276, 277, 278, 279], [0, 0, 0, 0, 0, 0, 0, -107, 0, 0, 0, 0, 0, 0, 0, 0, 0, 0, 0, 280, 281, 282, 283, 284, 285, 0, 286, 287, 288, 289, 290, 291, 0, 292, 293, 294, 295, 296], [-2, 0, -34, -51, 0, -75, -92, 0, -123, -140, -153, -163, -179, 0, -210, -228, 0, -261, -280, 0, 0, 0, 297, 298, 299, 300, 301, 0, 302, 303, 0, 304, 305, 306, 0, 0, 307, 308], [0, -17, -35, -52, 0, -76, -93, -108, -124, -141, 0, 0, -180, -192, -211, -229, 0, -262, -281, 0, 0, 309, 0, 0, 310, 311, 312, 0, 0, 313, 314, 0, 315, 316, 0, 317, 318, 319], [0, -18, 0, -53, 0, -77, -94, -109, -125, 0, 0, -164, 0, -193, -212, -230, -246, -263, -282, 0, -309, 0, 320, 321, 0, 322, 323, 324, 0, 325, 0, 326, 0, 327, 328, 0, 329, 330], [-3, -19, -36, 0, -64, -78, -95, -110, -126, 0, -154, -165, -181, -194, -213, -231, -247, -264, -283, -297, 0, -320, 0, 331, 332, 333, 0, 0, 0, 334, 0, 335, 336, 337, 338, 339, 340, 341], [0, -20, -37, 0, -65, -79, -96, -111, -127, -142, 0, -166, 0, -195, -214, -232, -248, -265, -284, -298, 0, -321, -331, 0, 342, 343, 0, 344, 0, 345, 346, 347, 348, 349, 350, 351, 352, 0], [-4, -21, -38, -54, -66, -80, -97, -112, 0, -143, -155, -167, -182, -196, -215, -233, -249, -266, -285, -299, -310, 0, -332, -342, 0, 353, 354, 355, 0, 356, 357, 358, 359, 360, 361, 362, 363, 364], [-5, -22, -39, -55, 0, -81, -98, 0, -128, -144, 0, -168, 0, -197, -216, -234, -250, -267, 0, -300, -311, -322, -333, -343, -353, 0, 365, 0, 366, 367, 368, 369, 0, 370, 371, 372, 373, 374], [0, -23, -40, 0, 0, -82, 0, -113, -129, -145, 0, -169, -183, -198, -217, -235, -251, -268, -286, -301, -312, -323, 0, 0, -354, -365, 0, 0, 375, 376, 377, 378, 379, 0, 380, 381, 382, 383], [-6, -24, -41, 0, -67, -83, 0, -114, -130, -146, -156, 0, -184, -199, -218, -236, -252, -269, -287, 0, 0, -324, 0, -344, -355, 0, 0, 0, 384, 385, 386, 387, 388, 0, 389, 390, 391, 392], [-7, -25, 0, 0, 0, 0, -99, 0, -131, 0, -157, -170, -185, -200, 0, -237, 0, -270, -288, -302, 0, 0, 0, 0, 0, -366, -375, -384, 0, 393, 394, 0, 395, 396, 397, 398, 399, 400], [-8, -26, -42, -56, -68, 0, -100, -115, -132, -147, -158, -171, 0, -201, -219, -238, -253, -271, -289, -303, -313, -325, -334, -345, -356, -367, -376, -385, -393, 0, 0, 401, 402, 0, 403, 404, 405, 406], [-9, -27, -43, -57, -69, -84, 0, -116, -133, 0, -159, -172, 0, -202, -220, 0, -254, -272, -290, 0, -314, 0, 0, -346, -357, -368, -377, -386, -394, 0, 0, 407, 0, 408, 409, 410, 411, 412], [-10, 0, -44, -58, -70, -85, -101, 0, -134, -148, 0, -173, 0, -203, -221, -239, 0, -273, -291, -304, 0, -326, -335, -347, -358, -369, -378, -387, 0, -401, -407, 0, 413, 414, 415, 416, 417, 0], [-11, -28, -45, -59, 0, -86, 0, -117, -135, -149, -160, -174, -186, -204, -222, -240, -255, -274, 0, -305, -315, 0, -336, -348, -359, 0, -379, -388, -395, -402, 0, -413, 0, 418, 419, 0, 0, 420], [-12, 0, -46, -60, -71, -87, -102, 0, -136, -150, -161, 0, -187, -205, -223, -241, -256, -275, -292, -306, -316, -327, -337, -349, -360, -370, 0, 0, -396, 0, -408, -414, -418, 0, 421, 422, 423, 424], [-13, -29, -47, -61, 0, 0, -103, -118, -137, 0, 0, -175, -188, -206, -224, -242, -257, -276, -293, 0, 0, -328, -338, -350, -361, -371, -380, -389, -397, -403, -409, -415, -419, -421, 0, 425, 426, 0], [0, -30, -48, -62, -72, -88, 0, -119, -138, -151, 0, -176, -189, -207, -225, -243, -258, -277, -294, 0, -317, 0, -339, -351, -362, -372, -381, -390, -398, -404, -410, -416, 0, -422, -425, 0, 427, 428], [-14, 0, -49, 0, -73, 0, -104, -120, -139, 0, 0, -177, -190, -208, -226, -244, -259, -278, -295, -307, -318, -329, -340, -352, -363, -373, -382, -391, -399, -405, -411, -417, 0, -423, -426, -427, 0, 429], [-15, -31, 0, 0, -74, -89, -105, 0, 0, -152, -162, -178, 0, -209, -227, -245, -260, -279, -296, -308, -319, -330, -341, 0, -364, -374, -383, -392, -400, -406, -412, 0, -420, -424, 0, -428, -429, 0]], [[0, 0, 0, 1, 0, 0, 0, 0, 0, 0, 0, 0, 0, 0, 0, 0, 0, 0, 0, 2, 3, 4, 0, 5, 6, 7, 8, 9, 10, 11, 12, 13, 14, 0, 0, 15, 0, 16], [0, 0, 17, 0, 0, 0, 0, 0, 0, 0, 0, 0, 0, 0, 0, 0, 0, 0, 0, 0, 18, 19, 20, 21, 0, 22, 23, 24, 25, 26, 27, 0, 28, 29, 30, 31, 32, 33], [0, -17, 0, 0, 0, 0, 0, 0, 0, 0, 34, 0, 0, 0, 0, 0, 0, 0, 0, 35, 36, 37, 38, 39, 40, 41, 42, 43, 0, 44, 45, 46, 47, 48, 49, 50, 51, 52], [-1, 0, 0, 0, 0, 0, 0, 53, 0, 0, 54, 0, 0, 0, 0, 0, 0, 0, 0, 55, 56, 57, 0, 58, 59, 60, 0, 0, 61, 62, 63, 64, 65, 66, 67, 68, 69, 70], [0, 0, 0, 0, 0, 71, 0, 0, 0, 0, 0, 0, 0, 72, 0, 0, 0, 0, 0, 0, 0, 73, 74, 75, 76, 0, 77, 78, 79, 80, 0, 81, 82, 83, 0, 84, 85, 86], [0, 0, 0, 0, -71, 0, 0, 87, 0, 0, 0, 0, 0, 0, 0, 0, 0, 0, 0, 88, 89, 0, 90, 91, 92, 0, 93, 94, 95, 96, 97, 98, 99, 100, 0, 101, 0, 0], [0, 0, 0, 0, 0, 0, 0, 0, 102, 0, 0, 103, 0, 0, 0, 0, 0, 0, 0, 0, 0, 104, 105, 106, 107, 108, 109, 110, 111, 0, 112, 113, 114, 115, 116, 0, 117, 118], [0, 0, 0, -53, 0, -87, 0, 0, 0, 119, 0, 0, 0, 0, 0, 0, 0, 0, 0, 120, 121, 0, 0, 0, 122, 123, 124, 0, 125, 126, 127, 128, 129, 130, 0, 131, 132, 133], [0, 0, 0, 0, 0, 0, -102, 0, 0, 0, 0, 134, 0, 0, 135, 0, 0, 0, 136, 137, 138, 139, 140, 141, 142, 143, 144, 145, 0, 146, 147, 148, 149, 150, 151, 152, 153, 154], [0, 0, 0, 0, 0, 0, 0, -119, 0, 0, 0, 0, 0, 0, 0, 0, 0, 0, 0, 155, 156, 157, 0, 158, 159, 160, 161, 162, 163, 164, 165, 166, 167, 168, 169, 170, 171, 0], [0, 0, -34, -54, 0, 0, 0, 0, 0, 0, 0, 0, 0, 0, 0, 0, 172, 0, 0, 173, 0, 174, 175, 176, 0, 0, 177, 178, 179, 180, 181, 182, 183, 184, 185, 0, 186, 187], [0, 0, 0, 0, 0, 0, -103, 0, -134, 0, 0, 0, 0, 188, 0, 0, 0, 0, 0, 189, 190, 0, 191, 192, 193, 194, 195, 196, 197, 198, 0, 199, 200, 201, 202, 203, 0, 204], [0, 0, 0, 0, 0, 0, 0, 0, 0, 0, 0, 0, 0, 0, 0, 0, 0, 0, 205, 206, 207, 208, 209, 210, 0, 211, 212, 213, 214, 215, 0, 216, 0, 0, 0, 217, 218, 219], [0, 0, 0, 0, -72, 0, 0, 0, 0, 0, 0, -188, 0, 0, 0, 0, 0, 220, 0, 221, 0, 0, 0, 0, 222, 223, 224, 225, 226, 227, 228, 229, 0, 230, 231, 232, 233, 234], [0, 0, 0, 0, 0, 0, 0, 0, -135, 0, 0, 0, 0, 0, 0, 0, 0, 0, 0, 235, 236, 237, 238, 239, 240, 241, 242, 243, 244, 245, 246, 247, 248, 249, 250, 251, 252, 253], [0, 0, 0, 0, 0, 0, 0, 0, 0, 0, 0, 0, 0, 0, 0, 0, 0, 0, 0, 254, 255, 256, 257, 258, 259, 260, 261, 0, 262, 263, 264, 0, 265, 0, 266, 267, 268, 0], [0, 0, 0, 0, 0, 0, 0, 0, 0, 0, -172, 0, 0, 0, 0, 0, 0, 0, 269, 270, 271, 272, 273, 0, 274, 275, 0, 276, 277, 278, 279, 280, 0, 281, 282, 283, 284, 0], [0, 0, 0, 0, 0, 0, 0, 0, 0, 0, 0, 0, 0, -220, 0, 0, 0, 0, 0, 285, 286, 287, 0, 288, 289, 290, 0, 291, 292, 293, 294, 295, 296, 297, 0, 298, 0, 299], [0, 0, 0, 0, 0, 0, 0, 0, -136, 0, 0, 0, -205, 0, 0, 0, -269, 0, 0, 300, 301, 0, 302, 303, 304, 0, 305, 306, 307, 308, 309, 310, 311, 312, 313, 314, 315, 316], [-2, 0, -35, -55, 0, -88, 0, -120, -137, -155, -173, -189, -206, -221, -235, -254, -270, -285, -300, 0, 317, 318, 319, 320, 0, 321, 322, 323, 324, 325, 326, 327, 328, 329, 330, 331, 332, 333], [-3, -18, -36, -56, 0, -89, 0, -121, -138, -156, 0, -190, -207, 0, -236, -255, -271, -286, -301, -317, 0, 334, 335, 0, 336, 337, 338, 0, 339, 0, 340, 341, 342, 0, 343, 344, 345, 346], [-4, -19, -37, -57, -73, 0, -104, 0, -139, -157, -174, 0, -208, 0, -237, -256, -272, -287, 0, -318, -334, 0, 347, 348, 349, 350, 351, 352, 353, 354, 355, 0, 356, 357, 0, 358, 359, 0], [0, -20, -38, 0, -74, -90, -105, 0, -140, 0, -175, -191, -209, 0, -238, -257, -273, 0, -302, -319, -335, -347, 0, 360, 361, 362, 363, 364, 365, 366, 367, 368, 369, 370, 371, 372, 373, 374], [-5, -21, -39, -58, -75, -91, -106, 0, -141, -158, -176, -192, -210, 0, -239, -258, 0, -288, -303, -320, 0, -348, -360, 0, 375, 0, 0, 0, 376, 377, 378, 379, 380, 381, 382, 383, 384, 0], [-6, 0, -40, -59, -76, -92, -107, -122, -142, -159, 0, -193, 0, -222, -240, -259, -274, -289, -304, 0, -336, -349, -361, -375, 0, 385, 386, 387, 388, 389, 390, 0, 391, 0, 392, 393, 394, 395], [-7, -22, -41, -60, 0, 0, -108, -123, -143, -160, 0, -194, -211, -223, -241, -260, -275, -290, 0, -321, -337, -350, -362, 0, -385, 0, 396, 397, 398, 0, 399, 400, 401, 402, 403, 404, 405, 406], [-8, -23, -42, 0, -77, -93, -109, -124, -144, -161, -177, -195, -212, -224, -242, -261, 0, 0, -305, -322, -338, -351, -363, 0, -386, -396, 0, 407, 408, 409, 410, 411, 0, 412, 0, 0, 413, 414], [-9, -24, -43, 0, -78, -94, -110, 0, -145, -162, -178, -196, -213, -225, -243, 0, -276, -291, -306, -323, 0, -352, -364, 0, -387, -397, -407, 0, 415, 416, 417, 0, 418, 419, 0, 420, 421, 422], [-10, -25, 0, -61, -79, -95, -111, -125, 0, -163, -179, -197, -214, -226, -244, -262, -277, -292, -307, -324, -339, -353, -365, -376, -388, -398, -408, -415, 0, 423, 424, 425, 426, 427, 428, 429, 430, 431], [-11, -26, -44, -62, -80, -96, 0, -126, -146, -164, -180, -198, -215, -227, -245, -263, -278, -293, -308, -325, 0, -354, -366, -377, -389, 0, -409, -416, -423, 0, 432, 433, 434, 435, 436, 437, 438, 0], [-12, -27, -45, -63, 0, -97, -112, -127, -147, -165, -181, 0, 0, -228, -246, -264, -279, -294, -309, -326, -340, -355, -367, -378, -390, -399, -410, -417, -424, -432, 0, 439, 440, 441, 442, 443, 444, 445], [-13, 0, -46, -64, -81, -98, -113, -128, -148, -166, -182, -199, -216, -229, -247, 0, -280, -295, -310, -327, -341, 0, -368, -379, 0, -400, -411, 0, -425, -433, -439, 0, 0, 0, 446, 447, 448, 0], [-14, -28, -47, -65, -82, -99, -114, -129, -149, -167, -183, -200, 0, 0, -248, -265, 0, -296, -311, -328, -342, -356, -369, -380, -391, -401, 0, -418, -426, -434, -440, 0, 0, 449, 450, 451, 452, 453], [0, -29, -48, -66, -83, -100, -115, -130, -150, -168, -184, -201, 0, -230, -249, 0, -281, -297, -312, -329, 0, -357, -370, -381, 0, -402, -412, -419, -427, -435, -441, 0, -449, 0, 454, 0, 455, 456], [0, -30, -49, -67, 0, 0, -116, 0, -151, -169, -185, -202, 0, -231, -250, -266, -282, 0, -313, -330, -343, 0, -371, -382, -392, -403, 0, 0, -428, -436, -442, -446, -450, -454, 0, 457, 458, 459], [-15, -31, -50, -68, -84, -101, 0, -131, -152, -170, 0, -203, -217, -232, -251, -267, -283, -298, -314, -331, -344, -358, -372, -383, -393, -404, 0, -420, -429, -437, -443, -447, -451, 0, -457, 0, 460, 461], [0, -32, -51, -69, -85, 0, -117, -132, -153, -171, -186, 0, -218, -233, -252, -268, -284, 0, -315, -332, -345, -359, -373, -384, -394, -405, -413, -421, -430, -438, -444, -448, -452, -455, -458, -460, 0, 462], [-16, -33, -52, -70, -86, 0, -118, -133, -154, 0, -187, -204, -219, -234, -253, 0, 0, -299, -316, -333, -346, 0, -374, 0, -395, -406, -414, -422, -431, 0, -445, 0, -453, -456, -459, -461, -462, 0]], [[0, 0, 0, 0, 0, 0, 0, 0, 0, 0, 0, 0, 0, 1, 0, 0, 0, 0, 0, 0, 2, 3, 4, 5, 6, 7, 8, 9, 0, 0, 10, 11, 12, 13, 14, 15, 0, 16], [0, 0, 0, 0, 0, 0, 0, 0, 0, 0, 0, 17, 0, 0, 0, 0, 0, 0, 0, 18, 19, 20, 21, 22, 23, 24, 25, 26, 27, 28, 29, 30, 31, 32, 33, 34, 35, 36], [0, 0, 0, 0, 0, 0, 0, 0, 0, 0, 0, 0, 0, 0, 0, 0, 37, 0, 0, 38, 39, 40, 41, 42, 43, 44, 0, 45, 46, 47, 48, 0, 49, 0, 50, 51, 52, 53], [0, 0, 0, 0, 0, 0, 54, 0, 0, 0, 0, 0, 0, 0, 0, 55, 0, 0, 0, 56, 0, 57, 58, 0, 59, 60, 61, 62, 63, 64, 65, 66, 67, 68, 69, 0, 70, 71], [0, 0, 0, 0, 0, 0, 0, 0, 0, 0, 72, 0, 0, 0, 0, 0, 0, 0, 0, 73, 74, 0, 0, 75, 0, 76, 77, 0, 78, 79, 80, 81, 82, 83, 84, 85, 86, 87], [0, 0, 0, 0, 0, 0, 0, 0, 0, 0, 0, 0, 0, 0, 0, 0, 0, 0, 0, 0, 88, 0, 89, 90, 91, 92, 93, 94, 95, 96, 97, 98, 0, 99, 100, 101, 102, 103], [0, 0, 0, -54, 0, 0, 0, 0, 104, 0, 0, 0, 0, 0, 0, 0, 0, 0, 0, 0, 105, 106, 0, 107, 108, 109, 0, 110, 111, 112, 0, 113, 114, 0, 115, 116, 117, 118], [0, 0, 0, 0, 0, 0, 0, 0, 0, 0, 119, 0, 0, 0, 0, 0, 0, 0, 0, 120, 121, 122, 123, 124, 125, 126, 127, 128, 129, 0, 130, 131, 132, 0, 0, 133, 134, 0], [0, 0, 0, 0, 0, 0, -104, 0, 0, 0, 0, 0, 0, 0, 0, 0, 0, 0, 135, 136, 137, 138, 139, 140, 0, 141, 0, 142, 143, 144, 145, 146, 147, 148, 149, 150, 151, 152], [0, 0, 0, 0, 0, 0, 0, 0, 0, 0, 0, 0, 0, 0, 0, 0, 0, 0, 0, 153, 154, 155, 156, 157, 158, 0, 0, 159, 160, 0, 161, 0, 0, 162, 163, 164, 0, 165], [0, 0, 0, 0, -72, 0, 0, -119, 0, 0, 0, 0, 0, 0, 0, 0, 0, 0, 0, 166, 0, 167, 168, 169, 170, 171, 172, 173, 174, 175, 176, 177, 178, 179, 180, 181, 182, 183], [0, -17, 0, 0, 0, 0, 0, 0, 0, 0, 0, 0, 184, 0, 185, 0, 0, 0, 0, 0, 186, 187, 188, 189, 190, 191, 0, 192, 193, 0, 194, 195, 196, 197, 0, 0, 198, 199], [0, 0, 0, 0, 0, 0, 0, 0, 0, 0, 0, -184, 0, 0, 0, 0, 0, 0, 0, 200, 0, 0, 201, 202, 203, 204, 205, 206, 207, 208, 209, 210, 211, 212, 213, 0, 214, 215], [-1, 0, 0, 0, 0, 0, 0, 0, 0, 0, 0, 0, 0, 0, 0, 0, 0, 0, 0, 216, 217, 0, 218, 219, 220, 221, 222, 0, 223, 0, 224, 0, 225, 226, 227, 228, 0, 0], [0, 0, 0, 0, 0, 0, 0, 0, 0, 0, 0, -185, 0, 0, 0, 0, 0, 0, 0, 229, 230, 0, 231, 232, 0, 233, 0, 234, 235, 236, 0, 237, 0, 238, 239, 240, 0, 241], [0, 0, 0, -55, 0, 0, 0, 0, 0, 0, 0, 0, 0, 0, 0, 0, 0, 0, 0, 242, 243, 244, 245, 246, 247, 248, 249, 250, 251, 0, 252, 253, 254, 255, 256, 257, 258, 259], [0, 0, -37, 0, 0, 0, 0, 0, 0, 0, 0, 0, 0, 0, 0, 0, 0, 0, 0, 260, 261, 262, 263, 264, 0, 265, 266, 0, 0, 0, 267, 268, 269, 270, 271, 272, 0, 273], [0, 0, 0, 0, 0, 0, 0, 0, 0, 0, 0, 0, 0, 0, 0, 0, 0, 0, 0, 274, 275, 276, 277, 0, 278, 279, 280, 0, 281, 282, 283, 284, 285, 286, 0, 287, 288, 0], [0, 0, 0, 0, 0, 0, 0, 0, -135, 0, 0, 0, 0, 0, 0, 0, 0, 0, 0, 289, 290, 291, 292, 0, 293, 294, 295, 0, 296, 297, 298, 299, 300, 301, 0, 0, 302, 303], [0, -18, -38, -56, -73, 0, 0, -120, -136, -153, -166, 0, -200, -216, -229, -242, -260, -274, -289, 0, 0, 304, 305, 306, 307, 308, 309, 310, 311, 312, 313, 314, 315, 316, 317, 318, 0, 319], [-2, -19, -39, 0, -74, -88, -105, -121, -137, -154, 0, -186, 0, -217, -230, -243, -261, -275, -290, 0, 0, 0, 0, 320, 321, 322, 0, 323, 324, 325, 326, 327, 328, 0, 0, 329, 330, 331], [-3, -20, -40, -57, 0, 0, -106, -122, -138, -155, -167, -187, 0, 0, 0, -244, -262, -276, -291, -304, 0, 0, 332, 0, 333, 334, 335, 0, 0, 336, 337, 338, 339, 340, 0, 341, 342, 0], [-4, -21, -41, -58, 0, -89, 0, -123, -139, -156, -168, -188, -201, -218, -231, -245, -263, -277, -292, -305, 0, -332, 0, 343, 344, 345, 346, 347, 0, 348, 0, 0, 0, 349, 0, 0, 350, 351], [-5, -22, -42, 0, -75, -90, -107, -124, -140, -157, -169, -189, -202, -219, -232, -246, -264, 0, 0, -306, -320, 0, -343, 0, 0, 0, 352, 0, 353, 354, 355, 0, 356, 357, 358, 359, 360, 361], [-6, -23, -43, -59, 0, -91, -108, -125, 0, -158, -170, -190, -203, -220, 0, -247, 0, -278, -293, -307, -321, -333, -344, 0, 0, 362, 363, 364, 365, 366, 367, 0, 368, 369, 0, 0, 370, 371], [-7, -24, -44, -60, -76, -92, -109, -126, -141, 0, -171, -191, -204, -221, -233, -248, -265, -279, -294, -308, -322, -334, -345, 0, -362, 0, 372, 373, 374, 0, 375, 0, 376, 377, 378, 379, 380, 381], [-8, -25, 0, -61, -77, -93, 0, -127, 0, 0, -172, 0, -205, -222, 0, -249, -266, -280, -295, -309, 0, -335, -346, -352, -363, -372, 0, 382, 383, 384, 385, 0, 386, 387, 388, 389, 390, 391], [-9, -26, -45, -62, 0, -94, -110, -128, -142, -159, -173, -192, -206, 0, -234, -250, 0, 0, 0, -310, -323, 0, -347, 0, -364, -373, -382, 0, 0, 392, 393, 394, 395, 396, 397, 398, 0, 399], [0, -27, -46, -63, -78, -95, -111, -129, -143, -160, -174, -193, -207, -223, -235, -251, 0, -281, -296, -311, -324, 0, 0, -353, -365, -374, -383, 0, 0, 0, 400, 401, 0, 402, 403, 404, 405, 0], [0, -28, -47, -64, -79, -96, -112, 0, -144, 0, -175, 0, -208, 0, -236, 0, 0, -282, -297, -312, -325, -336, -348, -354, -366, 0, -384, -392, 0, 0, 406, 407, 408, 409, 0, 410, 411, 412], [-10, -29, -48, -65, -80, -97, 0, -130, -145, -161, -176, -194, -209, -224, 0, -252, -267, -283, -298, -313, -326, -337, 0, -355, -367, -375, -385, -393, -400, -406, 0, 413, 414, 0, 0, 415, 0, 416], [-11, -30, 0, -66, -81, -98, -113, -131, -146, 0, -177, -195, -210, 0, -237, -253, -268, -284, -299, -314, -327, -338, 0, 0, 0, 0, 0, -394, -401, -407, -413, 0, 417, 418, 419, 420, 421, 422], [-12, -31, -49, -67, -82, 0, -114, -132, -147, 0, -178, -196, -211, -225, 0, -254, -269, -285, -300, -315, -328, -339, 0, -356, -368, -376, -386, -395, 0, -408, -414, -417, 0, 423, 0, 0, 424, 425], [-13, -32, 0, -68, -83, -99, 0, 0, -148, -162, -179, -197, -212, -226, -238, -255, -270, -286, -301, -316, 0, -340, -349, -357, -369, -377, -387, -396, -402, -409, 0, -418, -423, 0, 426, 427, 428, 429], [-14, -33, -50, -69, -84, -100, -115, 0, -149, -163, -180, 0, -213, -227, -239, -256, -271, 0, 0, -317, 0, 0, 0, -358, 0, -378, -388, -397, -403, 0, 0, -419, 0, -426, 0, 430, 431, 0], [-15, -34, -51, 0, -85, -101, -116, -133, -150, -164, -181, 0, 0, -228, -240, -257, -272, -287, 0, -318, -329, -341, 0, -359, 0, -379, -389, -398, -404, -410, -415, -420, 0, -427, -430, 0, 432, 433], [0, -35, -52, -70, -86, -102, -117, -134, -151, 0, -182, -198, -214, 0, 0, -258, 0, -288, -302, 0, -330, -342, -350, -360, -370, -380, -390, 0, -405, -411, 0, -421, -424, -428, -431, -432, 0, 0], [-16, -36, -53, -71, -87, -103, -118, 0, -152, -165, -183, -199, -215, 0, -241, -259, -273, 0, -303, -319, -331, 0, -351, -361, -371, -381, -391, -399, 0, -412, -416, -422, -425, -429, 0, -433, 0, 0]], [[0, 0, 0, 0, 0, 0, 0, 0, 0, 0, 0, 0, 0, 0, 0, 0, 0, 0, 0, 1, 0, 0, 2, 3, 4, 5, 6, 7, 8, 9, 10, 0, 11, 0, 12, 13, 14, 15], [0, 0, 0, 0, 0, 0, 0, 0, 0, 16, 0, 0, 0, 0, 17, 0, 0, 0, 0, 0, 18, 19, 20, 21, 22, 23, 0, 24, 25, 26, 27, 0, 28, 29, 0, 30, 31, 32], [0, 0, 0, 0, 0, 0, 0, 0, 0, 0, 0, 0, 0, 0, 0, 0, 0, 0, 0, 33, 34, 35, 36, 0, 37, 38, 39, 40, 41, 42, 43, 44, 45, 46, 47, 48, 49, 0], [0, 0, 0, 0, 0, 0, 0, 0, 0, 0, 0, 0, 0, 0, 0, 0, 0, 0, 0, 0, 50, 51, 52, 53, 54, 55, 56, 57, 58, 0, 59, 60, 61, 0, 0, 62, 63, 0], [0, 0, 0, 0, 0, 0, 0, 0, 0, 0, 0, 0, 64, 0, 0, 65, 0, 0, 0, 66, 67, 68, 69, 0, 70, 71, 72, 0, 73, 74, 75, 76, 77, 78, 79, 0, 80, 0], [0, 0, 0, 0, 0, 0, 0, 81, 0, 0, 0, 0, 0, 0, 0, 82, 83, 0, 0, 84, 85, 86, 87, 88, 89, 90, 91, 92, 93, 94, 95, 0, 96, 97, 0, 98, 99, 0], [0, 0, 0, 0, 0, 0, 0, 0, 100, 101, 0, 0, 0, 0, 0, 0, 0, 0, 0, 102, 103, 104, 0, 105, 106, 0, 0, 107, 108, 0, 109, 110, 111, 0, 112, 113, 114, 115], [0, 0, 0, 0, 0, -81, 0, 0, 0, 0, 116, 0, 117, 0, 0, 0, 0, 118, 119, 120, 0, 121, 122, 123, 124, 125, 126, 127, 0, 128, 129, 130, 131, 132, 0, 133, 0, 134], [0, 0, 0, 0, 0, 0, -100, 0, 0, 0, 0, 0, 135, 0, 0, 0, 0, 0, 0, 136, 137, 138, 0, 139, 140, 0, 0, 0, 141, 142, 143, 144, 145, 146, 147, 0, 148, 149], [0, -16, 0, 0, 0, 0, -101, 0, 0, 0, 0, 0, 0, 0, 0, 0, 0, 0, 0, 150, 151, 0, 152, 153, 0, 154, 155, 156, 157, 158, 0, 0, 159, 160, 161, 162, 163, 164], [0, 0, 0, 0, 0, 0, 0, -116, 0, 0, 0, 0, 0, 165, 166, 167, 0, 0, 0, 0, 168, 169, 170, 171, 172, 173, 174, 175, 176, 177, 178, 179, 180, 181, 182, 183, 184, 185], [0, 0, 0, 0, 0, 0, 0, 0, 0, 0, 0, 0, 0, 0, 0, 0, 0, 0, 0, 0, 186, 187, 188, 189, 190, 191, 192, 0, 193, 194, 195, 196, 197, 0, 198, 199, 200, 0], [0, 0, 0, 0, -64, 0, 0, -117, -135, 0, 0, 0, 0, 0, 0, 0, 0, 0, 0, 201, 202, 203, 204, 205, 206, 207, 0, 208, 209, 0, 210, 211, 212, 213, 0, 214, 215, 216], [0, 0, 0, 0, 0, 0, 0, 0, 0, 0, -165, 0, 0, 0, 0, 0, 0, 0, 0, 0, 0, 217, 218, 219, 220, 221, 222, 223, 224, 0, 225, 226, 227, 228, 0, 229, 230, 0], [0, -17, 0, 0, 0, 0, 0, 0, 0, 0, -166, 0, 0, 0, 0, 0, 0, 0, 0, 231, 232, 233, 0, 234, 0, 235, 236, 237, 238, 239, 240, 241, 0, 242, 243, 244, 245, 246], [0, 0, 0, 0, -65, -82, 0, 0, 0, 0, -167, 0, 0, 0, 0, 0, 0, 0, 0, 0, 247, 0, 248, 249, 250, 251, 252, 253, 254, 255, 256, 257, 0, 258, 0, 259, 260, 261], [0, 0, 0, 0, 0, -83, 0, 0, 0, 0, 0, 0, 0, 0, 0, 0, 0, 0, 0, 262, 263, 264, 265, 266, 0, 267, 268, 269, 270, 271, 272, 273, 274, 275, 276, 277, 0, 278], [0, 0, 0, 0, 0, 0, 0, -118, 0, 0, 0, 0, 0, 0, 0, 0, 0, 0, 0, 279, 280, 281, 282, 283, 284, 285, 286, 287, 288, 289, 0, 290, 291, 292, 293, 294, 295, 296], [0, 0, 0, 0, 0, 0, 0, -119, 0, 0, 0, 0, 0, 0, 0, 0, 0, 0, 0, 297, 298, 299, 300, 301, 302, 303, 304, 0, 0, 305, 0, 306, 307, 308, 309, 310, 311, 312], [-1, 0, -33, 0, -66, -84, -102, -120, -136, -150, 0, 0, -201, 0, -231, 0, -262, -279, -297, 0, 313, 314, 315, 316, 0, 317, 0, 0, 318, 319, 320, 321, 322, 323, 324, 325, 326, 327], [0, -18, -34, -50, -67, -85, -103, 0, -137, -151, -168, -186, -202, 0, -232, -247, -263, -280, -298, -313, 0, 328, 329, 330, 331, 332, 333, 334, 335, 0, 336, 337, 338, 339, 340, 341, 342, 343], [0, -19, -35, -51, -68, -86, -104, -121, -138, 0, -169, -187, -203, -217, -233, 0, -264, -281, -299, -314, -328, 0, 0, 344, 345, 346, 0, 347, 348, 349, 0, 350, 351, 352, 353, 354, 355, 356], [-2, -20, -36, -52, -69, -87, 0, -122, 0, -152, -170, -188, -204, -218, 0, -248, -265, -282, -300, -315, -329, 0, 0, 357, 358, 359, 0, 360, 0, 361, 0, 0, 362, 363, 364, 365, 366, 0], [-3, -21, 0, -53, 0, -88, -105, -123, -139, -153, -171, -189, -205, -219, -234, -249, -266, -283, -301, -316, -330, -344, -357, 0, 0, 0, 367, 368, 369, 0, 0, 370, 371, 0, 0, 372, 373, 374], [-4, -22, -37, -54, -70, -89, -106, -124, -140, 0, -172, -190, -206, -220, 0, -250, 0, -284, -302, 0, -331, -345, -358, 0, 0, 375, 0, 376, 0, 377, 378, 379, 0, 380, 381, 0, 382, 383], [-5, -23, -38, -55, -71, -90, 0, -125, 0, -154, -173, -191, -207, -221, -235, -251, -267, -285, -303, -317, -332, -346, -359, 0, -375, 0, 384, 385, 386, 387, 388, 389, 390, 391, 392, 393, 394, 395], [-6, 0, -39, -56, -72, -91, 0, -126, 0, -155, -174, -192, 0, -222, -236, -252, -268, -286, -304, 0, -333, 0, 0, -367, 0, -384, 0, 396, 397, 398, 399, 400, 401, 402, 0, 403, 404, 405], [-7, -24, -40, -57, 0, -92, -107, -127, 0, -156, -175, 0, -208, -223, -237, -253, -269, -287, 0, 0, -334, -347, -360, -368, -376, -385, -396, 0, 406, 407, 408, 0, 409, 0, 410, 411, 412, 0], [-8, -25, -41, -58, -73, -93, -108, 0, -141, -157, -176, -193, -209, -224, -238, -254, -270, -288, 0, -318, -335, -348, 0, -369, 0, -386, -397, -406, 0, 0, 413, 414, 0, 415, 416, 417, 418, 419], [-9, -26, -42, 0, -74, -94, 0, -128, -142, -158, -177, -194, 0, 0, -239, -255, -271, -289, -305, -319, 0, -349, -361, 0, -377, -387, -398, -407, 0, 0, 420, 421, 0, 422, 423, 424, 425, 426], [-10, -27, -43, -59, -75, -95, -109, -129, -143, 0, -178, -195, -210, -225, -240, -256, -272, 0, 0, -320, -336, 0, 0, 0, -378, -388, -399, -408, -413, -420, 0, 427, 428, 429, 0, 430, 431, 432], [0, 0, -44, -60, -76, 0, -110, -130, -144, 0, -179, -196, -211, -226, -241, -257, -273, -290, -306, -321, -337, -350, 0, -370, -379, -389, -400, 0, -414, -421, -427, 0, 433, 434, 435, 436, 437, 438], [-11, -28, -45, -61, -77, -96, -111, -131, -145, -159, -180, -197, -212, -227, 0, 0, -274, -291, -307, -322, -338, -351, -362, -371, 0, -390, -401, -409, 0, 0, -428, -433, 0, 439, 440, 441, 442, 443], [0, -29, -46, 0, -78, -97, 0, -132, -146, -160, -181, 0, -213, -228, -242, -258, -275, -292, -308, -323, -339, -352, -363, 0, -380, -391, -402, 0, -415, -422, -429, -434, -439, 0, 0, 444, 445, 446], [-12, 0, -47, 0, -79, 0, -112, 0, -147, -161, -182, -198, 0, 0, -243, 0, -276, -293, -309, -324, -340, -353, -364, 0, -381, -392, 0, -410, -416, -423, 0, -435, -440, 0, 0, 447, 448, 449], [-13, -30, -48, -62, 0, -98, -113, -133, 0, -162, -183, -199, -214, -229, -244, -259, -277, -294, -310, -325, -341, -354, -365, -372, 0, -393, -403, -411, -417, -424, -430, -436, -441, -444, -447, 0, 0, 450], [-14, -31, -49, -63, -80, -99, -114, 0, -148, -163, -184, -200, -215, -230, -245, -260, 0, -295, -311, -326, -342, -355, -366, -373, -382, -394, -404, -412, -418, -425, -431, -437, -442, -445, -448, 0, 0, 451], [-15, -32, 0, 0, 0, 0, -115, -134, -149, -164, -185, 0, -216, 0, -246, -261, -278, -296, -312, -327, -343, -356, 0, -374, -383, -395, -405, 0, -419, -426, -432, -438, -443, -446, -449, -450, -451, 0]], [[0, 0, 0, 0, 0, 0, 0, 0, 0, 0, 0, 0, 0, 0, 0, 0, 0, 0, 1, 2, 3, 4, 5, 0, 6, 7, 0, 8, 9, 0, 10, 11, 12, 13, 14, 15, 16, 17], [0, 0, 0, 18, 0, 0, 0, 0, 0, 0, 0, 19, 0, 0, 0, 0, 0, 0, 0, 20, 0, 21, 22, 23, 24, 25, 26, 27, 28, 29, 30, 31, 32, 33, 34, 0, 35, 36], [0, 0, 0, 37, 0, 0, 0, 0, 38, 0, 0, 39, 0, 0, 0, 0, 0, 0, 40, 41, 0, 42, 43, 44, 0, 45, 46, 47, 48, 49, 0, 50, 0, 51, 52, 53, 54, 55], [0, -18, -37, 0, 0, 56, 57, 0, 0, 0, 0, 0, 0, 0, 0, 0, 0, 58, 0, 59, 60, 61, 62, 63, 64, 65, 0, 66, 0, 0, 67, 68, 69, 0, 70, 71, 72, 73], [0, 0, 0, 0, 0, 0, 0, 0, 0, 0, 0, 0, 0, 0, 0, 0, 0, 0, 74, 75, 76, 77, 78, 79, 80, 81, 0, 0, 82, 83, 84, 0, 85, 0, 86, 87, 0, 88], [0, 0, 0, -56, 0, 0, 0, 0, 0, 0, 0, 0, 0, 0, 0, 0, 89, 0, 0, 90, 91, 92, 93, 94, 95, 0, 96, 97, 98, 99, 100, 101, 102, 103, 0, 104, 105, 106], [0, 0, 0, -57, 0, 0, 0, 0, 0, 0, 0, 107, 108, 0, 0, 0, 0, 0, 109, 110, 111, 0, 112, 113, 114, 0, 0, 115, 116, 117, 118, 119, 120, 121, 122, 123, 124, 125], [0, 0, 0, 0, 0, 0, 0, 0, 0, 0, 0, 0, 0, 0, 0, 0, 0, 0, 0, 126, 127, 128, 0, 129, 0, 130, 131, 132, 133, 134, 135, 136, 137, 138, 139, 140, 141, 142], [0, 0, -38, 0, 0, 0, 0, 0, 0, 0, 0, 0, 0, 0, 0, 0, 143, 0, 0, 144, 145, 146, 0, 147, 148, 149, 0, 150, 0, 151, 152, 153, 154, 155, 156, 157, 0, 158], [0, 0, 0, 0, 0, 0, 0, 0, 0, 0, 159, 160, 0, 0, 0, 0, 0, 0, 0, 0, 161, 0, 162, 163, 164, 165, 166, 167, 168, 0, 169, 170, 171, 0, 172, 173, 174, 0], [0, 0, 0, 0, 0, 0, 0, 0, 0, -159, 0, 175, 0, 0, 0, 0, 0, 0, 0, 0, 0, 176, 177, 0, 178, 179, 180, 181, 182, 183, 0, 184, 0, 185, 0, 186, 187, 0], [0, -19, -39, 0, 0, 0, -107, 0, 0, -160, -175, 0, 0, 0, 0, 0, 0, 0, 188, 189, 190, 0, 191, 192, 193, 194, 195, 196