[[[0, 1, 0, 0, 2, 0, 0, 0, 0, 0, 0, 0, 3, 0, 0, 0, 0, 0, 0, 0, 4, 0, 0, 0, 0, 0, 5, 6, 7, 8, 9, 10, 11, 12, 13, 0, 14, 15, 16, 17, 18, 19, 20, 21, 22, 23, 24, 0, 0, 25, 26, 27, 28, 29], [-1, 0, 0, 0, 0, 0, 0, 0, 0, 0, 0, 0, 0, 0, 30, 0, 0, 0, 0, 0, 0, 0, 31, 0, 0, 0, 0, 32, 33, 34, 35, 36, 37, 0, 38, 39, 40, 41, 42, 0, 0, 0, 43, 44, 0, 45, 46, 47, 48, 49, 50, 51, 52, 53], [0, 0, 0, 0, 0, 0, 0, 0, 0, 0, 0, 0, 0, 0, 0, 0, 0, 0, 0, 0, 0, 54, 0, 0, 55, 56, 57, 58, 59, 0, 60, 0, 61, 0, 62, 63, 64, 65, 0, 66, 0, 67, 68, 69, 70, 71, 72, 73, 74, 75, 76, 0, 77, 78], [0, 0, 0, 0, 0, 0, 79, 0, 0, 0, 0, 0, 80, 0, 0, 81, 0, 0, 0, 0, 0, 0, 0, 0, 0, 0, 0, 82, 83, 84, 0, 85, 86, 87, 0, 88, 89, 90, 0, 91, 92, 0, 93, 94, 95, 96, 97, 98, 0, 99, 0, 0, 100, 101], [-2, 0, 0, 0, 0, 102, 0, 0, 0, 0, 0, 0, 0, 0, 0, 0, 0, 0, 0, 0, 0, 0, 0, 0, 0, 0, 103, 0, 104, 105, 106, 107, 0, 0, 108, 109, 110, 111, 112, 0, 113, 114, 115, 116, 117, 0, 118, 119, 120, 121, 122, 123, 124, 0], [0, 0, 0, 0, -102, 0, 0, 0, 0, 0, 0, 0, 0, 0, 0, 0, 0, 0, 0, 125, 0, 126, 0, 0, 0, 0, 0, 127, 128, 129, 130, 131, 132, 133, 134, 135, 136, 137, 138, 139, 140, 141, 142, 143, 144, 145, 146, 147, 148, 0, 149, 150, 151, 152], [0, 0, 0, -79, 0, 0, 0, 153, 0, 0, 0, 0, 0, 0, 154, 0, 0, 0, 0, 0, 0, 0, 0, 0, 0, 0, 0, 155, 156, 157, 0, 0, 158, 0, 159, 160, 161, 162, 163, 0, 164, 165, 0, 166, 0, 167, 168, 169, 0, 170, 0, 171, 172, 173], [0, 0, 0, 0, 0, 0, -153, 0, 0, 0, 0, 0, 0, 0, 0, 0, 0, 0, 174, 0, 175, 0, 0, 0, 176, 0, 0, 0, 177, 178, 179, 180, 181, 182, 183, 184, 185, 186, 187, 188, 0, 189, 190, 191, 192, 0, 193, 194, 195, 196, 197, 198, 199, 200], [0, 0, 0, 0, 0, 0, 0, 0, 0, 0, 0, 0, 0, 0, 0, 0, 0, 0, 201, 0, 0, 0, 0, 0, 0, 0, 0, 202, 203, 204, 205, 206, 207, 208, 209, 210, 0, 211, 212, 213, 214, 0, 215, 216, 217, 0, 218, 219, 220, 221, 222, 223, 224, 0], [0, 0, 0, 0, 0, 0, 0, 0, 0, 0, 0, 225, 0, 0, 0, 0, 226, 227, 0, 0, 0, 0, 0, 0, 0, 0, 0, 228, 229, 230, 231, 0, 232, 0, 233, 234, 235, 0, 236, 237, 238, 239, 240, 241, 242, 0, 243, 0, 0, 244, 245, 246, 247, 248], [0, 0, 0, 0, 0, 0, 0, 0, 0, 0, 0, 0, 0, 0, 0, 0, 0, 0, 0, 0, 0, 0, 0, 0, 0, 0, 0, 249, 250, 0, 251, 252, 253, 254, 255, 256, 0, 257, 258, 259, 260, 261, 0, 0, 262, 263, 264, 265, 0, 266, 267, 268, 269, 270], [0, 0, 0, 0, 0, 0, 0, 0, 0, -225, 0, 0, 0, 0, 0, 0, 0, 0, 0, 0, 0, 0, 0, 0, 271, 0, 0, 272, 273, 274, 275, 276, 277, 278, 279, 280, 281, 0, 282, 283, 284, 285, 286, 287, 288, 289, 290, 0, 291, 292, 293, 294, 295, 296], [-3, 0, 0, -80, 0, 0, 0, 0, 0, 0, 0, 0, 0, 0, 0, 0, 0, 0, 0, 297, 0, 0, 0, 0, 0, 0, 0, 298, 299, 0, 300, 0, 301, 302, 303, 304, 0, 305, 0, 0, 306, 0, 307, 308, 309, 310, 311, 312, 0, 313, 314, 315, 316, 317], [0, 0, 0, 0, 0, 0, 0, 0, 0, 0, 0, 0, 0, 0, 0, 0, 0, 0, 0, 0, 0, 0, 0, 0, 0, 0, 0, 318, 319, 320, 321, 322, 323, 0, 324, 325, 0, 326, 327, 0, 328, 329, 330, 331, 332, 333, 334, 335, 0, 0, 336, 337, 338, 339], [0, -30, 0, 0, 0, 0, -154, 0, 0, 0, 0, 0, 0, 0, 0, 0, 340, 0, 0, 341, 0, 0, 0, 0, 342, 0, 0, 343, 344, 345, 346, 347, 0, 348, 349, 350, 351, 352, 353, 0, 354, 0, 355, 356, 357, 0, 358, 0, 359, 360, 361, 362, 363, 364], [0, 0, 0, -81, 0, 0, 0, 0, 0, 0, 0, 0, 0, 0, 0, 0, 365, 366, 0, 0, 0, 0, 0, 0, 367, 0, 0, 368, 369, 370, 0, 371, 372, 373, 374, 375, 376, 377, 378, 379, 380, 381, 382, 383, 384, 385, 0, 386, 387, 0, 388, 389, 0, 390], [0, 0, 0, 0, 0, 0, 0, 0, 0, -226, 0, 0, 0, 0, -340, -365, 0, 0, 0, 391, 0, 392, 0, 0, 0, 393, 0, 394, 0, 395, 396, 0, 397, 398, 399, 400, 401, 402, 403, 404, 0, 405, 406, 407, 408, 409, 410, 411, 0, 412, 413, 414, 415, 0], [0, 0, 0, 0, 0, 0, 0, 0, 0, -227, 0, 0, 0, 0, 0, -366, 0, 0, 416, 0, 0, 0, 0, 0, 417, 0, 0, 418, 0, 419, 420, 421, 422, 423, 424, 0, 425, 426, 427, 428, 429, 430, 431, 432, 433, 434, 435, 436, 437, 0, 438, 439, 440, 441], [0, 0, 0, 0, 0, 0, 0, -174, -201, 0, 0, 0, 0, 0, 0, 0, 0, -416, 0, 0, 0, 0, 0, 0, 0, 0, 442, 443, 444, 0, 445, 0, 446, 0, 447, 448, 449, 450, 451, 452, 453, 0, 454, 455, 456, 457, 458, 459, 0, 460, 461, 462, 463, 464], [0, 0, 0, 0, 0, -125, 0, 0, 0, 0, 0, 0, -297, 0, -341, 0, -391, 0, 0, 0, 0, 0, 0, 0, 0, 0, 0, 465, 466, 467, 468, 469, 0, 470, 0, 471, 472, 0, 473, 0, 474, 475, 0, 476, 477, 0, 478, 479, 480, 481, 482, 483, 484, 485], [-4, 0, 0, 0, 0, 0, 0, -175, 0, 0, 0, 0, 0, 0, 0, 0, 0, 0, 0, 0, 0, 0, 0, 0, 0, 0, 0, 486, 0, 487, 0, 488, 489, 490, 491, 492, 0, 493, 494, 495, 496, 497, 498, 499, 500, 501, 502, 503, 504, 505, 506, 0, 0, 507], [0, 0, -54, 0, 0, -126, 0, 0, 0, 0, 0, 0, 0, 0, 0, 0, -392, 0, 0, 0, 0, 0, 0, 0, 0, 0, 0, 508, 509, 510, 511, 0, 512, 513, 514, 515, 0, 516, 517, 0, 518, 519, 520, 0, 521, 522, 523, 524, 525, 526, 0, 527, 528, 529], [0, -31, 0, 0, 0, 0, 0, 0, 0, 0, 0, 0, 0, 0, 0, 0, 0, 0, 0, 0, 0, 0, 0, 0, 0, 0, 0, 530, 531, 532, 533, 534, 535, 0, 536, 537, 0, 538, 539, 540, 541, 542, 543, 0, 0, 544, 545, 0, 546, 547, 0, 548, 549, 550], [0, 0, 0, 0, 0, 0, 0, 0, 0, 0, 0, 0, 0, 0, 0, 0, 0, 0, 0, 0, 0, 0, 0, 0, 0, 0, 0, 0, 551, 552, 553, 554, 555, 556, 557, 558, 0, 559, 560, 561, 562, 563, 564, 565, 566, 567, 568, 569, 570, 571, 572, 573, 574, 0], [0, 0, -55, 0, 0, 0, 0, -176, 0, 0, 0, -271, 0, 0, -342, -367, 0, -417, 0, 0, 0, 0, 0, 0, 0, 0, 0, 575, 576, 577, 0, 0, 0, 0, 578, 0, 579, 580, 581, 582, 583, 584, 585, 586, 0, 0, 587, 588, 589, 590, 591, 592, 0, 593], [0, 0, -56, 0, 0, 0, 0, 0, 0, 0, 0, 0, 0, 0, 0, 0, -393, 0, 0, 0, 0, 0, 0, 0, 0, 0, 0, 0, 594, 595, 596, 597, 0, 0, 0, 0, 598, 599, 0, 0, 600, 601, 602, 603, 604, 605, 606, 607, 608, 609, 610, 0, 611, 612], [-5, 0, -57, 0, -103, 0, 0, 0, 0, 0, 0, 0, 0, 0, 0, 0, 0, 0, -442, 0, 0, 0, 0, 0, 0, 0, 0, 613, 0, 0, 614, 615, 616, 617, 618, 619, 620, 621, 622, 623, 0, 624, 625, 0, 0, 626, 627, 628, 629, 630, 631, 632, 633, 634], [-6, -32, -58, -82, 0, -127, -155, 0, -202, -228, -249, -272, -298, -318, -343, -368, -394, -418, -443, -465, -486, -508, -530, 0, -575, 0, -613, 0, 635, 636, 637, 638, 639, 640, 641, 642, 0, 643, 644, 645, 646, 647, 648, 649, 650, 651, 652, 653, 654, 655, 0, 656, 0, 0], [-7, -33, -59, -83, -104, -128, -156, -177, -203, -229, -250, -273, -299, -319, -344, -369, 0, 0, -444, -466, 0, -509, -531, -551, -576, -594, 0, -635, 0, 0, 657, 658, 659, 0, 660, 661, 662, 0, 663, 664, 665, 666, 667, 0, 668, 669, 670, 671, 672, 673, 674, 675, 676, 677], [-8, -34, 0, -84, -105, -129, -157, -178, -204, -230, 0, -274, 0, -320, -345, -370, -395, -419, 0, -467, -487, -510, -532, -552, -577, -595, 0, -636, 0, 0, 678, 679, 680, 681, 682, 683, 684, 685, 686, 687, 688, 0, 689, 690, 691, 692, 693, 694, 0, 695, 696, 697, 698, 699], [-9, -35, -60, 0, -106, -130, 0, -179, -205, -231, -251, -275, -300, -321, -346, 0, -396, -420, -445, -468, 0, -511, -533, -553, 0, -596, -614, -637, -657, -678, 0, 700, 0, 701, 702, 703, 704, 0, 0, 705, 706, 707, 708, 709, 710, 711, 712, 713, 714, 0, 715, 716, 717, 718], [-10, -36, 0, -85, -107, -131, 0, -180, -206, 0, -252, -276, 0, -322, -347, -371, 0, -421, 0, -469, -488, 0, -534, -554, 0, -597, -615, -638, -658, -679, -700, 0, 0, 0, 719, 720, 721, 0, 722, 723, 724, 725, 726, 727, 728, 729, 730, 731, 732, 733, 734, 735, 736, 737], [-11, -37, -61, -86, 0, -132, -158, -181, -207, -232, -253, -277, -301, -323, 0, -372, -397, -422, -446, 0, -489, -512, -535, -555, 0, 0, -616, -639, -659, -680, 0, 0, 0, 738, 739, 740, 741, 0, 742, 743, 744, 745, 746, 747, 0, 0, 748, 749, 750, 751, 752, 753, 754, 755], [-12, 0, 0, -87, 0, -133, 0, -182, -208, 0, -254, -278, -302, 0, -348, -373, -398, -423, 0, -470, -490, -513, 0, -556, 0, 0, -617, -640, 0, -681, -701, 0, -738, 0, 756, 757, 0, 758, 759, 760, 0, 0, 761, 762, 763, 764, 0, 765, 766, 767, 768, 0, 769, 770], [-13, -38, -62, 0, -108, -134, -159, -183, -209, -233, -255, -279, -303, -324, -349, -374, -399, -424, -447, 0, -491, -514, -536, -557, -578, 0, -618, -641, -660, -682, -702, -719, -739, -756, 0, 0, 771, 772, 773, 774, 775, 776, 0, 777, 778, 779, 0, 780, 781, 782, 783, 784, 785, 786], [0, -39, -63, -88, -109, -135, -160, -184, -210, -234, -256, -280, -304, -325, -350, -375, -400, 0, -448, -471, -492, -515, -537, -558, 0, 0, -619, -642, -661, -683, -703, -720, -740, -757, 0, 0, 0, 0, 787, 0, 788, 789, 790, 791, 0, 792, 793, 794, 0, 795, 0, 0, 796, 797], [-14, -40, -64, -89, -110, -136, -161, -185, 0, -235, 0, -281, 0, 0, -351, -376, -401, -425, -449, -472, 0, 0, 0, 0, -579, -598, -620, 0, -662, -684, -704, -721, -741, 0, -771, 0, 0, 798, 0, 799, 800, 801, 0, 0, 802, 0, 803, 804, 805, 806, 807, 808, 809, 810], [-15, -41, -65, -90, -111, -137, -162, -186, -211, 0, -257, 0, -305, -326, -352, -377, -402, -426, -450, 0, -493, -516, -538, -559, -580, -599, -621, -643, 0, -685, 0, 0, 0, -758, -772, 0, -798, 0, 811, 812, 0, 813, 814, 0, 815, 816, 0, 817, 818, 819, 0, 820, 821, 0], [-16, -42, 0, 0, -112, -138, -163, -187, -212, -236, -258, -282, 0, -327, -353, -378, -403, -427, -451, -473, -494, -517, -539, -560, -581, 0, -622, -644, -663, -686, 0, -722, -742, -759, -773, -787, 0, -811, 0, 822, 0, 823, 0, 0, 0, 824, 825, 826, 827, 828, 829, 830, 831, 832], [-17, 0, -66, -91, 0, -139, 0, -188, -213, -237, -259, -283, 0, 0, 0, -379, -404, -428, -452, 0, -495, 0, -540, -561, -582, 0, -623, -645, -664, -687, -705, -723, -743, -760, -774, 0, -799, -812, -822, 0, 833, 834, 835, 836, 837, 838, 839, 840, 0, 841, 842, 843, 0, 844], [-18, 0, 0, -92, -113, -140, -164, 0, -214, -238, -260, -284, -306, -328, -354, -380, 0, -429, -453, -474, -496, -518, -541, -562, -583, -600, 0, -646, -665, -688, -706, -724, -744, 0, -775, -788, -800, 0, 0, -833, 0, 845, 846, 0, 0, 847, 848, 849, 0, 850, 851, 852, 853, 854], [-19, 0, -67, 0, -114, -141, -165, -189, 0, -239, -261, -285, 0, -329, 0, -381, -405, -430, 0, -475, -497, -519, -542, -563, -584, -601, -624, -647, -666, 0, -707, -725, -745, 0, -776, -789, -801, -813, -823, -834, -845, 0, 855, 856, 857, 858, 859, 860, 861, 0, 0, 862, 863, 0], [-20, -43, -68, -93, -115, -142, 0, -190, -215, -240, 0, -286, -307, -330, -355, -382, -406, -431, -454, 0, -498, -520, -543, -564, -585, -602, -625, -648, -667, -689, -708, -726, -746, -761, 0, -790, 0, -814, 0, -835, -846, -855, 0, 864, 0, 865, 866, 867, 868, 869, 870, 871, 0, 872], [-21, -44, -69, -94, -116, -143, -166, -191, -216, -241, 0, -287, -308, -331, -356, -383, -407, -432, -455, -476, -499, 0, 0, -565, -586, -603, 0, -649, 0, -690, -709, -727, -747, -762, -777, -791, 0, 0, 0, -836, 0, -856, -864, 0, 873, 874, 0, 875, 876, 877, 0, 878, 879, 880], [-22, 0, -70, -95, -117, -144, 0, -192, -217, -242, -262, -288, -309, -332, -357, -384, -408, -433, -456, -477, -500, -521, 0, -566, 0, -604, 0, -650, -668, -691, -710, -728, 0, -763, -778, 0, -802, -815, 0, -837, 0, -857, 0, -873, 0, 881, 0, 882, 883, 884, 885, 886, 0, 887], [-23, -45, -71, -96, 0, -145, -167, 0, 0, 0, -263, -289, -310, -333, 0, -385, -409, -434, -457, 0, -501, -522, -544, -567, 0, -605, -626, -651, -669, -692, -711, -729, 0, -764, -779, -792, 0, -816, -824, -838, -847, -858, -865, -874, -881, 0, 888, 889, 890, 891, 0, 892, 0, 893], [-24, -46, -72, -97, -118, -146, -168, -193, -218, -243, -264, -290, -311, -334, -358, 0, -410, -435, -458, -478, -502, -523, -545, -568, -587, -606, -627, -652, -670, -693, -712, -730, -748, 0, 0, -793, -803, 0, -825, -839, -848, -859, -866, 0, 0, -888, 0, 894, 895, 896, 0, 897, 898, 899], [0, -47, -73, -98, -119, -147, -169, -194, -219, 0, -265, 0, -312, -335, 0, -386, -411, -436, -459, -479, -503, -524, 0, -569, -588, -607, -628, -653, -671, -694, -713, -731, -749, -765, -780, -794, -804, -817, -826, -840, -849, -860, -867, -875, -882, -889, -894, 0, 900, 901, 902, 903, 904, 905], [0, -48, -74, 0, -120, -148, 0, -195, -220, 0, 0, -291, 0, 0, -359, -387, 0, -437, 0, -480, -504, -525, -546, -570, -589, -608, -629, -654, -672, 0, -714, -732, -750, -766, -781, 0, -805, -818, -827, 0, 0, -861, -868, -876, -883, -890, -895, -900, 0, 0, 906, 907, 908, 909], [-25, -49, -75, -99, -121, 0, -170, -196, -221, -244, -266, -292, -313, 0, -360, 0, -412, 0, -460, -481, -505, -526, -547, -571, -590, -609, -630, -655, -673, -695, 0, -733, -751, -767, -782, -795, -806, -819, -828, -841, -850, 0, -869, -877, -884, -891, -896, -901, 0, 0, 910, 911, 0, 0], [-26, -50, -76, 0, -122, -149, 0, -197, -222, -245, -267, -293, -314, -336, -361, -388, -413, -438, -461, -482, -506, 0, 0, -572, -591, -610, -631, 0, -674, -696, -715, -734, -752, -768, -783, 0, -807, 0, -829, -842, -851, 0, -870, 0, -885, 0, 0, -902, -906, -910, 0, 912, 913, 914], [-27, -51, 0, 0, -123, -150, -171, -198, -223, -246, -268, -294, -315, -337, -362, -389, -414, -439, -462, -483, 0, -527, -548, -573, -592, 0, -632, -656, -675, -697, -716, -735, -753, 0, -784, 0, -808, -820, -830, -843, -852, -862, -871, -878, -886, -892, -897, -903, -907, -911, -912, 0, 0, 915], [-28, -52, -77, -100, -124, -151, -172, -199, -224, -247, -269, -295, -316, -338, -363, 0, -415, -440, -463, -484, 0, -528, -549, -574, 0, -611, -633, 0, -676, -698, -717, -736, -754, -769, -785, -796, -809, -821, -831, 0, -853, -863, 0, -879, 0, 0, -898, -904, -908, 0, -913, 0, 0, 916], [-29, -53, -78, -101, 0, -152, -173, -200, 0, -248, -270, -296, -317, -339, -364, -390, 0, -441, -464, -485, -507, -529, -550, 0, -593, -612, -634, 0, -677, -699, -718, -737, -755, -770, -786, -797, -810, 0, -832, -844, -854, 0, -872, -880, -887, -893, -899, -905, -909, 0, -914, -915, -916, 0]], [[0, 0, 0, 0, 0, 1, 0, 0, 0, 0, 2, 0, 0, 3, 0, 0, 4, 0, 0, 0, 0, 0, 0, 0, 5, 0, 6, 7, 0, 8, 9, 10, 11, 12, 13, 0, 14, 15, 16, 17, 18, 19, 20, 21, 22, 23, 24, 25, 26, 27, 28, 0, 29, 30], [0, 0, 0, 0, 0, 0, 0, 0, 0, 0, 0, 0, 0, 0, 0, 0, 0, 0, 0, 0, 0, 31, 0, 0, 0, 0, 0, 32, 33, 34, 35, 0, 36, 37, 0, 0, 38, 39, 40, 41, 0, 42, 0, 43, 44, 45, 46, 47, 0, 48, 49, 50, 51, 0], [0, 0, 0, 0, 0, 0, 0, 0, 0, 0, 0, 0, 0, 0, 0, 0, 0, 0, 0, 52, 0, 0, 0, 0, 0, 0, 0, 0, 53, 0, 0, 54, 55, 0, 56, 57, 58, 59, 60, 61, 62, 63, 0, 64, 65, 66, 67, 68, 69, 70, 0, 71, 0, 0], [0, 0, 0, 0, 0, 0, 0, 0, 0, 0, 0, 0, 0, 0, 0, 0, 0, 0, 0, 0, 0, 0, 72, 0, 0, 0, 0, 73, 74, 75, 76, 77, 0, 78, 79, 80, 0, 81, 82, 83, 84, 0, 0, 0, 85, 86, 87, 0, 88, 89, 90, 91, 92, 93], [0, 0, 0, 0, 0, 94, 0, 0, 95, 0, 0, 0, 0, 0, 0, 96, 0, 0, 0, 0, 0, 0, 0, 0, 0, 97, 0, 0, 98, 99, 0, 100, 101, 102, 103, 104, 105, 106, 107, 108, 109, 110, 111, 112, 113, 114, 115, 116, 0, 117, 118, 119, 0, 120], [-1, 0, 0, 0, -94, 0, 0, 0, 0, 0, 0, 0, 0, 0, 0, 0, 121, 0, 0, 0, 0, 0, 0, 0, 0, 0, 0, 122, 0, 123, 124, 0, 125, 126, 127, 128, 0, 0, 129, 130, 131, 132, 0, 133, 134, 135, 136, 137, 138, 139, 140, 0, 141, 142], [0, 0, 0, 0, 0, 0, 0, 0, 0, 0, 0, 0, 0, 0, 143, 0, 144, 0, 0, 0, 0, 0, 0, 0, 145, 0, 0, 146, 147, 148, 149, 150, 0, 151, 0, 152, 153, 0, 0, 154, 0, 155, 156, 0, 157, 158, 159, 160, 161, 162, 0, 0, 0, 163], [0, 0, 0, 0, 0, 0, 0, 0, 0, 0, 0, 0, 164, 0, 0, 0, 0, 0, 0, 0, 0, 0, 0, 0, 0, 0, 0, 0, 0, 165, 166, 0, 167, 168, 169, 170, 171, 172, 173, 174, 175, 176, 0, 177, 178, 0, 179, 180, 181, 0, 0, 182, 183, 184], [0, 0, 0, 0, -95, 0, 0, 0, 0, 0, 0, 0, 185, 0, 0, 0, 0, 186, 0, 0, 0, 0, 0, 0, 0, 0, 0, 187, 188, 189, 190, 191, 192, 193, 194, 195, 196, 197, 198, 199, 200, 201, 202, 203, 204, 205, 206, 207, 208, 209, 210, 211, 212, 213], [0, 0, 0, 0, 0, 0, 0, 0, 0, 0, 0, 0, 0, 0, 0, 214, 0, 0, 0, 0, 0, 0, 0, 0, 0, 0, 0, 215, 216, 0, 217, 218, 219, 0, 0, 220, 0, 0, 221, 222, 0, 223, 0, 224, 225, 226, 0, 0, 0, 227, 228, 229, 230, 231], [-2, 0, 0, 0, 0, 0, 0, 0, 0, 0, 0, 0, 0, 0, 232, 0, 0, 0, 0, 0, 0, 0, 0, 0, 0, 0, 0, 233, 234, 235, 0, 236, 237, 238, 0, 239, 240, 241, 242, 243, 244, 245, 246, 0, 0, 247, 248, 249, 250, 251, 252, 253, 0, 254], [0, 0, 0, 0, 0, 0, 0, 0, 0, 0, 0, 0, 255, 0, 0, 0, 0, 0, 0, 256, 0, 0, 0, 0, 0, 0, 0, 257, 0, 258, 259, 260, 261, 262, 263, 0, 264, 265, 266, 267, 268, 269, 270, 0, 0, 271, 272, 273, 274, 275, 276, 277, 0, 0], [0, 0, 0, 0, 0, 0, 0, -164, -185, 0, 0, -255, 0, 0, 0, 0, 278, 0, 279, 0, 0, 0, 0, 0, 0, 0, 280, 281, 0, 282, 283, 284, 0, 285, 286, 287, 288, 289, 290, 0, 0, 0, 291, 292, 293, 294, 295, 296, 297, 298, 299, 300, 301, 302], [-3, 0, 0, 0, 0, 0, 0, 0, 0, 0, 0, 0, 0, 0, 0, 0, 0, 303, 0, 0, 0, 0, 0, 0, 304, 0, 0, 305, 306, 0, 0, 307, 308, 309, 310, 311, 312, 313, 314, 315, 316, 317, 318, 319, 320, 321, 0, 322, 0, 323, 324, 325, 326, 327], [0, 0, 0, 0, 0, 0, -143, 0, 0, 0, -232, 0, 0, 0, 0, 0, 0, 0, 0, 0, 0, 0, 0, 0, 0, 0, 0, 328, 329, 0, 330, 331, 332, 333, 334, 0, 335, 336, 0, 0, 337, 338, 339, 0, 340, 341, 342, 343, 344, 0, 345, 346, 347, 0], [0, 0, 0, 0, -96, 0, 0, 0, 0, -214, 0, 0, 0, 0, 0, 0, 0, 0, 0, 0, 0, 0, 348, 0, 0, 0, 0, 0, 349, 350, 351, 352, 353, 0, 0, 354, 355, 356, 357, 358, 359, 360, 361, 362, 363, 364, 365, 366, 367, 368, 369, 0, 370, 371], [-4, 0, 0, 0, 0, -121, -144, 0, 0, 0, 0, 0, -278, 0, 0, 0, 0, 0, 0, 372, 0, 0, 0, 0, 0, 0, 0, 373, 0, 374, 375, 376, 377, 378, 379, 380, 381, 382, 0, 0, 383, 384, 0, 385, 386, 387, 388, 389, 390, 0, 0, 391, 392, 393], [0, 0, 0, 0, 0, 0, 0, 0, -186, 0, 0, 0, 0, -303, 0, 0, 0, 0, 0, 0, 0, 0, 0, 394, 0, 0, 0, 395, 396, 397, 398, 399, 0, 400, 401, 402, 0, 403, 404, 405, 406, 407, 408, 0, 409, 0, 410, 0, 411, 0, 412, 413, 414, 415], [0, 0, 0, 0, 0, 0, 0, 0, 0, 0, 0, 0, -279, 0, 0, 0, 0, 0, 0, 0, 0, 0, 0, 0, 0, 0, 0, 416, 417, 0, 418, 419, 420, 0, 421, 422, 423, 0, 424, 0, 425, 426, 0, 427, 428, 0, 429, 430, 431, 432, 433, 434, 435, 436], [0, 0, -52, 0, 0, 0, 0, 0, 0, 0, 0, -256, 0, 0, 0, 0, -372, 0, 0, 0, 0, 0, 0, 0, 0, 437, 0, 438, 0, 0, 0, 439, 440, 441, 442, 443, 444, 445, 446, 447, 448, 449, 450, 0, 451, 452, 453, 454, 455, 456, 457, 458, 459, 460], [0, 0, 0, 0, 0, 0, 0, 0, 0, 0, 0, 0, 0, 0, 0, 0, 0, 0, 0, 0, 0, 0, 0, 0, 461, 0, 0, 462, 463, 464, 465, 466, 467, 468, 469, 470, 0, 471, 472, 0, 0, 0, 473, 474, 475, 476, 477, 0, 478, 0, 479, 480, 481, 482], [0, -31, 0, 0, 0, 0, 0, 0, 0, 0, 0, 0, 0, 0, 0, 0, 0, 0, 0, 0, 0, 0, 0, 0, 0, 0, 0, 483, 484, 485, 486, 487, 488, 489, 0, 490, 491, 492, 0, 0, 493, 494, 495, 496, 497, 498, 0, 0, 499, 500, 501, 502, 503, 504], [0, 0, 0, -72, 0, 0, 0, 0, 0, 0, 0, 0, 0, 0, 0, -348, 0, 0, 0, 0, 0, 0, 0, 0, 0, 505, 0, 506, 507, 0, 508, 0, 509, 510, 511, 512, 513, 514, 515, 516, 0, 517, 518, 0, 519, 520, 521, 522, 523, 524, 525, 526, 527, 528], [0, 0, 0, 0, 0, 0, 0, 0, 0, 0, 0, 0, 0, 0, 0, 0, 0, -394, 0, 0, 0, 0, 0, 0, 0, 0, 529, 530, 0, 531, 532, 533, 534, 535, 536, 537, 538, 539, 540, 541, 542, 0, 543, 0, 544, 545, 546, 547, 548, 549, 550, 551, 552, 0], [-5, 0, 0, 0, 0, 0, -145, 0, 0, 0, 0, 0, 0, -304, 0, 0, 0, 0, 0, 0, -461, 0, 0, 0, 0, 0, 553, 554, 555, 556, 557, 558, 559, 560, 0, 0, 561, 562, 0, 563, 0, 564, 565, 566, 567, 568, 569, 570, 571, 0, 572, 573, 574, 575], [0, 0, 0, 0, -97, 0, 0, 0, 0, 0, 0, 0, 0, 0, 0, 0, 0, 0, 0, -437, 0, 0, -505, 0, 0, 0, 0, 576, 577, 578, 579, 580, 581, 0, 0, 582, 583, 584, 585, 586, 587, 588, 0, 589, 590, 591, 592, 0, 593, 594, 595, 596, 597, 0], [-6, 0, 0, 0, 0, 0, 0, 0, 0, 0, 0, 0, -280, 0, 0, 0, 0, 0, 0, 0, 0, 0, 0, -529, -553, 0, 0, 598, 599, 600, 601, 602, 603, 604, 605, 606, 0, 0, 0, 607, 608, 609, 610, 611, 612, 0, 0, 613, 614, 615, 616, 617, 0, 0], [-7, -32, 0, -73, 0, -122, -146, 0, -187, -215, -233, -257, -281, -305, -328, 0, -373, -395, -416, -438, -462, -483, -506, -530, -554, -576, -598, 0, 0, 618, 619, 0, 0, 620, 621, 622, 623, 624, 625, 626, 0, 627, 628, 629, 630, 0, 0, 0, 631, 632, 633, 634, 635, 636], [0, -33, -53, -74, -98, 0, -147, 0, -188, -216, -234, 0, 0, -306, -329, -349, 0, -396, -417, 0, -463, -484, -507, 0, -555, -577, -599, 0, 0, 637, 638, 639, 0, 640, 641, 642, 643, 644, 645, 646, 647, 648, 649, 650, 651, 652, 0, 653, 0, 654, 655, 656, 0, 657], [-8, -34, 0, -75, -99, -123, -148, -165, -189, 0, -235, -258, -282, 0, 0, -350, -374, -397, 0, 0, -464, -485, 0, -531, -556, -578, -600, -618, -637, 0, 0, 658, 659, 660, 661, 0, 662, 663, 0, 664, 0, 665, 666, 0, 0, 667, 0, 668, 669, 670, 671, 672, 673, 674], [-9, -35, 0, -76, 0, -124, -149, -166, -190, -217, 0, -259, -283, 0, -330, -351, -375, -398, -418, 0, -465, -486, -508, -532, -557, -579, -601, -619, -638, 0, 0, 675, 676, 677, 678, 679, 0, 680, 681, 0, 682, 683, 684, 685, 0, 686, 687, 688, 0, 689, 690, 691, 0, 692], [-10, 0, -54, -77, -100, 0, -150, 0, -191, -218, -236, -260, -284, -307, -331, -352, -376, -399, -419, -439, -466, -487, 0, -533, -558, -580, -602, 0, -639, -658, -675, 0, 693, 694, 0, 695, 0, 696, 697, 698, 699, 700, 701, 702, 703, 704, 705, 706, 707, 708, 0, 709, 710, 711], [-11, -36, -55, 0, -101, -125, 0, -167, -192, -219, -237, -261, 0, -308, -332, -353, -377, 0, -420, -440, -467, -488, -509, -534, -559, -581, -603, 0, 0, -659, -676, -693, 0, 712, 713, 714, 0, 715, 716, 717, 718, 719, 720, 721, 0, 722, 723, 724, 725, 726, 0, 727, 0, 728], [-12, -37, 0, -78, -102, -126, -151, -168, -193, 0, -238, -262, -285, -309, -333, 0, -378, -400, 0, -441, -468, -489, -510, -535, -560, 0, -604, -620, -640, -660, -677, -694, -712, 0, 729, 0, 730, 0, 0, 731, 732, 0, 0, 733, 734, 735, 736, 737, 738, 739, 740, 741, 742, 743], [-13, 0, -56, -79, -103, -127, 0, -169, -194, 0, 0, -263, -286, -310, -334, 0, -379, -401, -421, -442, -469, 0, -511, -536, 0, 0, -605, -621, -641, -661, -678, 0, -713, -729, 0, 744, 745, 0, 746, 747, 748, 0, 0, 0, 749, 750, 751, 752, 753, 754, 755, 756, 757, 0], [0, 0, -57, -80, -104, -128, -152, -170, -195, -220, -239, 0, -287, -311, 0, -354, -380, -402, -422, -443, -470, -490, -512, -537, 0, -582, -606, -622, -642, 0, -679, -695, -714, 0, -744, 0, 0, 758, 759, 760, 761, 762, 763, 764, 765, 766, 0, 0, 767, 768, 769, 770, 0, 771], [-14, -38, -58, 0, -105, 0, -153, -171, -196, 0, -240, -264, -288, -312, -335, -355, -381, 0, -423, -444, 0, -491, -513, -538, -561, -583, 0, -623, -643, -662, 0, 0, 0, -730, -745, 0, 0, 772, 773, 774, 775, 776, 777, 778, 779, 0, 780, 0, 781, 782, 783, 784, 785, 786], [-15, -39, -59, -81, -106, 0, 0, -172, -197, 0, -241, -265, -289, -313, -336, -356, -382, -403, 0, -445, -471, -492, -514, -539, -562, -584, 0, -624, -644, -663, -680, -696, -715, 0, 0, -758, -772, 0, 787, 0, 788, 0, 789, 790, 791, 792, 0, 793, 794, 795, 0, 796, 797, 798], [-16, -40, -60, -82, -107, -129, 0, -173, -198, -221, -242, -266, -290, -314, 0, -357, 0, -404, -424, -446, -472, 0, -515, -540, 0, -585, 0, -625, -645, 0, -681, -697, -716, 0, -746, -759, -773, -787, 0, 799, 800, 0, 801, 802, 803, 804, 805, 806, 807, 808, 0, 809, 810, 811], [-17, -41, -61, -83, -108, -130, -154, -174, -199, -222, -243, -267, 0, -315, 0, -358, 0, -405, 0, -447, 0, 0, -516, -541, -563, -586, -607, -626, -646, -664, 0, -698, -717, -731, -747, -760, -774, 0, -799, 0, 812, 813, 0, 814, 815, 816, 817, 0, 0, 818, 819, 820, 821, 822], [-18, 0, -62, -84, -109, -131, 0, -175, -200, 0, -244, -268, 0, -316, -337, -359, -383, -406, -425, -448, 0, -493, 0, -542, 0, -587, -608, 0, -647, 0, -682, -699, -718, -732, -748, -761, -775, -788, -800, -812, 0, 823, 0, 824, 825, 0, 826, 827, 828, 0, 829, 830, 0, 831], [-19, -42, -63, 0, -110, -132, -155, -176, -201, -223, -245, -269, 0, -317, -338, -360, -384, -407, -426, -449, 0, -494, -517, 0, -564, -588, -609, -627, -648, -665, -683, -700, -719, 0, 0, -762, -776, 0, 0, -813, -823, 0, 832, 833, 834, 835, 0, 0, 836, 837, 838, 839, 0, 840], [-20, 0, 0, 0, -111, 0, -156, 0, -202, 0, -246, -270, -291, -318, -339, -361, 0, -408, 0, -450, -473, -495, -518, -543, -565, 0, -610, -628, -649, -666, -684, -701, -720, 0, 0, -763, -777, -789, -801, 0, 0, -832, 0, 841, 0, 842, 843, 844, 845, 0, 846, 847, 848, 849], [-21, -43, -64, 0, -112, -133, 0, -177, -203, -224, 0, 0, -292, -319, 0, -362, -385, 0, -427, 0, -474, -496, 0, 0, -566, -589, -611, -629, -650, 0, -685, -702, -721, -733, 0, -764, -778, -790, -802, -814, -824, -833, -841, 0, 850, 851, 852, 0, 853, 854, 855, 856, 857, 858], [-22, -44, -65, -85, -113, -134, -157, -178, -204, -225, 0, 0, -293, -320, -340, -363, -386, -409, -428, -451, -475, -497, -519, -544, -567, -590, -612, -630, -651, 0, 0, -703, 0, -734, -749, -765, -779, -791, -803, -815, -825, -834, 0, -850, 0, 859, 860, 861, 862, 863, 864, 0, 865, 866], [-23, -45, -66, -86, -114, -135, -158, 0, -205, -226, -247, -271, -294, -321, -341, -364, -387, 0, 0, -452, -476, -498, -520, -545, -568, -591, 0, 0, -652, -667, -686, -704, -722, -735, -750, -766, 0, -792, -804, -816, 0, -835, -842, -851, -859, 0, 867, 868, 0, 869, 870, 871, 872, 873], [-24, -46, -67, -87, -115, -136, -159, -179, -206, 0, -248, -272, -295, 0, -342, -365, -388, -410, -429, -453, -477, 0, -521, -546, -569, -592, 0, 0, 0, 0, -687, -705, -723, -736, -751, 0, -780, 0, -805, -817, -826, 0, -843, -852, -860, -867, 0, 874, 0, 875, 876, 877, 878, 879], [-25, -47, -68, 0, -116, -137, -160, -180, -207, 0, -249, -273, -296, -322, -343, -366, -389, 0, -430, -454, 0, 0, -522, -547, -570, 0, -613, 0, -653, -668, -688, -706, -724, -737, -752, 0, 0, -793, -806, 0, -827, 0, -844, 0, -861, -868, -874, 0, 880, 881, 882, 883, 884, 885], [-26, 0, -69, -88, 0, -138, -161, -181, -208, 0, -250, -274, -297, 0, -344, -367, -390, -411, -431, -455, -478, -499, -523, -548, -571, -593, -614, -631, 0, -669, 0, -707, -725, -738, -753, -767, -781, -794, -807, 0, -828, -836, -845, -853, -862, 0, 0, -880, 0, 886, 887, 888, 0, 889], [-27, -48, -70, -89, -117, -139, -162, 0, -209, -227, -251, -275, -298, -323, 0, -368, 0, 0, -432, -456, 0, -500, -524, -549, 0, -594, -615, -632, -654, -670, -689, -708, -726, -739, -754, -768, -782, -795, -808, -818, 0, -837, 0, -854, -863, -869, -875, -881, -886, 0, 0, 0, 890, 891], [-28, -49, 0, -90, -118, -140, 0, 0, -210, -228, -252, -276, -299, -324, -345, -369, 0, -412, -433, -457, -479, -501, -525, -550, -572, -595, -616, -633, -655, -671, -690, 0, 0, -740, -755, -769, -783, 0, 0, -819, -829, -838, -846, -855, -864, -870, -876, -882, -887, 0, 0, 892, 893, 894], [0, -50, -71, -91, -119, 0, 0, -182, -211, -229, -253, -277, -300, -325, -346, 0, -391, -413, -434, -458, -480, -502, -526, -551, -573, -596, -617, -634, -656, -672, -691, -709, -727, -741, -756, -770, -784, -796, -809, -820, -830, -839, -847, -856, 0, -871, -877, -883, -888, 0, -892, 0, 895, 0], [-29, -51, 0, -92, 0, -141, 0, -183, -212, -230, 0, 0, -301, -326, -347, -370, -392, -414, -435, -459, -481, -503, -527, -552, -574, -597, 0, -635, 0, -673, 0, -710, 0, -742, -757, 0, -785, -797, -810, -821, 0, 0, -848, -857, -865, -872, -878, -884, 0, -890, -893, -895, 0, 0], [-30, 0, 0, -93, -120, -142, -163, -184, -213, -231, -254, 0, -302, -327, 0, -371, -393, -415, -436, -460, -482, -504, -528, 0, -575, 0, 0, -636, -657, -674, -692, -711, -728, -743, 0, -771, -786, -798, -811, -822, -831, -840, -849, -858, -866, -873, -879, -885, -889, -891, -894, 0, 0, 0]], [[0, 0, 0, 0, 0, 0, 0, 0, 0, 0, 0, 0, 1, 0, 0, 0, 0, 0, 0, 0, 0, 0, 0, 0, 0, 0, 0, 2, 0, 3, 0, 4, 5, 6, 0, 0, 7, 8, 9, 10, 11, 12, 13, 0, 14, 15, 16, 17, 18, 19, 20, 21, 22, 0], [0, 0, 0, 0, 0, 0, 0, 0, 0, 0, 0, 0, 0, 0, 0, 0, 0, 0, 0, 0, 0, 0, 23, 0, 24, 0, 0, 25, 26, 27, 28, 29, 0, 30, 31, 32, 0, 33, 0, 34, 35, 36, 37, 38, 39, 40, 41, 0, 42, 43, 44, 45, 0, 0], [0, 0, 0, 0, 0, 0, 0, 0, 0, 0, 0, 0, 0, 0, 0, 0, 0, 0, 0, 46, 0, 0, 0, 0, 0, 0, 0, 47, 48, 49, 50, 51, 0, 52, 53, 54, 55, 56, 57, 0, 58, 59, 0, 60, 61, 62, 63, 0, 64, 65, 66, 0, 67, 0], [0, 0, 0, 0, 0, 0, 0, 0, 0, 0, 68, 0, 0, 0, 0, 0, 0, 0, 0, 0, 0, 0, 0, 69, 0, 0, 70, 0, 71, 72, 73, 74, 0, 75, 76, 0, 77, 78, 79, 80, 81, 82, 83, 84, 85, 86, 87, 88, 89, 0, 0, 90, 91, 92], [0, 0, 0, 0, 0, 0, 0, 0, 93, 0, 0, 0, 0, 0, 0, 0, 0, 0, 0, 0, 0, 0, 0, 0, 0, 0, 94, 95, 96, 97, 98, 0, 0, 99, 100, 101, 102, 0, 103, 104, 0, 105, 106, 107, 108, 109, 110, 111, 112, 113, 0, 114, 115, 116], [0, 0, 0, 0, 0, 0, 0, 0, 0, 0, 0, 0, 0, 0, 0, 0, 0, 0, 0, 0, 0, 0, 0, 0, 0, 0, 0, 0, 117, 118, 0, 119, 120, 121, 122, 123, 124, 125, 126, 0, 127, 0, 128, 129, 130, 131, 0, 132, 133, 134, 135, 136, 137, 138], [0, 0, 0, 0, 0, 0, 0, 139, 0, 140, 0, 141, 142, 0, 0, 0, 0, 0, 0, 0, 0, 0, 0, 143, 144, 0, 0, 0, 145, 146, 147, 148, 149, 150, 151, 152, 153, 154, 155, 156, 157, 158, 159, 160, 0, 161, 162, 163, 164, 165, 166, 167, 0, 168], [0, 0, 0, 0, 0, 0, -139, 0, 0, 169, 0, 0, 0, 0, 0, 0, 0, 0, 0, 170, 0, 0, 0, 0, 0, 0, 0, 171, 172, 173, 174, 175, 0, 176, 177, 178, 179, 180, 181, 182, 183, 184, 0, 0, 0, 0, 185, 186, 187, 188, 189, 190, 191, 192], [0, 0, 0, 0, -93, 0, 0, 0, 0, 0, 0, 0, 193, 0, 0, 0, 0, 0, 0, 0, 0, 194, 0, 0, 0, 0, 0, 0, 0, 195, 196, 0, 197, 198, 199, 0, 200, 201, 202, 203, 0, 204, 0, 205, 206, 207, 208, 209, 210, 211, 212, 213, 0, 214], [0, 0, 0, 0, 0, 0, -140, -169, 0, 0, 0, 0, 0, 0, 0, 0, 0, 0, 215, 0, 216, 0, 0, 217, 218, 0, 0, 0, 219, 220, 0, 221, 222, 0, 223, 224, 225, 226, 0, 227, 228, 229, 0, 230, 231, 232, 233, 234, 235, 236, 237, 238, 0, 239], [0, 0, 0, -68, 0, 0, 0, 0, 0, 0, 0, 0, 0, 0, 0, 0, 0, 0, 0, 0, 0, 0, 240, 0, 0, 0, 0, 241, 242, 243, 0, 244, 245, 246, 247, 248, 249, 250, 251, 252, 0, 253, 254, 255, 256, 0, 257, 258, 259, 260, 261, 262, 263, 264], [0, 0, 0, 0, 0, 0, -141, 0, 0, 0, 0, 0, 0, 0, 0, 0, 0, 265, 0, 0, 0, 0, 0, 0, 0, 0, 0, 0, 266, 0, 267, 0, 0, 268, 269, 270, 271, 272, 273, 274, 0, 275, 0, 276, 277, 0, 278, 0, 279, 280, 281, 282, 283, 0], [-1, 0, 0, 0, 0, 0, -142, 0, -193, 0, 0, 0, 0, 0, 0, 0, 0, 0, 0, 0, 0, 0, 0, 0, 0, 0, 0, 284, 0, 285, 0, 286, 287, 288, 289, 290, 291, 292, 293, 294, 295, 0, 296, 297, 298, 299, 300, 301, 302, 303, 0, 304, 305, 0], [0, 0, 0, 0, 0, 0, 0, 0, 0, 0, 0, 0, 0, 0, 0, 0, 0, 0, 306, 0, 0, 0, 0, 0, 0, 0, 307, 308, 309, 310, 311, 312, 0, 313, 314, 315, 316, 317, 318, 319, 0, 320, 321, 322, 323, 324, 325, 326, 327, 328, 329, 330, 0, 0], [0, 0, 0, 0, 0, 0, 0, 0, 0, 0, 0, 0, 0, 0, 0, 0, 0, 0, 0, 0, 0, 0, 0, 0, 0, 0, 0, 331, 332, 333, 334, 335, 0, 336, 337, 0, 0, 0, 338, 339, 340, 0, 0, 0, 341, 0, 342, 343, 344, 0, 345, 346, 347, 0], [0, 0, 0, 0, 0, 0, 0, 0, 0, 0, 0, 0, 0, 0, 0, 0, 0, 0, 0, 0, 0, 0, 0, 0, 0, 0, 0, 348, 349, 0, 350, 351, 352, 353, 0, 354, 355, 356, 357, 358, 359, 360, 361, 362, 363, 364, 365, 366, 367, 0, 0, 0, 368, 369], [0, 0, 0, 0, 0, 0, 0, 0, 0, 0, 0, 0, 0, 0, 0, 0, 0, 0, 0, 0, 0, 0, 370, 0, 0, 0, 0, 371, 372, 0, 373, 374, 0, 375, 376, 377, 378, 379, 380, 381, 382, 383, 384, 385, 386, 0, 387, 388, 389, 390, 391, 392, 393, 394], [0, 0, 0, 0, 0, 0, 0, 0, 0, 0, 0, -265, 0, 0, 0, 0, 0, 0, 0, 0, 395, 396, 0, 0, 0, 397, 0, 398, 399, 400, 0, 401, 402, 403, 404, 405, 406, 407, 408, 409, 0, 410, 411, 412, 413, 414, 415, 416, 417, 418, 419, 420, 421, 422], [0, 0, 0, 0, 0, 0, 0, 0, 0, -215, 0, 0, 0, -306, 0, 0, 0, 0, 0, 0, 0, 0, 0, 0, 0, 0, 0, 423, 424, 425, 426, 0, 427, 0, 428, 429, 430, 0, 431, 432, 433, 434, 435, 436, 437, 438, 439, 0, 440, 441, 442, 443, 444, 445], [0, 0, -46, 0, 0, 0, 0, -170, 0, 0, 0, 0, 0, 0, 0, 0, 0, 0, 0, 0, 0, 0, 0, 0, 0, 0, 0, 446, 447, 448, 0, 449, 450, 451, 452, 453, 454, 455, 456, 457, 458, 0, 459, 460, 461, 462, 463, 464, 465, 466, 467, 468, 0, 469], [0, 0, 0, 0, 0, 0, 0, 0, 0, -216, 0, 0, 0, 0, 0, 0, 0, -395, 0, 0, 0, 0, 0, 0, 470, 0, 471, 472, 0, 0, 473, 0, 474, 475, 476, 477, 478, 479, 480, 0, 0, 481, 482, 0, 483, 484, 0, 485, 0, 0, 486, 487, 488, 489], [0, 0, 0, 0, 0, 0, 0, 0, -194, 0, 0, 0, 0, 0, 0, 0, 0, -396, 0, 0, 0, 0, 490, 0, 0, 491, 0, 492, 493, 494, 495, 496, 497, 498, 0, 499, 0, 0, 500, 501, 502, 503, 504, 505, 506, 507, 508, 509, 510, 511, 512, 513, 514, 0], [0, -23, 0, 0, 0, 0, 0, 0, 0, 0, -240, 0, 0, 0, 0, 0, -370, 0, 0, 0, 0, -490, 0, 0, 0, 0, 515, 0, 516, 517, 518, 519, 0, 520, 0, 521, 522, 523, 524, 0, 525, 0, 526, 0, 0, 527, 528, 529, 530, 531, 532, 533, 534, 535], [0, 0, 0, -69, 0, 0, -143, 0, 0, -217, 0, 0, 0, 0, 0, 0, 0, 0, 0, 0, 0, 0, 0, 0, 0, 0, 0, 536, 537, 0, 0, 538, 539, 0, 0, 540, 541, 542, 543, 544, 0, 545, 546, 547, 0, 548, 549, 550, 0, 551, 0, 552, 553, 554], [0, -24, 0, 0, 0, 0, -144, 0, 0, -218, 0, 0, 0, 0, 0, 0, 0, 0, 0, 0, -470, 0, 0, 0, 0, 0, 0, 555, 0, 556, 557, 558, 559, 560, 561, 562, 563, 564, 565, 566, 567, 568, 569, 570, 571, 0, 572, 573, 574, 575, 0, 576, 577, 578], [0, 0, 0, 0, 0, 0, 0, 0, 0, 0, 0, 0, 0, 0, 0, 0, 0, -397, 0, 0, 0, -491, 0, 0, 0, 0, 0, 579, 580, 581, 0, 0, 582, 583, 584, 585, 0, 586, 0, 587, 588, 589, 590, 591, 592, 593, 594, 0, 595, 596, 597, 0, 598, 599], [0, 0, 0, -70, -94, 0, 0, 0, 0, 0, 0, 0, 0, -307, 0, 0, 0, 0, 0, 0, -471, 0, -515, 0, 0, 0, 0, 600, 601, 602, 0, 603, 604, 605, 606, 0, 607, 0, 608, 609, 610, 0, 611, 612, 613, 614, 615, 616, 617, 618, 619, 620, 0, 621], [-2, -25, -47, 0, -95, 0, 0, -171, 0, 0, -241, 0, -284, -308, -331, -348, -371, -398, -423, -446, -472, -492, 0, -536, -555, -579, -600, 0, 622, 623, 0, 0, 0, 624, 625, 626, 627, 628, 629, 630, 631, 0, 632, 633, 634, 635, 0, 636, 637, 0, 638, 639, 640, 641], [0, -26, -48, -71, -96, -117, -145, -172, 0, -219, -242, -266, 0, -309, -332, -349, -372, -399, -424, -447, 0, -493, -516, -537, 0, -580, -601, -622, 0, 0, 642, 643, 644, 0, 645, 646, 647, 648, 649, 0, 650, 0, 651, 652, 0, 653, 0, 654, 0, 655, 0, 656, 0, 657], [-3, -27, -49, -72, -97, -118, -146, -173, -195, -220, -243, 0, -285, -310, -333, 0, 0, -400, -425, -448, 0, -494, -517, 0, -556, -581, -602, -623, 0, 0, 658, 659, 660, 661, 662, 663, 664, 665, 0, 0, 666, 667, 668, 669, 670, 671, 672, 673, 674, 675, 676, 677, 678, 679], [0, -28, -50, -73, -98, 0, -147, -174, -196, 0, 0, -267, 0, -311, -334, -350, -373, 0, -426, 0, -473, -495, -518, 0, -557, 0, 0, 0, -642, -658, 0, 680, 681, 0, 682, 683, 684, 0, 685, 686, 687, 688, 0, 689, 690, 691, 692, 693, 694, 695, 696, 697, 698, 699], [-4, -29, -51, -74, 0, -119, -148, -175, 0, -221, -244, 0, -286, -312, -335, -351, -374, -401, 0, -449, 0, -496, -519, -538, -558, 0, -603, 0, -643, -659, -680, 0, 700, 0, 0, 701, 702, 0, 703, 704, 705, 706, 707, 708, 709, 0, 710, 711, 712, 713, 714, 715, 716, 0], [-5, 0, 0, 0, 0, -120, -149, 0, -197, -222, -245, 0, -287, 0, 0, -352, 0, -402, -427, -450, -474, -497, 0, -539, -559, -582, -604, 0, -644, -660, -681, -700, 0, 717, 718, 0, 719, 720, 0, 721, 722, 723, 724, 0, 0, 725, 726, 0, 727, 728, 729, 730, 731, 732], [-6, -30, -52, -75, -99, -121, -150, -176, -198, 0, -246, -268, -288, -313, -336, -353, -375, -403, 0, -451, -475, -498, -520, 0, -560, -583, -605, -624, 0, -661, 0, 0, -717, 0, 733, 734, 735, 736, 737, 738, 0, 739, 740, 741, 0, 0, 742, 743, 744, 745, 746, 747, 748, 749], [0, -31, -53, -76, -100, -122, -151, -177, -199, -223, -247, -269, -289, -314, -337, 0, -376, -404, -428, -452, -476, 0, 0, 0, -561, -584, -606, -625, -645, -662, -682, 0, -718, -733, 0, 750, 751, 752, 753, 754, 755, 0, 0, 756, 757, 0, 758, 759, 760, 761, 0, 762, 0, 763], [0, -32, -54, 0, -101, -123, -152, -178, 0, -224, -248, -270, -290, -315, 0, -354, -377, -405, -429, -453, -477, -499, -521, -540, -562, -585, 0, -626, -646, -663, -683, -701, 0, -734, -750, 0, 0, 764, 765, 766, 767, 768, 0, 769, 770, 0, 0, 771, 772, 773, 0, 774, 775, 776], [-7, 0, -55, -77, -102, -124, -153, -179, -200, -225, -249, -271, -291, -316, 0, -355, -378, -406, -430, -454, -478, 0, -522, -541, -563, 0, -607, -627, -647, -664, -684, -702, -719, -735, -751, 0, 0, 777, 778, 779, 0, 780, 0, 781, 782, 783, 0, 784, 785, 786, 787, 788, 789, 790], [-8, -33, -56, -78, 0, -125, -154, -180, -201, -226, -250, -272, -292, -317, 0, -356, -379, -407, 0, -455, -479, 0, -523, -542, -564, -586, 0, -628, -648, -665, 0, 0, -720, -736, -752, -764, -777, 0, 791, 792, 793, 794, 795, 796, 797, 798, 799, 800, 801, 802, 803, 804, 805, 806], [-9, 0, -57, -79, -103, -126, -155, -181, -202, 0, -251, -273, -293, -318, -338, -357, -380, -408, -431, -456, -480, -500, -524, -543, -565, 0, -608, -629, -649, 0, -685, -703, 0, -737, -753, -765, -778, -791, 0, 807, 808, 809, 810, 811, 812, 813, 814, 815, 816, 817, 818, 819, 0, 0], [-10, -34, 0, -80, -104, 0, -156, -182, -203, -227, -252, -274, -294, -319, -339, -358, -381, -409, -432, -457, 0, -501, 0, -544, -566, -587, -609, -630, 0, 0, -686, -704, -721, -738, -754, -766, -779, -792, -807, 0, 820, 821, 822, 823, 824, 0, 825, 826, 827, 828, 829, 0, 830, 831], [-11, -35, -58, -81, 0, -127, -157, -183, 0, -228, 0, 0, -295, 0, -340, -359, -382, 0, -433, -458, 0, -502, -525, 0, -567, -588, -610, -631, -650, -666, -687, -705, -722, 0, -755, -767, 0, -793, -808, -820, 0, 832, 833, 834, 835, 0, 836, 837, 838, 839, 840, 841, 842, 843], [-12, -36, -59, -82, -105, 0, -158, -184, -204, -229, -253, -275, 0, -320, 0, -360, -383, -410, -434, 0, -481, -503, 0, -545, -568, -589, 0, 0, 0, -667, -688, -706, -723, -739, 0, -768, -780, -794, -809, -821, -832, 0, 844, 845, 846, 847, 848, 0, 849, 850, 851, 852, 853, 854], [-13, -37, 0, -83, -106, -128, -159, 0, 0, 0, -254, 0, -296, -321, 0, -361, -384, -411, -435, -459, -482, -504, -526, -546, -569, -590, -611, -632, -651, -668, 0, -707, -724, -740, 0, 0, 0, -795, -810, -822, -833, -844, 0, 855, 0, 856, 857, 0, 0, 858, 859, 860, 861, 862], [0, -38, -60, -84, -107, -129, -160, 0, -205, -230, -255, -276, -297, -322, 0, -362, -385, -412, -436, -460, 0, -505, 0, -547, -570, -591, -612, -633, -652, -669, -689, -708, 0, -741, -756, -769, -781, -796, -811, -823, -834, -845, -855, 0, 863, 0, 0, 864, 865, 866, 867, 868, 0, 0], [-14, -39, -61, -85, -108, -130, 0, 0, -206, -231, -256, -277, -298, -323, -341, -363, -386, -413, -437, -461, -483, -506, 0, 0, -571, -592, -613, -634, 0, -670, -690, -709, 0, 0, -757, -770, -782, -797, -812, -824, -835, -846, 0, -863, 0, 0, 869, 870, 871, 872, 0, 873, 874, 875], [-15, -40, -62, -86, -109, -131, -161, 0, -207, -232, 0, 0, -299, -324, 0, -364, 0, -414, -438, -462, -484, -507, -527, -548, 0, -593, -614, -635, -653, -671, -691, 0, -725, 0, 0, 0, -783, -798, -813, 0, 0, -847, -856, 0, 0, 0, 876, 0, 877, 878, 879, 880, 881, 882], [-16, -41, -63, -87, -110, 0, -162, -185, -208, -233, -257, -278, -300, -325, -342, -365, -387, -415, -439, -463, 0, -508, -528, -549, -572, -594, -615, 0, 0, -672, -692, -710, -726, -742, -758, 0, 0, -799, -814, -825, -836, -848, -857, 0, -869, -876, 0, 883, 884, 885, 886, 887, 0, 888], [-17, 0, 0, -88, -111, -132, -163, -186, -209, -234, -258, 0, -301, -326, -343, -366, -388, -416, 0, -464, -485, -509, -529, -550, -573, 0, -616, -636, -654, -673, -693, -711, 0, -743, -759, -771, -784, -800, -815, -826, -837, 0, 0, -864, -870, 0, -883, 0, 0, 889, 890, 891, 892, 0], [-18, -42, -64, -89, -112, -133, -164, -187, -210, -235, -259, -279, -302, -327, -344, -367, -389, -417, -440, -465, 0, -510, -530, 0, -574, -595, -617, -637, 0, -674, -694, -712, -727, -744, -760, -772, -785, -801, -816, -827, -838, -849, 0, -865, -871, -877, -884, 0, 0, 893, 0, 894, 895, 896], [-19, -43, -65, 0, -113, -134, -165, -188, -211, -236, -260, -280, -303, -328, 0, 0, -390, -418, -441, -466, 0, -511, -531, -551, -575, -596, -618, 0, -655, -675, -695, -713, -728, -745, -761, -773, -786, -802, -817, -828, -839, -850, -858, -866, -872, -878, -885, -889, -893, 0, 897, 898, 0, 899], [-20, -44, -66, 0, 0, -135, -166, -189, -212, -237, -261, -281, 0, -329, -345, 0, -391, -419, -442, -467, -486, -512, -532, 0, 0, -597, -619, -638, 0, -676, -696, -714, -729, -746, 0, 0, -787, -803, -818, -829, -840, -851, -859, -867, 0, -879, -886, -890, 0, -897, 0, 900, 901, 902], [-21, -45, 0, -90, -114, -136, -167, -190, -213, -238, -262, -282, -304, -330, -346, 0, -392, -420, -443, -468, -487, -513, -533, -552, -576, 0, -620, -639, -656, -677, -697, -715, -730, -747, -762, -774, -788, -804, -819, 0, -841, -852, -860, -868, -873, -880, -887, -891, -894, -898, -900, 0, 903, 904], [-22, 0, -67, -91, -115, -137, 0, -191, 0, 0, -263, -283, -305, 0, -347, -368, -393, -421, -444, 0, -488, -514, -534, -553, -577, -598, 0, -640, 0, -678, -698, -716, -731, -748, 0, -775, -789, -805, 0, -830, -842, -853, -861, 0, -874, -881, 0, -892, -895, 0, -901, -903, 0, 905], [0, 0, 0, -92, -116, -138, -168, -192, -214, -239, -264, 0, 0, 0, 0, -369, -394, -422, -445, -469, -489, 0, -535, -554, -578, -599, -621, -641, -657, -679, -699, 0, -732, -749, -763, -776, -790, -806, 0, -831, -843, -854, -862, 0, -875, -882, -888, 0, -896, -899, -902, -904, -905, 0]], [[0, 0, 0, 0, 0, 0, 0, 0, 0, 0, 0, 0, 1, 0, 0, 0, 0, 0, 0, 0, 0, 0, 0, 2, 0, 0, 0, 0, 3, 4, 5, 6, 0, 7, 0, 8, 0, 9, 0, 10, 11, 12, 13, 14, 15, 16, 17, 18, 0, 19, 20, 21, 0, 22], [0, 0, 0, 0, 0, 0, 0, 0, 0, 0, 0, 0, 0, 0, 0, 0, 23, 0, 0, 0, 0, 0, 0, 0, 0, 0, 0, 24, 25, 26, 27, 28, 29, 0, 30, 0, 31, 32, 33, 34, 35, 36, 37, 38, 39, 40, 41, 42, 43, 44, 0, 45, 46, 47], [0, 0, 0, 0, 0, 0, 0, 0, 48, 0, 0, 0, 0, 0, 0, 0, 0, 0, 0, 49, 0, 0, 0, 0, 0, 0, 0, 50, 51, 52, 53, 0, 54, 55, 56, 57, 58, 59,