[[[0, 1, 0, 0, 2, 0, 0, 0, 3, 0, 0, 0, 0, 0, 0, 0, 4, 0, 0, 0, 0, 0, 0, 5, 0, 0, 0, 0, 0, 0, 0, 0, 0, 0, 0, 0, 0, 0, 0, 0, 0, 0, 0, 6, 0, 0, 7, 0, 0, 0, 8, 0, 0, 9, 0, 10, 0, 11, 12, 0, 13, 14, 15, 16, 17, 18, 19, 20, 21, 22, 0, 0, 0, 23, 24, 0, 25, 26, 27, 0, 28, 29, 30, 31, 32, 33, 34, 35, 0, 36, 37, 0, 38, 0, 39, 0, 40, 41, 42, 43], [-1, 0, 0, 0, 44, 0, 0, 0, 0, 0, 0, 0, 0, 0, 0, 0, 0, 0, 0, 0, 0, 0, 0, 0, 0, 0, 0, 0, 0, 0, 0, 0, 0, 0, 0, 0, 0, 0, 0, 0, 0, 45, 0, 0, 0, 0, 0, 0, 0, 0, 0, 46, 0, 47, 48, 49, 50, 51, 52, 0, 53, 54, 55, 56, 57, 58, 59, 60, 0, 61, 62, 63, 64, 65, 66, 67, 68, 0, 0, 69, 70, 0, 0, 0, 71, 72, 73, 74, 75, 0, 76, 77, 78, 79, 80, 81, 0, 82, 83, 84], [0, 0, 0, 0, 0, 0, 0, 0, 0, 0, 0, 0, 0, 0, 0, 0, 0, 0, 0, 0, 0, 0, 0, 0, 0, 0, 0, 85, 0, 0, 0, 0, 0, 0, 0, 86, 0, 0, 0, 0, 0, 0, 0, 0, 87, 0, 0, 0, 0, 0, 88, 89, 90, 0, 91, 92, 93, 94, 95, 96, 97, 0, 98, 99, 100, 101, 102, 0, 103, 104, 105, 0, 106, 0, 107, 108, 109, 110, 111, 112, 113, 114, 115, 116, 117, 118, 0, 119, 120, 121, 122, 123, 124, 125, 126, 127, 128, 129, 130, 131], [0, 0, 0, 0, 0, 0, 0, 0, 0, 0, 0, 0, 0, 0, 0, 0, 0, 0, 0, 0, 0, 0, 0, 0, 0, 132, 0, 0, 0, 133, 0, 0, 0, 0, 0, 0, 0, 0, 0, 0, 0, 0, 0, 0, 0, 0, 0, 134, 0, 0, 0, 0, 135, 0, 0, 136, 137, 138, 0, 139, 140, 141, 0, 142, 143, 0, 144, 145, 146, 0, 0, 147, 148, 0, 0, 149, 0, 150, 151, 152, 153, 154, 155, 156, 157, 158, 159, 160, 161, 162, 163, 164, 165, 0, 166, 0, 167, 168, 169, 0], [-2, -44, 0, 0, 0, 170, 0, 0, 0, 0, 0, 171, 0, 0, 0, 172, 0, 0, 0, 0, 0, 0, 0, 0, 0, 0, 0, 0, 0, 0, 0, 0, 0, 0, 0, 0, 0, 0, 0, 0, 0, 0, 0, 0, 0, 0, 173, 174, 0, 0, 0, 175, 176, 0, 177, 0, 0, 0, 178, 0, 179, 180, 181, 182, 183, 184, 185, 186, 0, 187, 188, 0, 189, 190, 0, 0, 191, 192, 193, 194, 195, 196, 197, 198, 199, 200, 201, 202, 0, 203, 0, 204, 0, 205, 0, 206, 207, 208, 209, 210], [0, 0, 0, 0, -170, 0, 0, 0, 0, 0, 0, 0, 0, 0, 0, 0, 0, 0, 0, 211, 0, 0, 0, 212, 213, 0, 0, 0, 0, 0, 214, 0, 0, 0, 0, 0, 215, 0, 0, 0, 0, 0, 216, 0, 0, 0, 0, 0, 0, 0, 217, 218, 219, 220, 0, 221, 222, 223, 224, 0, 225, 0, 226, 227, 0, 228, 0, 0, 0, 229, 230, 0, 0, 0, 231, 232, 233, 234, 235, 236, 237, 238, 239, 240, 0, 241, 242, 243, 244, 245, 246, 247, 0, 248, 249, 250, 251, 0, 252, 253], [0, 0, 0, 0, 0, 0, 0, 0, 0, 0, 0, 0, 0, 0, 0, 0, 0, 0, 0, 0, 0, 254, 0, 0, 0, 0, 0, 0, 0, 0, 255, 0, 0, 0, 0, 0, 0, 256, 0, 257, 0, 0, 258, 0, 0, 0, 0, 0, 0, 0, 259, 260, 261, 262, 0, 263, 264, 265, 266, 267, 268, 0, 0, 269, 270, 271, 272, 273, 274, 275, 276, 277, 278, 0, 279, 280, 281, 282, 283, 284, 285, 286, 287, 288, 0, 289, 0, 290, 0, 0, 291, 292, 293, 294, 0, 295, 0, 296, 297, 298], [0, 0, 0, 0, 0, 0, 0, 0, 0, 0, 0, 0, 0, 0, 0, 0, 0, 0, 0, 0, 0, 0, 0, 299, 0, 0, 0, 0, 0, 0, 300, 0, 0, 0, 0, 0, 0, 0, 0, 0, 0, 0, 301, 0, 0, 0, 0, 0, 0, 0, 302, 303, 0, 304, 305, 306, 307, 308, 0, 309, 310, 311, 312, 0, 313, 314, 0, 315, 316, 317, 318, 319, 0, 320, 321, 322, 323, 324, 0, 325, 326, 327, 328, 0, 329, 330, 331, 332, 333, 334, 335, 336, 337, 338, 339, 340, 341, 342, 343, 344], [-3, 0, 0, 0, 0, 0, 0, 0, 0, 345, 0, 0, 0, 0, 0, 0, 0, 0, 0, 0, 0, 0, 346, 0, 0, 0, 0, 0, 347, 0, 348, 0, 349, 0, 0, 0, 0, 0, 0, 0, 0, 0, 350, 0, 0, 0, 0, 0, 0, 351, 352, 353, 354, 355, 356, 0, 357, 358, 359, 360, 361, 362, 363, 364, 365, 366, 0, 367, 368, 369, 370, 0, 371, 372, 373, 0, 374, 375, 376, 377, 0, 0, 378, 379, 380, 381, 382, 0, 0, 383, 384, 385, 386, 387, 0, 388, 389, 390, 0, 0], [0, 0, 0, 0, 0, 0, 0, 0, -345, 0, 0, 0, 0, 0, 0, 0, 0, 0, 0, 0, 0, 0, 0, 0, 0, 0, 0, 0, 0, 0, 391, 0, 0, 0, 0, 0, 0, 0, 0, 392, 393, 0, 0, 0, 0, 0, 0, 0, 0, 0, 0, 394, 395, 396, 397, 0, 0, 398, 0, 399, 400, 401, 402, 403, 404, 405, 0, 0, 406, 0, 407, 408, 409, 410, 411, 412, 413, 414, 415, 416, 0, 417, 418, 0, 419, 420, 421, 422, 423, 424, 0, 425, 426, 427, 428, 429, 430, 431, 0, 0], [0, 0, 0, 0, 0, 0, 0, 0, 0, 0, 0, 0, 0, 0, 0, 0, 0, 0, 0, 0, 0, 0, 432, 0, 0, 433, 0, 434, 0, 0, 0, 0, 0, 0, 0, 0, 0, 0, 0, 0, 435, 0, 0, 0, 0, 0, 0, 0, 0, 0, 436, 0, 437, 438, 439, 440, 441, 442, 0, 443, 444, 0, 445, 446, 447, 0, 448, 449, 450, 451, 452, 453, 454, 455, 456, 457, 458, 459, 460, 461, 462, 0, 463, 464, 465, 466, 0, 467, 468, 469, 470, 471, 472, 0, 473, 474, 475, 476, 477, 478], [0, 0, 0, 0, -171, 0, 0, 0, 0, 0, 0, 0, 0, 0, 0, 0, 0, 0, 0, 0, 0, 0, 0, 0, 0, 0, 0, 0, 0, 0, 0, 0, 0, 0, 0, 0, 0, 0, 0, 0, 0, 0, 0, 0, 0, 0, 0, 0, 0, 0, 479, 480, 481, 482, 483, 484, 0, 485, 486, 487, 0, 0, 488, 489, 490, 491, 0, 0, 492, 493, 494, 0, 0, 495, 0, 496, 0, 497, 498, 499, 500, 501, 502, 503, 504, 505, 506, 507, 508, 0, 509, 510, 511, 512, 513, 514, 0, 0, 515, 0], [0, 0, 0, 0, 0, 0, 0, 0, 0, 0, 0, 0, 0, 0, 0, 0, 0, 516, 0, 517, 0, 0, 0, 0, 0, 0, 0, 0, 0, 0, 0, 0, 518, 0, 519, 0, 0, 520, 0, 0, 521, 0, 0, 0, 0, 0, 0, 522, 0, 0, 523, 524, 525, 526, 527, 528, 529, 530, 531, 532, 0, 533, 534, 535, 0, 536, 0, 537, 538, 0, 539, 540, 541, 542, 0, 543, 544, 0, 545, 546, 0, 547, 548, 549, 550, 551, 552, 553, 554, 555, 556, 0, 557, 558, 0, 559, 560, 0, 561, 562], [0, 0, 0, 0, 0, 0, 0, 0, 0, 0, 0, 0, 0, 0, 0, 0, 0, 0, 0, 563, 0, 0, 0, 0, 0, 0, 0, 564, 0, 0, 0, 0, 0, 0, 0, 565, 0, 0, 0, 0, 0, 0, 0, 0, 0, 0, 0, 0, 0, 0, 566, 567, 568, 569, 570, 571, 0, 0, 572, 573, 0, 0, 0, 574, 0, 575, 576, 577, 578, 579, 580, 581, 582, 0, 583, 584, 585, 586, 587, 588, 0, 589, 0, 590, 591, 0, 592, 0, 593, 594, 595, 596, 597, 598, 599, 600, 601, 602, 603, 0], [0, 0, 0, 0, 0, 0, 0, 0, 0, 0, 0, 0, 0, 0, 0, 604, 0, 0, 605, 0, 0, 0, 0, 0, 0, 0, 0, 0, 0, 0, 0, 0, 0, 0, 0, 0, 0, 0, 0, 0, 0, 0, 0, 0, 0, 0, 0, 0, 0, 0, 606, 607, 608, 609, 610, 611, 0, 612, 613, 614, 615, 616, 617, 618, 619, 620, 0, 621, 622, 623, 624, 625, 626, 0, 627, 628, 629, 630, 631, 632, 633, 0, 634, 635, 636, 637, 638, 639, 640, 641, 642, 643, 644, 645, 646, 647, 0, 648, 649, 0], [0, 0, 0, 0, -172, 0, 0, 0, 0, 0, 0, 0, 0, 0, -604, 0, 0, 0, 0, 0, 0, 0, 0, 0, 0, 0, 0, 0, 0, 0, 0, 0, 650, 0, 0, 0, 651, 0, 0, 0, 0, 0, 0, 0, 0, 0, 0, 0, 0, 0, 652, 653, 654, 655, 0, 656, 657, 0, 658, 659, 660, 661, 0, 662, 663, 664, 665, 666, 667, 668, 669, 670, 671, 672, 673, 674, 675, 676, 677, 678, 679, 680, 681, 682, 683, 684, 685, 686, 687, 0, 688, 689, 690, 691, 692, 0, 693, 0, 694, 695], [-4, 0, 0, 0, 0, 0, 0, 0, 0, 0, 0, 0, 0, 0, 0, 0, 0, 0, 0, 0, 0, 696, 0, 0, 0, 0, 0, 0, 0, 0, 0, 697, 698, 0, 0, 0, 0, 0, 0, 699, 0, 0, 0, 0, 0, 0, 0, 700, 0, 0, 701, 702, 0, 703, 704, 705, 0, 0, 706, 707, 708, 709, 710, 711, 712, 713, 0, 714, 0, 0, 715, 716, 717, 718, 0, 0, 719, 720, 0, 721, 722, 723, 724, 0, 725, 726, 727, 728, 729, 730, 731, 732, 733, 734, 735, 736, 737, 738, 739, 740], [0, 0, 0, 0, 0, 0, 0, 0, 0, 0, 0, 0, -516, 0, 0, 0, 0, 0, 0, 0, 0, 0, 0, 0, 0, 0, 0, 0, 0, 0, 0, 0, 0, 0, 0, 741, 0, 0, 0, 0, 742, 743, 0, 0, 0, 0, 0, 0, 0, 0, 744, 745, 746, 747, 748, 749, 750, 751, 752, 753, 754, 755, 0, 756, 757, 0, 0, 758, 759, 0, 760, 761, 762, 763, 764, 765, 0, 766, 767, 0, 0, 768, 0, 769, 770, 0, 771, 772, 773, 774, 0, 775, 776, 777, 778, 779, 0, 780, 0, 781], [0, 0, 0, 0, 0, 0, 0, 0, 0, 0, 0, 0, 0, 0, -605, 0, 0, 0, 0, 0, 0, 0, 0, 0, 0, 782, 0, 0, 0, 0, 0, 783, 784, 0, 0, 785, 786, 0, 0, 0, 0, 0, 787, 0, 0, 0, 0, 0, 0, 0, 788, 789, 790, 0, 791, 792, 793, 0, 0, 794, 795, 796, 797, 798, 799, 800, 801, 0, 0, 802, 803, 0, 804, 805, 0, 806, 807, 808, 0, 809, 810, 811, 0, 812, 813, 0, 814, 815, 816, 817, 818, 819, 820, 821, 822, 823, 0, 824, 825, 0], [0, 0, 0, 0, 0, -211, 0, 0, 0, 0, 0, 0, -517, -563, 0, 0, 0, 0, 0, 0, 0, 0, 0, 0, 0, 0, 0, 0, 0, 0, 0, 826, 827, 0, 0, 0, 0, 0, 0, 0, 0, 0, 0, 0, 0, 828, 0, 0, 0, 0, 829, 0, 830, 0, 831, 832, 833, 834, 835, 836, 837, 838, 839, 840, 841, 842, 843, 844, 0, 845, 0, 846, 0, 847, 848, 0, 849, 850, 851, 852, 853, 854, 855, 856, 857, 858, 859, 860, 0, 861, 862, 863, 864, 865, 866, 867, 868, 869, 0, 870], [0, 0, 0, 0, 0, 0, 0, 0, 0, 0, 0, 0, 0, 0, 0, 0, 0, 0, 0, 0, 0, 0, 0, 0, 0, 871, 872, 0, 0, 0, 0, 0, 0, 0, 0, 0, 0, 873, 0, 0, 0, 0, 874, 0, 0, 0, 0, 0, 0, 0, 875, 876, 877, 878, 879, 880, 881, 882, 883, 884, 885, 886, 887, 888, 0, 889, 890, 0, 0, 0, 891, 892, 893, 0, 894, 0, 895, 0, 896, 0, 897, 898, 899, 900, 901, 902, 903, 904, 905, 906, 907, 908, 909, 910, 911, 912, 913, 0, 914, 915], [0, 0, 0, 0, 0, 0, -254, 0, 0, 0, 0, 0, 0, 0, 0, 0, -696, 0, 0, 0, 0, 0, 0, 0, 0, 0, 0, 0, 0, 0, 0, 0, 0, 916, 0, 0, 0, 0, 917, 0, 0, 0, 0, 0, 0, 0, 0, 0, 0, 0, 918, 919, 920, 921, 922, 923, 924, 0, 925, 0, 0, 0, 0, 926, 927, 928, 929, 930, 0, 931, 0, 932, 933, 934, 935, 0, 936, 937, 938, 939, 940, 941, 942, 0, 943, 944, 945, 946, 947, 948, 949, 950, 0, 0, 951, 952, 953, 954, 955, 956], [0, 0, 0, 0, 0, 0, 0, 0, -346, 0, -432, 0, 0, 0, 0, 0, 0, 0, 0, 0, 0, 0, 0, 957, 0, 0, 0, 0, 0, 0, 0, 0, 0, 0, 0, 0, 958, 0, 0, 959, 0, 0, 0, 0, 0, 0, 0, 0, 0, 960, 961, 962, 963, 964, 965, 966, 967, 968, 969, 970, 971, 0, 972, 973, 974, 975, 976, 977, 978, 979, 980, 981, 982, 983, 984, 985, 986, 0, 987, 988, 989, 990, 0, 991, 992, 993, 994, 995, 996, 997, 998, 999, 1000, 1001, 1002, 1003, 1004, 1005, 1006, 1007], [-5, 0, 0, 0, 0, -212, 0, -299, 0, 0, 0, 0, 0, 0, 0, 0, 0, 0, 0, 0, 0, 0, -957, 0, 0, 0, 0, 1008, 0, 0, 1009, 0, 0, 0, 0, 0, 0, 0, 0, 0, 0, 0, 1010, 0, 0, 0, 0, 0, 0, 0, 1011, 1012, 1013, 0, 1014, 1015, 1016, 0, 0, 1017, 1018, 1019, 1020, 1021, 1022, 1023, 1024, 1025, 1026, 0, 1027, 1028, 1029, 0, 1030, 1031, 1032, 1033, 1034, 0, 1035, 1036, 1037, 1038, 1039, 1040, 1041, 1042, 1043, 0, 1044, 0, 0, 1045, 1046, 1047, 1048, 1049, 1050, 1051], [0, 0, 0, 0, 0, -213, 0, 0, 0, 0, 0, 0, 0, 0, 0, 0, 0, 0, 0, 0, 0, 0, 0, 0, 0, 0, 0, 1052, 0, 0, 0, 0, 0, 0, 0, 1053, 0, 0, 0, 0, 0, 0, 0, 0, 0, 0, 0, 0, 0, 0, 1054, 1055, 0, 1056, 1057, 1058, 1059, 1060, 0, 1061, 1062, 0, 1063, 1064, 0, 1065, 1066, 1067, 0, 1068, 1069, 1070, 0, 1071, 1072, 1073, 1074, 1075, 1076, 0, 1077, 1078, 1079, 1080, 0, 1081, 1082, 0, 1083, 1084, 1085, 0, 0, 0, 0, 1086, 1087, 0, 1088, 1089], [0, 0, 0, -132, 0, 0, 0, 0, 0, 0, -433, 0, 0, 0, 0, 0, 0, 0, -782, 0, -871, 0, 0, 0, 0, 0, 0, 0, 1090, 0, 0, 0, 0, 1091, 0, 0, 0, 0, 0, 0, 0, 0, 0, 0, 0, 0, 0, 0, 1092, 0, 1093, 1094, 1095, 1096, 1097, 1098, 1099, 1100, 0, 1101, 1102, 1103, 1104, 1105, 1106, 1107, 0, 1108, 0, 1109, 1110, 1111, 0, 1112, 1113, 1114, 1115, 0, 1116, 1117, 0, 1118, 1119, 1120, 1121, 1122, 1123, 1124, 1125, 0, 1126, 1127, 1128, 1129, 1130, 1131, 1132, 1133, 1134, 1135], [0, 0, 0, 0, 0, 0, 0, 0, 0, 0, 0, 0, 0, 0, 0, 0, 0, 0, 0, 0, -872, 0, 0, 0, 0, 0, 0, 0, 0, 0, 0, 0, 0, 0, 0, 0, 0, 1136, 0, 0, 0, 0, 0, 0, 0, 0, 0, 0, 0, 0, 0, 1137, 1138, 0, 1139, 1140, 1141, 1142, 1143, 1144, 1145, 1146, 0, 1147, 1148, 1149, 0, 0, 1150, 1151, 0, 1152, 1153, 0, 1154, 1155, 1156, 1157, 1158, 1159, 1160, 1161, 1162, 1163, 1164, 1165, 0, 0, 1166, 1167, 1168, 1169, 1170, 1171, 1172, 0, 1173, 1174, 1175, 1176], [0, 0, -85, 0, 0, 0, 0, 0, 0, 0, -434, 0, 0, -564, 0, 0, 0, 0, 0, 0, 0, 0, 0, -1008, -1052, 0, 0, 0, 1177, 0, 0, 0, 0, 0, 0, 0, 0, 0, 0, 0, 1178, 0, 0, 0, 0, 0, 0, 0, 0, 0, 0, 1179, 1180, 1181, 1182, 1183, 1184, 1185, 1186, 1187, 0, 1188, 1189, 1190, 1191, 1192, 1193, 0, 0, 1194, 1195, 1196, 1197, 1198, 1199, 1200, 1201, 1202, 1203, 1204, 1205, 1206, 1207, 1208, 1209, 1210, 1211, 0, 1212, 1213, 1214, 1215, 1216, 0, 1217, 1218, 1219, 1220, 1221, 1222], [0, 0, 0, 0, 0, 0, 0, 0, -347, 0, 0, 0, 0, 0, 0, 0, 0, 0, 0, 0, 0, 0, 0, 0, 0, -1090, 0, -1177, 0, 0, 0, 0, 0, 0, 0, 0, 0, 0, 0, 0, 0, 0, 0, 0, 0, 0, 0, 0, 0, 0, 1223, 1224, 0, 1225, 1226, 1227, 1228, 1229, 1230, 1231, 1232, 0, 1233, 1234, 1235, 1236, 1237, 1238, 1239, 1240, 1241, 1242, 1243, 0, 1244, 0, 1245, 1246, 1247, 1248, 1249, 0, 1250, 1251, 1252, 1253, 1254, 1255, 1256, 1257, 1258, 1259, 1260, 1261, 1262, 1263, 1264, 1265, 1266, 0], [0, 0, 0, -133, 0, 0, 0, 0, 0, 0, 0, 0, 0, 0, 0, 0, 0, 0, 0, 0, 0, 0, 0, 0, 0, 0, 0, 0, 0, 0, 0, 0, 0, 0, 0, 0, 0, 0, 1267, 1268, 0, 0, 0, 0, 0, 0, 0, 0, 0, 0, 1269, 1270, 1271, 1272, 1273, 1274, 1275, 1276, 1277, 1278, 1279, 1280, 1281, 1282, 1283, 1284, 1285, 1286, 1287, 1288, 1289, 1290, 1291, 1292, 1293, 1294, 1295, 0, 1296, 1297, 1298, 0, 1299, 1300, 1301, 0, 1302, 1303, 1304, 1305, 1306, 1307, 1308, 1309, 0, 1310, 1311, 1312, 1313, 0], [0, 0, 0, 0, 0, -214, -255, -300, -348, -391, 0, 0, 0, 0, 0, 0, 0, 0, 0, 0, 0, 0, 0, -1009, 0, 0, 0, 0, 0, 0, 0, 0, 0, 0, 0, 0, 0, 1314, 0, 0, 0, 0, 0, 0, 1315, 0, 0, 1316, 0, 0, 1317, 1318, 0, 1319, 1320, 1321, 1322, 1323, 0, 1324, 0, 1325, 1326, 1327, 0, 1328, 1329, 1330, 1331, 1332, 0, 1333, 1334, 1335, 0, 1336, 1337, 1338, 1339, 1340, 1341, 0, 1342, 1343, 1344, 1345, 1346, 1347, 1348, 1349, 1350, 1351, 1352, 0, 1353, 1354, 1355, 1356, 1357, 1358], [0, 0, 0, 0, 0, 0, 0, 0, 0, 0, 0, 0, 0, 0, 0, 0, -697, 0, -783, -826, 0, 0, 0, 0, 0, 0, 0, 0, 0, 0, 0, 0, 0, 0, 0, 0, 0, 0, 1359, 0, 1360, 0, 0, 0, 0, 0, 0, 0, 0, 0, 1361, 1362, 0, 1363, 1364, 0, 1365, 1366, 0, 0, 1367, 1368, 1369, 1370, 1371, 1372, 1373, 0, 1374, 0, 1375, 1376, 0, 1377, 1378, 1379, 1380, 1381, 1382, 1383, 1384, 0, 1385, 1386, 0, 1387, 1388, 0, 1389, 1390, 1391, 0, 1392, 1393, 1394, 0, 1395, 1396, 1397, 0], [0, 0, 0, 0, 0, 0, 0, 0, -349, 0, 0, 0, -518, 0, 0, -650, -698, 0, -784, -827, 0, 0, 0, 0, 0, 0, 0, 0, 0, 0, 0, 0, 0, 0, 0, 0, 0, 0, 0, 0, 0, 0, 1398, 0, 0, 0, 0, 0, 1399, 0, 1400, 1401, 1402, 1403, 1404, 0, 0, 1405, 0, 1406, 1407, 1408, 0, 1409, 0, 1410, 0, 0, 1411, 1412, 1413, 0, 1414, 1415, 1416, 1417, 1418, 0, 1419, 1420, 1421, 1422, 1423, 1424, 1425, 1426, 1427, 1428, 1429, 1430, 1431, 1432, 1433, 1434, 1435, 1436, 1437, 0, 1438, 1439], [0, 0, 0, 0, 0, 0, 0, 0, 0, 0, 0, 0, 0, 0, 0, 0, 0, 0, 0, 0, 0, -916, 0, 0, 0, -1091, 0, 0, 0, 0, 0, 0, 0, 0, 0, 0, 0, 0, 0, 0, 0, 0, 0, 0, 0, 0, 0, 1440, 0, 1441, 1442, 0, 1443, 1444, 1445, 1446, 1447, 1448, 1449, 1450, 0, 1451, 1452, 1453, 1454, 1455, 1456, 1457, 1458, 0, 1459, 1460, 1461, 1462, 0, 1463, 1464, 1465, 1466, 1467, 0, 1468, 1469, 1470, 1471, 1472, 0, 1473, 1474, 0, 1475, 1476, 1477, 0, 0, 0, 1478, 1479, 0, 1480], [0, 0, 0, 0, 0, 0, 0, 0, 0, 0, 0, 0, -519, 0, 0, 0, 0, 0, 0, 0, 0, 0, 0, 0, 0, 0, 0, 0, 0, 0, 0, 0, 0, 0, 0, 0, 0, 0, 0, 0, 0, 1481, 0, 1482, 0, 0, 0, 0, 0, 1483, 0, 1484, 1485, 1486, 1487, 1488, 0, 1489, 0, 1490, 1491, 0, 1492, 1493, 1494, 1495, 1496, 1497, 1498, 1499, 0, 1500, 1501, 1502, 0, 1503, 0, 0, 1504, 1505, 1506, 1507, 0, 0, 0, 1508, 1509, 1510, 1511, 0, 1512, 0, 1513, 1514, 1515, 1516, 1517, 1518, 1519, 0], [0, 0, -86, 0, 0, 0, 0, 0, 0, 0, 0, 0, 0, -565, 0, 0, 0, -741, -785, 0, 0, 0, 0, 0, -1053, 0, 0, 0, 0, 0, 0, 0, 0, 0, 0, 0, 0, 0, 0, 0, 0, 0, 0, 0, 0, 0, 0, 0, 0, 0, 1520, 1521, 1522, 1523, 1524, 1525, 1526, 1527, 1528, 1529, 1530, 1531, 1532, 1533, 1534, 1535, 1536, 1537, 1538, 1539, 0, 1540, 1541, 0, 1542, 1543, 0, 1544, 1545, 0, 1546, 1547, 1548, 1549, 1550, 0, 0, 0, 1551, 1552, 1553, 1554, 0, 1555, 1556, 0, 1557, 1558, 1559, 1560], [0, 0, 0, 0, 0, -215, 0, 0, 0, 0, 0, 0, 0, 0, 0, -651, 0, 0, -786, 0, 0, 0, -958, 0, 0, 0, 0, 0, 0, 0, 0, 0, 0, 0, 0, 0, 0, 0, 0, 0, 0, 0, 0, 0, 0, 0, 0, 0, 0, 0, 0, 1561, 0, 1562, 1563, 1564, 1565, 1566, 1567, 1568, 1569, 1570, 0, 1571, 1572, 1573, 1574, 1575, 1576, 1577, 0, 1578, 1579, 1580, 0, 1581, 1582, 1583, 1584, 1585, 1586, 1587, 1588, 1589, 1590, 1591, 1592, 1593, 1594, 0, 1595, 0, 1596, 0, 1597, 1598, 1599, 1600, 1601, 1602], [0, 0, 0, 0, 0, 0, -256, 0, 0, 0, 0, 0, -520, 0, 0, 0, 0, 0, 0, 0, -873, 0, 0, 0, 0, 0, -1136, 0, 0, 0, -1314, 0, 0, 0, 0, 0, 0, 0, 0, 0, 0, 0, 0, 0, 0, 1603, 0, 0, 0, 0, 1604, 1605, 1606, 1607, 0, 1608, 1609, 1610, 1611, 1612, 1613, 1614, 1615, 1616, 1617, 1618, 1619, 1620, 1621, 0, 1622, 1623, 1624, 0, 1625, 1626, 1627, 1628, 1629, 0, 1630, 1631, 1632, 1633, 1634, 1635, 1636, 1637, 1638, 1639, 1640, 0, 1641, 1642, 1643, 1644, 0, 1645, 1646, 0], [0, 0, 0, 0, 0, 0, 0, 0, 0, 0, 0, 0, 0, 0, 0, 0, 0, 0, 0, 0, 0, -917, 0, 0, 0, 0, 0, 0, 0, -1267, 0, -1359, 0, 0, 0, 0, 0, 0, 0, 0, 0, 0, 0, 0, 0, 0, 0, 0, 0, 0, 1647, 1648, 1649, 1650, 0, 1651, 1652, 0, 0, 1653, 1654, 0, 0, 1655, 1656, 0, 1657, 1658, 1659, 1660, 1661, 1662, 1663, 1664, 1665, 0, 1666, 1667, 1668, 0, 1669, 1670, 1671, 1672, 0, 0, 1673, 1674, 1675, 1676, 1677, 1678, 1679, 0, 1680, 1681, 1682, 1683, 1684, 1685], [0, 0, 0, 0, 0, 0, -257, 0, 0, -392, 0, 0, 0, 0, 0, 0, -699, 0, 0, 0, 0, 0, -959, 0, 0, 0, 0, 0, 0, -1268, 0, 0, 0, 0, 0, 0, 0, 0, 0, 0, 0, 0, 0, 0, 0, 0, 0, 0, 0, 0, 1686, 1687, 1688, 1689, 1690, 1691, 1692, 1693, 1694, 1695, 1696, 1697, 0, 1698, 0, 1699, 1700, 1701, 1702, 1703, 1704, 1705, 1706, 1707, 0, 1708, 1709, 0, 0, 0, 1710, 1711, 1712, 0, 1713, 1714, 1715, 1716, 1717, 0, 1718, 0, 1719, 1720, 0, 0, 1721, 0, 1722, 1723], [0, 0, 0, 0, 0, 0, 0, 0, 0, -393, -435, 0, -521, 0, 0, 0, 0, -742, 0, 0, 0, 0, 0, 0, 0, 0, 0, -1178, 0, 0, 0, -1360, 0, 0, 0, 0, 0, 0, 0, 0, 0, 0, 1724, 0, 1725, 0, 0, 0, 0, 0, 0, 1726, 1727, 1728, 1729, 1730, 1731, 1732, 1733, 1734, 1735, 0, 1736, 1737, 1738, 1739, 1740, 1741, 1742, 0, 0, 1743, 0, 1744, 0, 1745, 1746, 0, 1747, 1748, 1749, 0, 1750, 1751, 1752, 1753, 1754, 1755, 1756, 1757, 0, 1758, 1759, 1760, 0, 1761, 1762, 0, 1763, 0], [0, -45, 0, 0, 0, 0, 0, 0, 0, 0, 0, 0, 0, 0, 0, 0, 0, -743, 0, 0, 0, 0, 0, 0, 0, 0, 0, 0, 0, 0, 0, 0, 0, 0, -1481, 0, 0, 0, 0, 0, 0, 0, 1764, 0, 0, 0, 0, 0, 0, 0, 1765, 1766, 0, 1767, 1768, 0, 0, 0, 1769, 1770, 0, 1771, 0, 1772, 1773, 1774, 1775, 1776, 1777, 0, 0, 1778, 1779, 1780, 0, 1781, 0, 1782, 0, 1783, 1784, 1785, 1786, 1787, 1788, 1789, 1790, 1791, 1792, 1793, 1794, 1795, 0, 1796, 1797, 0, 1798, 1799, 1800, 1801], [0, 0, 0, 0, 0, -216, -258, -301, -350, 0, 0, 0, 0, 0, 0, 0, 0, 0, -787, 0, -874, 0, 0, -1010, 0, 0, 0, 0, 0, 0, 0, 0, -1398, 0, 0, 0, 0, 0, 0, 0, -1724, -1764, 0, 0, 0, 1802, 0, 0, 0, 0, 1803, 1804, 0, 1805, 1806, 0, 0, 0, 1807, 0, 1808, 1809, 1810, 1811, 0, 0, 0, 1812, 1813, 1814, 1815, 1816, 1817, 1818, 1819, 0, 1820, 1821, 1822, 1823, 0, 1824, 1825, 1826, 1827, 1828, 1829, 0, 1830, 1831, 1832, 1833, 1834, 1835, 1836, 1837, 1838, 1839, 1840, 1841], [-6, 0, 0, 0, 0, 0, 0, 0, 0, 0, 0, 0, 0, 0, 0, 0, 0, 0, 0, 0, 0, 0, 0, 0, 0, 0, 0, 0, 0, 0, 0, 0, 0, 0, -1482, 0, 0, 0, 0, 0, 0, 0, 0, 0, 0, 0, 0, 0, 0, 0, 1842, 0, 0, 1843, 1844, 0, 1845, 1846, 1847, 1848, 1849, 0, 1850, 0, 1851, 1852, 1853, 1854, 1855, 0, 1856, 1857, 0, 1858, 1859, 1860, 1861, 0, 1862, 0, 0, 1863, 1864, 0, 1865, 0, 1866, 1867, 1868, 1869, 1870, 1871, 0, 1872, 1873, 0, 1874, 1875, 1876, 1877], [0, 0, -87, 0, 0, 0, 0, 0, 0, 0, 0, 0, 0, 0, 0, 0, 0, 0, 0, 0, 0, 0, 0, 0, 0, 0, 0, 0, 0, 0, -1315, 0, 0, 0, 0, 0, 0, 0, 0, 0, -1725, 0, 0, 0, 0, 0, 0, 0, 0, 1878, 1879, 1880, 1881, 1882, 1883, 0, 1884, 1885, 0, 1886, 1887, 0, 1888, 1889, 1890, 1891, 0, 1892, 0, 1893, 1894, 1895, 0, 0, 1896, 1897, 0, 1898, 1899, 1900, 1901, 1902, 1903, 1904, 1905, 1906, 1907, 1908, 0, 1909, 1910, 1911, 1912, 1913, 1914, 1915, 0, 1916, 1917, 1918], [0, 0, 0, 0, 0, 0, 0, 0, 0, 0, 0, 0, 0, 0, 0, 0, 0, 0, 0, -828, 0, 0, 0, 0, 0, 0, 0, 0, 0, 0, 0, 0, 0, 0, 0, 0, 0, -1603, 0, 0, 0, 0, -1802, 0, 0, 0, 0, 0, 0, 0, 1919, 1920, 1921, 1922, 1923, 1924, 1925, 0, 1926, 1927, 0, 1928, 1929, 0, 1930, 1931, 1932, 1933, 1934, 1935, 1936, 0, 1937, 1938, 1939, 1940, 1941, 1942, 1943, 0, 0, 1944, 1945, 1946, 1947, 1948, 1949, 1950, 1951, 1952, 1953, 1954, 1955, 1956, 1957, 1958, 1959, 1960, 1961, 1962], [-7, 0, 0, 0, -173, 0, 0, 0, 0, 0, 0, 0, 0, 0, 0, 0, 0, 0, 0, 0, 0, 0, 0, 0, 0, 0, 0, 0, 0, 0, 0, 0, 0, 0, 0, 0, 0, 0, 0, 0, 0, 0, 0, 0, 0, 0, 0, 0, 0, 1963, 1964, 1965, 0, 0, 0, 1966, 1967, 1968, 1969, 1970, 1971, 1972, 0, 1973, 0, 0, 1974, 1975, 1976, 0, 1977, 1978, 0, 1979, 1980, 1981, 0, 0, 1982, 1983, 1984, 1985, 0, 1986, 1987, 1988, 1989, 1990, 1991, 1992, 1993, 1994, 0, 1995, 1996, 1997, 1998, 1999, 2000, 0], [0, 0, 0, -134, -174, 0, 0, 0, 0, 0, 0, 0, -522, 0, 0, 0, -700, 0, 0, 0, 0, 0, 0, 0, 0, 0, 0, 0, 0, 0, -1316, 0, 0, -1440, 0, 0, 0, 0, 0, 0, 0, 0, 0, 0, 0, 0, 0, 0, 0, 0, 2001, 2002, 2003, 2004, 0, 2005, 2006, 2007, 2008, 2009, 2010, 2011, 2012, 2013, 2014, 2015, 2016, 2017, 2018, 2019, 2020, 2021, 2022, 2023, 0, 2024, 2025, 2026, 2027, 2028, 2029, 2030, 2031, 2032, 2033, 0, 2034, 2035, 0, 2036, 2037, 2038, 2039, 2040, 2041, 0, 2042, 0, 2043, 0], [0, 0, 0, 0, 0, 0, 0, 0, 0, 0, 0, 0, 0, 0, 0, 0, 0, 0, 0, 0, 0, 0, 0, 0, 0, -1092, 0, 0, 0, 0, 0, 0, -1399, 0, 0, 0, 0, 0, 0, 0, 0, 0, 0, 0, 0, 0, 0, 0, 0, 0, 2044, 2045, 0, 2046, 2047, 2048, 0, 2049, 2050, 0, 2051, 2052, 2053, 0, 2054, 2055, 2056, 2057, 2058, 2059, 2060, 2061, 2062, 2063, 2064, 2065, 2066, 0, 0, 0, 2067, 2068, 2069, 0, 2070, 2071, 0, 2072, 0, 2073, 2074, 2075, 2076, 2077, 0, 2078, 2079, 2080, 0, 2081], [0, 0, 0, 0, 0, 0, 0, 0, -351, 0, 0, 0, 0, 0, 0, 0, 0, 0, 0, 0, 0, 0, -960, 0, 0, 0, 0, 0, 0, 0, 0, 0, 0, -1441, -1483, 0, 0, 0, 0, 0, 0, 0, 0, 0, -1878, 0, -1963, 0, 0, 0, 2082, 2083, 2084, 2085, 2086, 2087, 2088, 2089, 0, 0, 2090, 2091, 2092, 2093, 2094, 2095, 2096, 0, 0, 2097, 2098, 2099, 2100, 2101, 2102, 0, 2103, 0, 2104, 2105, 2106, 2107, 2108, 0, 2109, 2110, 0, 2111, 2112, 2113, 0, 2114, 2115, 2116, 0, 0, 2117, 2118, 0, 2119], [-8, 0, -88, 0, 0, -217, -259, -302, -352, 0, -436, -479, -523, -566, -606, -652, -701, -744, -788, -829, -875, -918, -961, -1011, -1054, -1093, 0, 0, -1223, -1269, -1317, -1361, -1400, -1442, 0, -1520, 0, -1604, -1647, -1686, 0, -1765, -1803, -1842, -1879, -1919, -1964, -2001, -2044, -2082, 0, 2120, 0, 2121, 0, 2122, 2123, 0, 2124, 2125, 2126, 2127, 0, 2128, 0, 2129, 2130, 2131, 2132, 2133, 2134, 2135, 2136, 2137, 2138, 0, 2139, 2140, 2141, 2142, 2143, 2144, 2145, 0, 2146, 2147, 2148, 2149, 2150, 2151, 2152, 2153, 2154, 2155, 2156, 0, 2157, 2158, 2159, 2160], [0, -46, -89, 0, -175, -218, -260, -303, -353, -394, 0, -480, -524, -567, -607, -653, -702, -745, -789, 0, -876, -919, -962, -1012, -1055, -1094, -1137, -1179, -1224, -1270, -1318, -1362, -1401, 0, -1484, -1521, -1561, -1605, -1648, -1687, -1726, -1766, -1804, 0, -1880, -1920, -1965, -2002, -2045, -2083, -2120, 0, 0, 2161, 2162, 0, 2163, 2164, 2165, 2166, 2167, 0, 2168, 2169, 2170, 2171, 2172, 2173, 2174, 2175, 2176, 2177, 0, 2178, 2179, 2180, 0, 0, 0, 2181, 2182, 0, 2183, 2184, 0, 2185, 2186, 2187, 2188, 2189, 0, 2190, 2191, 2192, 2193, 2194, 0, 0, 0, 2195], [0, 0, -90, -135, -176, -219, -261, 0, -354, -395, -437, -481, -525, -568, -608, -654, 0, -746, -790, -830, -877, -920, -963, -1013, 0, -1095, -1138, -1180, 0, -1271, 0, 0, -1402, -1443, -1485, -1522, 0, -1606, -1649, -1688, -1727, 0, 0, 0, -1881, -1921, 0, -2003, 0, -2084, 0, 0, 0, 2196, 2197, 2198, 0, 0, 0, 2199, 2200, 0, 2201, 0, 0, 0, 2202, 2203, 2204, 2205, 2206, 0, 2207, 2208, 2209, 2210, 2211, 2212, 2213, 0, 2214, 2215, 2216, 2217, 2218, 2219, 2220, 2221, 0, 2222, 2223, 2224, 2225, 2226, 0, 2227, 0, 2228, 2229, 2230], [-9, -47, 0, 0, 0, -220, -262, -304, -355, -396, -438, -482, -526, -569, -609, -655, -703, -747, 0, 0, -878, -921, -964, 0, -1056, -1096, 0, -1181, -1225, -1272, -1319, -1363, -1403, -1444, -1486, -1523, -1562, -1607, -1650, -1689, -1728, -1767, -1805, -1843, -1882, -1922, 0, -2004, -2046, -2085, -2121, -2161, -2196, 0, 2231, 0, 2232, 2233, 2234, 2235, 0, 0, 0, 2236, 2237, 2238, 2239, 0, 2240, 2241, 2242, 0, 2243, 2244, 2245, 2246, 2247, 2248, 2249, 2250, 2251, 0, 2252, 2253, 2254, 2255, 2256, 2257, 2258, 0, 2259, 2260, 2261, 2262, 2263, 2264, 2265, 2266, 2267, 2268], [0, -48, -91, 0, -177, 0, 0, -305, -356, -397, -439, -483, -527, -570, -610, 0, -704, -748, -791, -831, -879, -922, -965, -1014, -1057, -1097, -1139, -1182, -1226, -1273, -1320, -1364, -1404, -1445, -1487, -1524, -1563, 0, 0, -1690, -1729, -1768, -1806, -1844, -1883, -1923, 0, 0, -2047, -2086, 0, -2162, -2197, -2231, 0, 0, 2269, 2270, 2271, 2272, 2273, 2274, 2275, 2276, 2277, 2278, 2279, 2280, 2281, 2282, 2283, 2284, 2285, 2286, 2287, 2288, 0, 0, 2289, 0, 2290, 0, 0, 2291, 2292, 2293, 2294, 2295, 0, 2296, 2297, 2298, 2299, 0, 2300, 2301, 2302, 0, 2303, 2304], [-10, -49, -92, -136, 0, -221, -263, -306, 0, 0, -440, -484, -528, -571, -611, -656, -705, -749, -792, -832, -880, -923, -966, -1015, -1058, -1098, -1140, -1183, -1227, -1274, -1321, 0, 0, -1446, -1488, -1525, -1564, -1608, -1651, -1691, -1730, 0, 0, 0, 0, -1924, -1966, -2005, -2048, -2087, -2122, 0, -2198, 0, 0, 0, 2305, 2306, 0, 2307, 2308, 2309, 2310, 0, 2311, 2312, 0, 0, 2313, 2314, 2315, 2316, 2317, 0, 2318, 2319, 2320, 2321, 0, 2322, 2323, 2324, 2325, 2326, 2327, 2328, 2329, 2330, 2331, 0, 2332, 2333, 2334, 0, 0, 2335, 2336, 2337, 2338, 2339], [0, -50, -93, -137, 0, -222, -264, -307, -357, 0, -441, 0, -529, 0, 0, -657, 0, -750, -793, -833, -881, -924, -967, -1016, -1059, -1099, -1141, -1184, -1228, -1275, -1322, -1365, 0, -1447, 0, -1526, -1565, -1609, -1652, -1692, -1731, 0, 0, -1845, -1884, -1925, -1967, -2006, 0, -2088, -2123, -2163, 0, -2232, -2269, -2305, 0, 2340, 2341, 2342, 2343, 0, 2344, 2345, 0, 2346, 2347, 2348, 2349, 2350, 2351, 2352, 0, 2353, 2354, 2355, 0, 0, 2356, 2357, 2358, 2359, 2360, 2361, 2362, 2363, 2364, 0, 2365, 2366, 2367, 2368, 0, 2369, 2370, 0, 2371, 2372, 2373, 2374], [-11, -51, -94, -138, 0, -223, -265, -308, -358, -398, -442, -485, -530, 0, -612, 0, 0, -751, 0, -834, -882, 0, -968, 0, -1060, -1100, -1142, -1185, -1229, -1276, -1323, -1366, -1405, -1448, -1489, -1527, -1566, -1610, 0, -1693, -1732, 0, 0, -1846, -1885, 0, -1968, -2007, -2049, -2089, 0, -2164, 0, -2233, -2270, -2306, -2340, 0, 0, 2375, 2376, 2377, 0, 2378, 2379, 2380, 2381, 2382, 2383, 2384, 0, 2385, 2386, 2387, 2388, 2389, 2390, 2391, 2392, 2393, 2394, 2395, 2396, 2397, 2398, 2399, 2400, 2401, 2402, 2403, 2404, 2405, 0, 2406, 2407, 2408, 2409, 2410, 2411, 2412], [-12, -52, -95, 0, -178, -224, -266, 0, -359, 0, 0, -486, -531, -572, -613, -658, -706, -752, 0, -835, -883, -925, -969, 0, 0, 0, -1143, -1186, -1230, -1277, 0, 0, 0, -1449, 0, -1528, -1567, -1611, 0, -1694, -1733, -1769, -1807, -1847, 0, -1926, -1969, -2008, -2050, 0, -2124, -2165, 0, -2234, -2271, 0, -2341, 0, 0, 0, 2413, 2414, 2415, 2416, 2417, 2418, 2419, 2420, 2421, 2422, 0, 2423, 2424, 2425, 0, 2426, 2427, 2428, 0, 2429, 2430, 2431, 2432, 0, 0, 2433, 2434, 2435, 2436, 2437, 0, 2438, 2439, 2440, 2441, 2442, 2443, 2444, 2445, 2446], [0, 0, -96, -139, 0, 0, -267, -309, -360, -399, -443, -487, -532, -573, -614, -659, -707, -753, -794, -836, -884, 0, -970, -1017, -1061, -1101, -1144, -1187, -1231, -1278, -1324, 0, -1406, -1450, -1490, -1529, -1568, -1612, -1653, -1695, -1734, -1770, 0, -1848, -1886, -1927, -1970, -2009, 0, 0, -2125, -2166, -2199, -2235, -2272, -2307, -2342, -2375, 0, 0, 2447, 2448, 2449, 2450, 2451, 2452, 2453, 0, 2454, 2455, 2456, 2457, 2458, 2459, 0, 2460, 0, 2461, 2462, 2463, 2464, 0, 0, 2465, 2466, 2467, 2468, 2469, 2470, 0, 0, 2471, 0, 2472, 0, 2473, 2474, 2475, 0, 2476], [-13, -53, -97, -140, -179, -225, -268, -310, -361, -400, -444, 0, 0, 0, -615, -660, -708, -754, -795, -837, -885, 0, -971, -1018, -1062, -1102, -1145, 0, -1232, -1279, 0, -1367, -1407, 0, -1491, -1530, -1569, -1613, -1654, -1696, -1735, 0, -1808, -1849, -1887, 0, -1971, -2010, -2051, -2090, -2126, -2167, -2200, 0, -2273, -2308, -2343, -2376, -2413, -2447, 0, 2477, 2478, 0, 2479, 2480, 0, 0, 2481, 2482, 2483, 2484, 2485, 2486, 2487, 2488, 2489, 2490, 2491, 2492, 2493, 2494, 0, 2495, 0, 0, 2496, 2497, 2498, 0, 0, 2499, 2500, 2501, 0, 2502, 2503, 2504, 0, 2505], [-14, -54, 0, -141, -180, 0, 0, -311, -362, -401, 0, 0, -533, 0, -616, -661, -709, -755, -796, -838, -886, 0, 0, -1019, 0, -1103, -1146, -1188, 0, -1280, -1325, -1368, -1408, -1451, 0, -1531, -1570, -1614, 0, -1697, 0, -1771, -1809, 0, 0, -1928, -1972, -2011, -2052, -2091, -2127, 0, 0, 0, -2274, -2309, 0, -2377, -2414, -2448, -2477, 0, 2506, 2507, 2508, 2509, 2510, 2511, 2512, 2513, 2514, 2515, 2516, 2517, 2518, 0, 2519, 2520, 2521, 2522, 2523, 0, 2524, 2525, 0, 2526, 0, 0, 2527, 0, 2528, 0, 2529, 2530, 0, 2531, 0, 2532, 0, 2533], [-15, -55, -98, 0, -181, -226, 0, -312, -363, -402, -445, -488, -534, 0, -617, 0, -710, 0, -797, -839, -887, 0, -972, -1020, -1063, -1104, 0, -1189, -1233, -1281, -1326, -1369, 0, -1452, -1492, -1532, 0, -1615, 0, 0, -1736, 0, -1810, -1850, -1888, -1929, 0, -2012, -2053, -2092, 0, -2168, -2201, 0, -2275, -2310, -2344, 0, -2415, -2449, -2478, -2506, 0, 2534, 0, 2535, 2536, 2537, 2538, 0, 2539, 2540, 2541, 2542, 2543, 2544, 0, 2545, 2546, 2547, 2548, 2549, 0, 2550, 0, 2551, 2552, 2553, 2554, 2555, 2556, 2557, 2558, 2559, 2560, 2561, 2562, 2563, 2564, 2565], [-16, -56, -99, -142, -182, -227, -269, 0, -364, -403, -446, -489, -535, -574, -618, -662, -711, -756, -798, -840, -888, -926, -973, -1021, -1064, -1105, -1147, -1190, -1234, -1282, -1327, -1370, -1409, -1453, -1493, -1533, -1571, -1616, -1655, -1698, -1737, -1772, -1811, 0, -1889, 0, -1973, -2013, 0, -2093, -2128, -2169, 0, -2236, -2276, 0, -2345, -2378, -2416, -2450, 0, -2507, -2534, 0, 2566, 2567, 2568, 2569, 0, 0, 0, 2570, 2571, 2572, 2573, 2574, 2575, 2576, 2577, 2578, 2579, 2580, 2581, 0, 2582, 2583, 2584, 2585, 2586, 2587, 2588, 2589, 2590, 2591, 2592, 2593, 2594, 2595, 2596, 2597], [-17, -57, -100, -143, -183, 0, -270, -313, -365, -404, -447, -490, 0, 0, -619, -663, -712, -757, -799, -841, 0, -927, -974, -1022, 0, -1106, -1148, -1191, -1235, -1283, 0, -1371, 0, -1454, -1494, -1534, -1572, -1617, -1656, 0, -1738, -1773, 0, -1851, -1890, -1930, 0, -2014, -2054, -2094, 0, -2170, 0, -2237, -2277, -2311, 0, -2379, -2417, -2451, -2479, -2508, 0, -2566, 0, 0, 2598, 0, 2599, 2600, 0, 2601, 0, 0, 2602, 2603, 2604, 2605, 0, 2606, 2607, 2608, 2609, 2610, 2611, 2612, 0, 2613, 2614, 2615, 2616, 2617, 2618, 2619, 0, 2620, 2621, 2622, 2623, 2624], [-18, -58, -101, 0, -184, -228, -271, -314, -366, -405, 0, -491, -536, -575, -620, -664, -713, 0, -800, -842, -889, -928, -975, -1023, -1065, -1107, -1149, -1192, -1236, -1284, -1328, -1372, -1410, -1455, -1495, -1535, -1573, -1618, 0, -1699, -1739, -1774, 0, -1852, -1891, -1931, 0, -2015, -2055, -2095, -2129, -2171, 0, -2238, -2278, -2312, -2346, -2380, -2418, -2452, -2480, -2509, -2535, -2567, 0, 0, 2625, 2626, 0, 2627, 2628, 2629, 0, 2630, 2631, 2632, 2633, 0, 2634, 0, 2635, 0, 0, 2636, 2637, 2638, 2639, 0, 0, 2640, 0, 0, 2641, 2642, 2643, 2644, 2645, 0, 2646, 2647], [-19, -59, -102, -144, -185, 0, -272, 0, 0, 0, -448, 0, 0, -576, 0, -665, 0, 0, -801, -843, -890, -929, -976, -1024, -1066, 0, 0, -1193, -1237, -1285, -1329, -1373, 0, -1456, -1496, -1536, -1574, -1619, -1657, -1700, -1740, -1775, 0, -1853, 0, -1932, -1974, -2016, -2056, -2096, -2130, -2172, -2202, -2239, -2279, 0, -2347, -2381, -2419, -2453, 0, -2510, -2536, -2568, -2598, -2625, 0, 2648, 2649, 0, 2650, 2651, 2652, 2653, 2654, 2655, 0, 2656, 2657, 2658, 0, 0, 2659, 2660, 2661, 2662, 2663, 2664, 0, 2665, 0, 2666, 0, 2667, 2668, 0, 2669, 2670, 2671, 2672], [-20, -60, 0, -145, -186, 0, -273, -315, -367, 0, -449, 0, -537, -577, -621, -666, -714, -758, 0, -844, 0, -930, -977, -1025, -1067, -1108, 0, 0, -1238, -1286, -1330, 0, 0, -1457, -1497, -1537, -1575, -1620, -1658, -1701, -1741, -1776, -1812, -1854, -1892, -1933, -1975, -2017, -2057, 0, -2131, -2173, -2203, 0, -2280, 0, -2348, -2382, -2420, 0, 0, -2511, -2537, -2569, 0, -2626, -2648, 0, 2673, 2674, 2675, 2676, 2677, 2678, 2679, 0, 0, 2680, 2681, 2682, 0, 2683, 0, 0, 2684, 2685, 2686, 0, 2687, 0, 2688, 2689, 2690, 2691, 2692, 2693, 2694, 2695, 0, 2696], [-21, 0, -103, -146, 0, 0, -274, -316, -368, -406, -450, -492, -538, -578, -622, -667, 0, -759, 0, 0, 0, 0, -978, -1026, 0, 0, -1150, 0, -1239, -1287, -1331, -1374, -1411, -1458, -1498, -1538, -1576, -1621, -1659, -1702, -1742, -1777, -1813, -1855, 0, -1934, -1976, -2018, -2058, 0, -2132, -2174, -2204, -2240, -2281, -2313, -2349, -2383, -2421, -2454, -2481, -2512, -2538, 0, -2599, 0, -2649, -2673, 0, 2697, 2698, 2699, 2700, 2701, 2702, 0, 2703, 0, 0, 2704, 2705, 0, 0, 2706, 2707, 2708, 2709, 2710, 2711, 0, 2712, 0, 2713, 2714, 2715, 2716, 2717, 2718, 2719, 2720], [-22, -61, -104, 0, -187, -229, -275, -317, -369, 0, -451, -493, 0, -579, -623, -668, 0, 0, -802, -845, 0, -931, -979, 0, -1068, -1109, -1151, -1194, -1240, -1288, -1332, 0, -1412, 0, -1499, -1539, -1577, 0, -1660, -1703, 0, 0, -1814, 0, -1893, -1935, 0, -2019, -2059, -2097, -2133, -2175, -2205, -2241, -2282, -2314, -2350, -2384, -2422, -2455, -2482, -2513, 0, 0, -2600, -2627, 0, -2674, -2697, 0, 2721, 2722, 2723, 2724, 2725, 2726, 2727, 2728, 2729, 2730, 0, 2731, 2732, 2733, 0, 2734, 2735, 2736, 2737, 2738, 2739, 2740, 2741, 2742, 2743, 2744, 2745, 2746, 2747, 2748], [0, -62, -105, 0, -188, -230, -276, -318, -370, -407, -452, -494, -539, -580, -624, -669, -715, -760, -803, 0, -891, 0, -980, -1027, -1069, -1110, 0, -1195, -1241, -1289, 0, -1375, -1413, -1459, 0, 0, 0, -1622, -1661, -1704, 0, 0, -1815, -1856, -1894, -1936, -1977, -2020, -2060, -2098, -2134, -2176, -2206, -2242, -2283, -2315, -2351, 0, 0, -2456, -2483, -2514, -2539, 0, 0, -2628, -2650, -2675, -2698, -2721, 0, 2749, 2750, 2751, 2752, 2753, 2754, 2755, 2756, 2757, 2758, 2759, 2760, 2761, 2762, 2763, 0, 2764, 2765, 2766, 2767, 0, 2768, 2769, 2770, 0, 2771, 0, 2772, 2773], [0, -63, 0, -147, 0, 0, -277, -319, 0, -408, -453, 0, -540, -581, -625, -670, -716, -761, 0, -846, -892, -932, -981, -1028, -1070, -1111, -1152, -1196, -1242, -1290, -1333, -1376, 0, -1460, -1500, -1540, -1578, -1623, -1662, -1705, -1743, -1778, -1816, -1857, -1895, 0, -1978, -2021, -2061, -2099, -2135, -2177, 0, 0, -2284, -2316, -2352, -2385, -2423, -2457, -2484, -2515, -2540, -2570, -2601, -2629, -2651, -2676, -2699, -2722, -2749, 0, 2774, 2775, 2776, 0, 2777, 2778, 0, 2779, 2780, 2781, 2782, 2783, 0, 0, 0, 2784, 0, 2785, 2786, 2787, 0, 2788, 2789, 0, 2790, 2791, 0, 2792], [0, -64, -106, -148, -189, 0, -278, 0, -371, -409, -454, 0, -541, -582, -626, -671, -717, -762, -804, 0, -893, -933, -982, -1029, 0, 0, -1153, -1197, -1243, -1291, -1334, 0, -1414, -1461, -1501, -1541, -1579, -1624, -1663, -1706, 0, -1779, -1817, 0, 0, -1937, 0, -2022, -2062, -2100, -2136, 0, -2207, -2243, -2285, -2317, 0, -2386, -2424, -2458, -2485, -2516, -2541, -2571, 0, 0, -2652, -2677, -2700, -2723, -2750, -2774, 0, 2793, 2794, 2795, 2796, 0, 2797, 2798, 2799, 2800, 0, 2801, 0, 2802, 2803, 2804, 2805, 2806, 2807, 2808, 2809, 2810, 0, 2811, 2812, 2813, 2814, 2815], [-23, -65, 0, 0, -190, 0, 0, -320, -372, -410, -455, -495, -542, 0, 0, -672, -718, -763, -805, -847, 0, -934, -983, 0, -1071, -1112, 0, -1198, 0, -1292, -1335, -1377, -1415, -1462, -1502, 0, -1580, 0, -1664, -1707, -1744, -1780, -1818, -1858, 0, -1938, -1979, -2023, -2063, -2101, -2137, -2178, -2208, -2244, -2286, 0, -2353, -2387, -2425, -2459, -2486, -2517, -2542, -2572, 0, -2630, -2653, -2678, -2701, -2724, -2751, -2775, -2793, 0, 2816, 0, 2817, 2818, 2819, 0, 2820, 2821, 2822, 2823, 2824, 2825, 2826, 0, 2827, 2828, 0, 0, 2829, 0, 0, 2830, 2831, 2832, 2833, 2834], [-24, -66, -107, 0, 0, -231, -279, -321, -373, -411, -456, 0, 0, -583, -627, -673, 0, -764, 0, -848, -894, -935, -984, -1030, -1072, -1113, -1154, -1199, -1244, -1293, 0, -1378, -1416, 0, 0, -1542, 0, -1625, -1665, 0, 0, 0, -1819, -1859, -1896, -1939, -1980, 0, -2064, -2102, -2138, -2179, -2209, -2245, -2287, -2318, -2354, -2388, 0, 0, -2487, -2518, -2543, -2573, -2602, -2631, -2654, -2679, -2702, -2725, -2752, -2776, -2794, -2816, 0, 2835, 2836, 0, 2837, 2838, 2839, 2840, 2841, 2842, 2843, 2844, 2845, 2846, 2847, 2848, 2849, 2850, 2851, 2852, 2853, 2854, 2855, 2856, 2857, 0], [0, -67, -108, -149, 0, -232, -280, -322, 0, -412, -457, -496, -543, -584, -628, -674, 0, -765, -806, 0, 0, 0, -985, -1031, -1073, -1114, -1155, -1200, 0, -1294, -1336, -1379, -1417, -1463, -1503, -1543, -1581, -1626, 0, -1708, -1745, -1781, 0, -1860, -1897, -1940, -1981, -2024, -2065, 0, 0, -2180, -2210, -2246, -2288, -2319, -2355, -2389, -2426, -2460, -2488, 0, -2544, -2574, -2603, -2632, -2655, 0, 0, -2726, -2753, 0, -2795, 0, -2835, 0, 2858, 2859, 2860, 0, 0, 0, 2861, 0, 2862, 2863, 2864, 2865, 2866, 0, 0, 2867, 2868, 0, 0, 2869, 2870, 0, 2871, 2872], [-25, -68, -109, 0, -191, -233, -281, -323, -374, -413, -458, 0, -544, -585, -629, -675, -719, 0, -807, -849, -895, -936, -986, -1032, -1074, -1115, -1156, -1201, -1245, -1295, -1337, -1380, -1418, -1464, 0, 0, -1582, -1627, -1666, -1709, -1746, 0, -1820, -1861, 0, -1941, 0, -2025, -2066, -2103, -2139, 0, -2211, -2247, 0, -2320, 0, -2390, -2427, 0, -2489, -2519, 0, -2575, -2604, -2633, 0, 0, -2703, -2727, -2754, -2777, -2796, -2817, -2836, -2858, 0, 2873, 2874, 2875, 2876, 2877, 2878, 2879, 0, 2880, 2881, 2882, 2883, 2884, 2885, 2886, 0, 2887, 2888, 2889, 2890, 2891, 2892, 2893], [-26, 0, -110, -150, -192, -234, -282, -324, -375, -414, -459, -497, 0, -586, -630, -676, -720, -766, -808, -850, 0, -937, 0, -1033, -1075, 0, -1157, -1202, -1246, 0, -1338, -1381, 0, -1465, 0, -1544, -1583, -1628, -1667, 0, 0, -1782, -1821, 0, -1898, -1942, 0, -2026, 0, 0, -2140, 0, -2212, -2248, 0, -2321, 0, -2391, -2428, -2461, -2490, -2520, -2545, -2576, -2605, 0, -2656, -2680, 0, -2728, -2755, -2778, 0, -2818, 0, -2859, -2873, 0, 0, 2894, 0, 0, 2895, 2896, 2897, 2898, 2899, 2900, 2901, 2902, 2903, 2904, 2905, 2906, 2907, 2908, 2909, 2910, 2911, 2912], [-27, 0, -111, -151, -193, -235, -283, 0, -376, -415, -460, -498, -545, -587, -631, -677, 0, -767, 0, -851, -896, -938, -987, -1034, -1076, -1116, -1158, -1203, -1247, -1296, -1339, -1382, -1419, -1466, -1504, -1545, -1584, -1629, -1668, 0, -1747, 0, -1822, -1862, -1899, -1943, -1982, -2027, 0, -2104, -2141, 0, -2213, -2249, -2289, 0, -2356, -2392, 0, -2462, -2491, -2521, -2546, -2577, 0, -2634, -2657, -2681, 0, -2729, -2756, 0, -2797, -2819, -2837, -2860, -2874, 0, 0, 2913, 0, 2914, 2915, 2916, 2917, 2918, 2919, 2920, 2921, 2922, 2923, 2924, 0, 2925, 2926, 2927, 2928, 2929, 2930, 2931], [0, -69, -112, -152, -194, -236, -284, -325, -377, -416, -461, -499, -546, -588, -632, -678, -721, 0, -809, -852, 0, -939, -988, 0, 0, -1117, -1159, -1204, -1248, -1297, -1340, -1383, -1420, -1467, -1505, 0, -1585, 0, 0, 0, -1748, -1783, -1823, 0, -1900, 0, -1983, -2028, 0, -2105, -2142, -2181, 0, -2250, 0, -2322, -2357, -2393, -2429, -2463, -2492, -2522, -2547, -2578, -2606, 0, -2658, -2682, -2704, -2730, -2757, -2779, -2798, 0, -2838, 0, -2875, -2894, -2913, 0, 2932, 2933, 2934, 2935, 2936, 2937, 2938, 2939, 2940, 0, 2941, 2942, 2943, 0, 2944, 2945, 2946, 2947, 0, 0], [-28, -70, -113, -153, -195, -237, -285, -326, 0, 0, -462, -500, 0, 0, -633, -679, -722, 0, -810, -853, -897, -940, -989, -1035, -1077, 0, -1160, -1205, -1249, -1298, -1341, -1384, -1421, 0, -1506, -1546, -1586, -1630, -1669, -1710, -1749, -1784, 0, 0, -1901, 0, -1984, -2029, -2067, -2106, -2143, -2182, -2214, -2251, -2290, -2323, -2358, -2394, -2430, -2464, -2493, -2523, -2548, -2579, -2607, -2635, 0, 0, -2705, 0, -2758, -2780, -2799, -2820, -2839, 0, -2876, 0, 0, -2932, 0, 2948, 2949, 2950, 2951, 0, 2952, 2953, 2954, 2955, 2956, 2957, 2958, 2959, 2960, 0, 2961, 0, 2962, 2963], [-29, 0, -114, -154, -196, -238, -286, -327, 0, -417, 0, -501, -547, -589, 0, -680, -723, -768, -811, -854, -898, -941, -990, -1036, -1078, -1118, -1161, -1206, 0, 0, 0, 0, -1422, -1468, -1507, -1547, -1587, -1631, -1670, -1711, 0, -1785, -1824, -1863, -1902, -1944, -1985, -2030, -2068, -2107, -2144, 0, -2215, 0, 0, -2324, -2359, -2395, -2431, 0, -2494, 0, -2549, -2580, -2608, 0, 0, -2683, 0, -2731, -2759, -2781, -2800, -2821, -2840, 0, -2877, 0, -2914, -2933, -2948, 0, 2964, 2965, 2966, 2967, 2968, 2969, 2970, 2971, 2972, 0, 2973, 2974, 2975, 2976, 2977, 0, 2978, 0], [-30, 0, -115, -155, -197, -239, -287, -328, -378, -418, -463, -502, -548, 0, -634, -681, -724, 0, 0, -855, -899, -942, 0, -1037, -1079, -1119, -1162, -1207, -1250, -1299, -1342, -1385, -1423, -1469, 0, -1548, -1588, -1632, -1671, -1712, -1750, -1786, -1825, -1864, -1903, -1945, 0, -2031, -2069, -2108, -2145, -2183, -2216, -2252, 0, -2325, -2360, -2396, -2432, 0, 0, -2524, 0, -2581, -2609, 0, -2659, 0, 0, -2732, -2760, -2782, 0, -2822, -2841, -2861, -2878, -2895, -2915, -2934, -2949, -2964, 0, 2979, 0, 2980, 2981, 2982, 2983, 2984, 0, 2985, 2986, 2987, 2988, 0, 2989, 0, 2990, 2991], [-31, 0, -116, -156, -198, -240, -288, 0, -379, 0, -464, -503, -549, -590, -635, -682, 0, -769, -812, -856, -900, 0, -991, -1038, -1080, -1120, -1163, -1208, -1251, -1300, -1343, -1386, -1424, -1470, 0, -1549, -1589, -1633, -1672, 0, -1751, -1787, -1826, 0, -1904, -1946, -1986, -2032, 0, 0, 0, -2184, -2217, -2253, -2291, -2326, -2361, -2397, 0, -2465, -2495, -2525, -2550, 0, -2610, -2636, -2660, 0, -2706, -2733, -2761, -2783, -2801, -2823, -2842, 0, -2879, -2896, -291