[[[0, 0, 0, 0, 0, 0, 0, 0, 1, 0, 0, 0, 0, 2, 3, 4, 5, 6, 0, 7, 8, 9, 10, 11, 12, 13], [0, 0, 0, 0, 0, 0, 0, 0, 0, 0, 0, 0, 0, 14, 15, 0, 16, 0, 17, 0, 18, 0, 19, 20, 21, 22], [0, 0, 0, 0, 0, 0, 0, 0, 0, 0, 0, 0, 0, 0, 0, 23, 24, 25, 26, 27, 28, 29, 30, 31, 0, 0], [0, 0, 0, 0, 0, 0, 0, 0, 0, 0, 0, 0, 0, 32, 33, 0, 34, 35, 36, 37, 0, 38, 39, 40, 41, 42], [0, 0, 0, 0, 0, 0, 0, 0, 0, 0, 0, 43, 0, 44, 45, 46, 47, 48, 49, 50, 51, 52, 53, 54, 55, 56], [0, 0, 0, 0, 0, 0, 0, 0, 0, 0, 0, 0, 0, 0, 57, 0, 58, 59, 0, 60, 0, 61, 62, 63, 0, 64], [0, 0, 0, 0, 0, 0, 0, 0, 0, 0, 0, 65, 0, 66, 67, 68, 0, 69, 0, 70, 71, 72, 73, 74, 75, 76], [0, 0, 0, 0, 0, 0, 0, 0, 0, 0, 0, 0, 0, 77, 78, 79, 0, 80, 81, 82, 83, 84, 85, 86, 87, 88], [-1, 0, 0, 0, 0, 0, 0, 0, 0, 0, 89, 0, 0, 90, 0, 91, 92, 93, 94, 0, 95, 0, 96, 97, 98, 99], [0, 0, 0, 0, 0, 0, 0, 0, 0, 0, 0, 100, 0, 101, 0, 102, 103, 104, 105, 106, 107, 108, 109, 0, 110, 111], [0, 0, 0, 0, 0, 0, 0, 0, -89, 0, 0, 0, 0, 112, 113, 114, 115, 0, 116, 117, 0, 118, 119, 120, 0, 121], [0, 0, 0, 0, -43, 0, -65, 0, 0, -100, 0, 0, 0, 122, 123, 124, 125, 126, 127, 128, 129, 130, 131, 132, 0, 0], [0, 0, 0, 0, 0, 0, 0, 0, 0, 0, 0, 0, 0, 133, 134, 135, 136, 137, 138, 139, 0, 0, 140, 141, 142, 143], [-2, -14, 0, -32, -44, 0, -66, -77, -90, -101, -112, -122, -133, 0, 144, 145, 146, 147, 148, 149, 150, 0, 151, 152, 153, 0], [-3, -15, 0, -33, -45, -57, -67, -78, 0, 0, -113, -123, -134, -144, 0, 154, 155, 156, 157, 158, 159, 160, 161, 162, 163, 164], [-4, 0, -23, 0, -46, 0, -68, -79, -91, -102, -114, -124, -135, -145, -154, 0, 0, 165, 166, 167, 0, 168, 169, 170, 0, 171], [-5, -16, -24, -34, -47, -58, 0, 0, -92, -103, -115, -125, -136, -146, -155, 0, 0, 172, 0, 0, 173, 174, 175, 176, 177, 0], [-6, 0, -25, -35, -48, -59, -69, -80, -93, -104, 0, -126, -137, -147, -156, -165, -172, 0, 178, 179, 180, 181, 0, 182, 0, 183], [0, -17, -26, -36, -49, 0, 0, -81, -94, -105, -116, -127, -138, -148, -157, -166, 0, -178, 0, 184, 185, 186, 0, 187, 188, 0], [-7, 0, -27, -37, -50, -60, -70, -82, 0, -106, -117, -128, -139, -149, -158, -167, 0, -179, -184, 0, 189, 190, 191, 192, 0, 193], [-8, -18, -28, 0, -51, 0, -71, -83, -95, -107, 0, -129, 0, -150, -159, 0, -173, -180, -185, -189, 0, 0, 194, 195, 196, 197], [-9, 0, -29, -38, -52, -61, -72, -84, 0, -108, -118, -130, 0, 0, -160, -168, -174, -181, -186, -190, 0, 0, 198, 199, 200, 201], [-10, -19, -30, -39, -53, -62, -73, -85, -96, -109, -119, -131, -140, -151, -161, -169, -175, 0, 0, -191, -194, -198, 0, 0, 0, 202], [-11, -20, -31, -40, -54, -63, -74, -86, -97, 0, -120, -132, -141, -152, -162, -170, -176, -182, -187, -192, -195, -199, 0, 0, 203, 204], [-12, -21, 0, -41, -55, 0, -75, -87, -98, -110, 0, 0, -142, -153, -163, 0, -177, 0, -188, 0, -196, -200, 0, -203, 0, 0], [-13, -22, 0, -42, -56, -64, -76, -88, -99, -111, -121, 0, -143, 0, -164, -171, 0, -183, 0, -193, -197, -201, -202, -204, 0, 0]], [[0, 0, 1, 0, 0, 2, 0, 0, 0, 0, 0, 0, 0, 3, 0, 4, 5, 6, 7, 8, 9, 10, 11, 12, 13, 14], [0, 0, 0, 0, 0, 0, 0, 0, 0, 0, 0, 15, 0, 16, 17, 0, 18, 19, 20, 21, 22, 23, 24, 25, 26, 27], [-1, 0, 0, 0, 28, 0, 0, 0, 0, 0, 0, 0, 0, 29, 30, 31, 0, 32, 33, 34, 35, 36, 37, 38, 39, 40], [0, 0, 0, 0, 0, 0, 0, 0, 0, 0, 0, 0, 0, 41, 0, 42, 0, 43, 0, 44, 45, 46, 47, 48, 49, 50], [0, 0, -28, 0, 0, 51, 52, 0, 53, 0, 0, 0, 0, 54, 55, 56, 57, 58, 59, 60, 61, 62, 63, 0, 64, 65], [-2, 0, 0, 0, -51, 0, 0, 0, 0, 0, 0, 0, 0, 0, 66, 0, 67, 68, 0, 69, 70, 71, 72, 73, 0, 74], [0, 0, 0, 0, -52, 0, 0, 0, 0, 0, 0, 75, 0, 76, 77, 78, 79, 80, 81, 82, 83, 84, 85, 86, 87, 88], [0, 0, 0, 0, 0, 0, 0, 0, 0, 0, 0, 89, 0, 90, 91, 92, 93, 94, 95, 96, 97, 98, 99, 100, 101, 102], [0, 0, 0, 0, -53, 0, 0, 0, 0, 0, 0, 103, 0, 104, 105, 0, 106, 107, 108, 109, 0, 110, 111, 112, 113, 114], [0, 0, 0, 0, 0, 0, 0, 0, 0, 0, 0, 0, 0, 115, 0, 0, 116, 117, 118, 119, 120, 121, 122, 123, 124, 125], [0, 0, 0, 0, 0, 0, 0, 0, 0, 0, 0, 0, 0, 126, 127, 128, 129, 130, 0, 0, 131, 132, 133, 134, 135, 136], [0, -15, 0, 0, 0, 0, -75, -89, -103, 0, 0, 0, 0, 137, 138, 139, 140, 0, 141, 0, 0, 142, 143, 144, 145, 146], [0, 0, 0, 0, 0, 0, 0, 0, 0, 0, 0, 0, 0, 147, 148, 149, 0, 150, 0, 151, 152, 153, 154, 0, 155, 0], [-3, -16, -29, -41, -54, 0, -76, -90, -104, -115, -126, -137, -147, 0, 156, 157, 158, 159, 160, 161, 162, 163, 164, 165, 166, 167], [0, -17, -30, 0, -55, -66, -77, -91, -105, 0, -127, -138, -148, -156, 0, 168, 0, 169, 170, 0, 171, 172, 173, 174, 0, 175], [-4, 0, -31, -42, -56, 0, -78, -92, 0, 0, -128, -139, -149, -157, -168, 0, 0, 176, 177, 178, 179, 180, 181, 182, 183, 0], [-5, -18, 0, 0, -57, -67, -79, -93, -106, -116, -129, -140, 0, -158, 0, 0, 0, 184, 185, 186, 187, 188, 189, 0, 190, 191], [-6, -19, -32, -43, -58, -68, -80, -94, -107, -117, -130, 0, -150, -159, -169, -176, -184, 0, 192, 193, 194, 195, 0, 196, 197, 198], [-7, -20, -33, 0, -59, 0, -81, -95, -108, -118, 0, -141, 0, -160, -170, -177, -185, -192, 0, 199, 200, 201, 0, 202, 203, 204], [-8, -21, -34, -44, -60, -69, -82, -96, -109, -119, 0, 0, -151, -161, 0, -178, -186, -193, -199, 0, 205, 206, 0, 207, 208, 209], [-9, -22, -35, -45, -61, -70, -83, -97, 0, -120, -131, 0, -152, -162, -171, -179, -187, -194, -200, -205, 0, 210, 211, 0, 212, 213], [-10, -23, -36, -46, -62, -71, -84, -98, -110, -121, -132, -142, -153, -163, -172, -180, -188, -195, -201, -206, -210, 0, 0, 214, 215, 216], [-11, -24, -37, -47, -63, -72, -85, -99, -111, -122, -133, -143, -154, -164, -173, -181, -189, 0, 0, 0, -211, 0, 0, 217, 0, 218], [-12, -25, -38, -48, 0, -73, -86, -100, -112, -123, -134, -144, 0, -165, -174, -182, 0, -196, -202, -207, 0, -214, -217, 0, 219, 220], [-13, -26, -39, -49, -64, 0, -87, -101, -113, -124, -135, -145, -155, -166, 0, -183, -190, -197, -203, -208, -212, -215, 0, -219, 0, 221], [-14, -27, -40, -50, -65, -74, -88, -102, -114, -125, -136, -146, 0, -167, -175, 0, -191, -198, -204, -209, -213, -216, -218, -220, -221, 0]], [[0, 1, 0, 0, 0, 0, 0, 2, 0, 0, 3, 0, 0, 4, 5, 6, 7, 8, 9, 10, 11, 12, 0, 13, 14, 15], [-1, 0, 0, 0, 0, 0, 0, 0, 16, 0, 0, 0, 0, 17, 18, 19, 20, 21, 22, 23, 24, 25, 26, 27, 28, 29], [0, 0, 0, 0, 0, 0, 0, 0, 0, 0, 0, 0, 0, 0, 0, 0, 30, 31, 32, 33, 34, 35, 36, 0, 0, 37], [0, 0, 0, 0, 0, 0, 38, 0, 0, 0, 0, 0, 0, 39, 40, 41, 42, 43, 44, 45, 46, 47, 0, 48, 49, 0], [0, 0, 0, 0, 0, 50, 0, 0, 0, 0, 0, 0, 0, 51, 0, 52, 53, 54, 0, 55, 56, 57, 0, 58, 59, 60], [0, 0, 0, 0, -50, 0, 0, 0, 0, 0, 0, 61, 0, 62, 0, 0, 63, 64, 65, 66, 0, 0, 67, 68, 69, 70], [0, 0, 0, -38, 0, 0, 0, 0, 0, 0, 0, 0, 0, 71, 72, 73, 74, 0, 75, 76, 77, 0, 78, 0, 0, 79], [-2, 0, 0, 0, 0, 0, 0, 0, 0, 0, 0, 0, 0, 80, 0, 81, 0, 82, 83, 84, 0, 85, 86, 0, 87, 88], [0, -16, 0, 0, 0, 0, 0, 0, 0, 0, 0, 0, 89, 90, 91, 92, 0, 93, 94, 0, 95, 96, 0, 97, 98, 0], [0, 0, 0, 0, 0, 0, 0, 0, 0, 0, 99, 0, 0, 100, 0, 101, 102, 103, 104, 0, 105, 0, 0, 106, 107, 0], [-3, 0, 0, 0, 0, 0, 0, 0, 0, -99, 0, 0, 0, 108, 109, 110, 0, 111, 112, 113, 114, 115, 116, 117, 118, 119], [0, 0, 0, 0, 0, -61, 0, 0, 0, 0, 0, 0, 0, 120, 0, 121, 122, 123, 124, 125, 126, 0, 0, 127, 128, 129], [0, 0, 0, 0, 0, 0, 0, 0, -89, 0, 0, 0, 0, 130, 131, 132, 133, 134, 0, 135, 136, 137, 138, 139, 0, 0], [-4, -17, 0, -39, -51, -62, -71, -80, -90, -100, -108, -120, -130, 0, 140, 0, 141, 142, 143, 144, 145, 146, 147, 148, 149, 150], [-5, -18, 0, -40, 0, 0, -72, 0, -91, 0, -109, 0, -131, -140, 0, 151, 152, 153, 154, 155, 156, 157, 158, 159, 160, 161], [-6, -19, 0, -41, -52, 0, -73, -81, -92, -101, -110, -121, -132, 0, -151, 0, 162, 163, 164, 0, 165, 0, 166, 167, 0, 0], [-7, -20, -30, -42, -53, -63, -74, 0, 0, -102, 0, -122, -133, -141, -152, -162, 0, 0, 0, 168, 169, 170, 171, 0, 172, 173], [-8, -21, -31, -43, -54, -64, 0, -82, -93, -103, -111, -123, -134, -142, -153, -163, 0, 0, 174, 175, 176, 177, 178, 0, 179, 180], [-9, -22, -32, -44, 0, -65, -75, -83, -94, -104, -112, -124, 0, -143, -154, -164, 0, -174, 0, 181, 0, 182, 183, 184, 0, 0], [-10, -23, -33, -45, -55, -66, -76, -84, 0, 0, -113, -125, -135, -144, -155, 0, -168, -175, -181, 0, 185, 186, 0, 187, 188, 189], [-11, -24, -34, -46, -56, 0, -77, 0, -95, -105, -114, -126, -136, -145, -156, -165, -169, -176, 0, -185, 0, 190, 191, 0, 0, 192], [-12, -25, -35, -47, -57, 0, 0, -85, -96, 0, -115, 0, -137, -146, -157, 0, -170, -177, -182, -186, -190, 0, 0, 193, 194, 0], [0, -26, -36, 0, 0, -67, -78, -86, 0, 0, -116, 0, -138, -147, -158, -166, -171, -178, -183, 0, -191, 0, 0, 195, 196, 197], [-13, -27, 0, -48, -58, -68, 0, 0, -97, -106, -117, -127, -139, -148, -159, -167, 0, 0, -184, -187, 0, -193, -195, 0, 198, 199], [-14, -28, 0, -49, -59, -69, 0, -87, -98, -107, -118, -128, 0, -149, -160, 0, -172, -179, 0, -188, 0, -194, -196, -198, 0, 200], [-15, -29, -37, 0, -60, -70, -79, -88, 0, 0, -119, -129, 0, -150, -161, 0, -173, -180, 0, -189, -192, 0, -197, -199, -200, 0]], [[0, 0, 0, 0, 0, 0, 0, 0, 0, 0, 0, 0, 0, 1, 2, 3, 4, 5, 6, 0, 7, 0, 8, 0, 9, 10], [0, 0, 0, 0, 0, 0, 0, 0, 0, 0, 0, 0, 0, 11, 0, 12, 13, 14, 0, 0, 15, 16, 17, 18, 19, 0], [0, 0, 0, 0, 0, 0, 0, 20, 0, 0, 0, 0, 0, 21, 22, 23, 24, 25, 26, 27, 28, 0, 0, 29, 0, 0], [0, 0, 0, 0, 0, 0, 0, 0, 0, 0, 0, 0, 0, 30, 0, 31, 32, 0, 0, 0, 33, 34, 0, 35, 36, 37], [0, 0, 0, 0, 0, 0, 0, 0, 0, 0, 0, 38, 0, 39, 40, 0, 41, 42, 43, 0, 0, 44, 0, 45, 46, 47], [0, 0, 0, 0, 0, 0, 0, 0, 0, 0, 48, 0, 49, 50, 51, 52, 0, 53, 54, 55, 56, 0, 57, 58, 59, 60], [0, 0, 0, 0, 0, 0, 0, 0, 0, 0, 0, 0, 0, 61, 62, 63, 64, 65, 66, 67, 68, 69, 70, 71, 72, 73], [0, 0, -20, 0, 0, 0, 0, 0, 0, 0, 0, 74, 0, 75, 76, 77, 0, 78, 79, 80, 81, 0, 82, 0, 83, 0], [0, 0, 0, 0, 0, 0, 0, 0, 0, 0, 0, 0, 0, 84, 85, 86, 87, 88, 89, 90, 91, 92, 93, 94, 95, 96], [0, 0, 0, 0, 0, 0, 0, 0, 0, 0, 0, 0, 0, 97, 98, 99, 100, 101, 102, 103, 104, 105, 106, 0, 0, 107], [0, 0, 0, 0, 0, -48, 0, 0, 0, 0, 0, 0, 0, 0, 108, 109, 110, 111, 112, 0, 113, 114, 115, 116, 117, 0], [0, 0, 0, 0, -38, 0, 0, -74, 0, 0, 0, 0, 0, 118, 0, 119, 120, 121, 122, 123, 124, 125, 0, 126, 127, 128], [0, 0, 0, 0, 0, -49, 0, 0, 0, 0, 0, 0, 0, 129, 130, 131, 132, 133, 134, 0, 135, 136, 137, 138, 139, 140], [-1, -11, -21, -30, -39, -50, -61, -75, -84, -97, 0, -118, -129, 0, 141, 142, 0, 0, 143, 144, 145, 0, 0, 146, 147, 0], [-2, 0, -22, 0, -40, -51, -62, -76, -85, -98, -108, 0, -130, -141, 0, 0, 0, 148, 149, 0, 0, 150, 151, 152, 0, 0], [-3, -12, -23, -31, 0, -52, -63, -77, -86, -99, -109, -119, -131, -142, 0, 0, 153, 0, 154, 155, 156, 157, 158, 159, 160, 161], [-4, -13, -24, -32, -41, 0, -64, 0, -87, -100, -110, -120, -132, 0, 0, -153, 0, 162, 163, 164, 165, 166, 167, 0, 168, 169], [-5, -14, -25, 0, -42, -53, -65, -78, -88, -101, -111, -121, -133, 0, -148, 0, -162, 0, 170, 171, 0, 172, 173, 174, 175, 176], [-6, 0, -26, 0, -43, -54, -66, -79, -89, -102, -112, -122, -134, -143, -149, -154, -163, -170, 0, 177, 178, 179, 0, 180, 0, 181], [0, 0, -27, 0, 0, -55, -67, -80, -90, -103, 0, -123, 0, -144, 0, -155, -164, -171, -177, 0, 182, 183, 184, 185, 186, 187], [-7, -15, -28, -33, 0, -56, -68, -81, -91, -104, -113, -124, -135, -145, 0, -156, -165, 0, -178, -182, 0, 0, 0, 188, 189, 0], [0, -16, 0, -34, -44, 0, -69, 0, -92, -105, -114, -125, -136, 0, -150, -157, -166, -172, -179, -183, 0, 0, 190, 191, 192, 193], [-8, -17, 0, 0, 0, -57, -70, -82, -93, -106, -115, 0, -137, 0, -151, -158, -167, -173, 0, -184, 0, -190, 0, 194, 195, 196], [0, -18, -29, -35, -45, -58, -71, 0, -94, 0, -116, -126, -138, -146, -152, -159, 0, -174, -180, -185, -188, -191, -194, 0, 197, 198], [-9, -19, 0, -36, -46, -59, -72, -83, -95, 0, -117, -127, -139, -147, 0, -160, -168, -175, 0, -186, -189, -192, -195, -197, 0, 0], [-10, 0, 0, -37, -47, -60, -73, 0, -96, -107, 0, -128, -140, 0, 0, -161, -169, -176, -181, -187, 0, -193, -196, -198, 0, 0]], [[0, 0, 0, 0, 0, 0, 0, 0, 0, 0, 0, 0, 0, 1, 0, 2, 3, 4, 5, 6, 7, 0, 8, 0, 9, 10], [0, 0, 0, 0, 11, 12, 0, 0, 0, 0, 0, 0, 0, 13, 14, 15, 16, 17, 0, 18, 19, 20, 0, 21, 22, 0], [0, 0, 0, 23, 0, 0, 0, 0, 0, 0, 0, 0, 0, 24, 25, 26, 27, 28, 29, 30, 31, 32, 33, 34, 35, 36], [0, 0, -23, 0, 0, 0, 0, 0, 37, 0, 0, 0, 38, 39, 40, 41, 42, 43, 44, 45, 46, 47, 48, 49, 50, 51], [0, -11, 0, 0, 0, 0, 0, 0, 0, 0, 0, 0, 0, 52, 53, 54, 55, 56, 57, 0, 58, 59, 0, 60, 61, 62], [0, -12, 0, 0, 0, 0, 0, 63, 0, 0, 64, 65, 0, 0, 66, 67, 68, 69, 0, 70, 0, 0, 71, 0, 72, 73], [0, 0, 0, 0, 0, 0, 0, 0, 0, 0, 0, 0, 0, 74, 0, 75, 76, 77, 78, 79, 0, 80, 0, 81, 82, 83], [0, 0, 0, 0, 0, -63, 0, 0, 0, 0, 0, 0, 0, 84, 85, 0, 86, 0, 87, 88, 89, 90, 0, 91, 0, 92], [0, 0, 0, -37, 0, 0, 0, 0, 0, 0, 0, 0, 0, 93, 94, 95, 96, 0, 97, 98, 0, 99, 100, 101, 102, 103], [0, 0, 0, 0, 0, 0, 0, 0, 0, 0, 0, 0, 0, 104, 105, 106, 107, 108, 109, 110, 111, 112, 113, 114, 0, 0], [0, 0, 0, 0, 0, -64, 0, 0, 0, 0, 0, 0, 0, 115, 116, 0, 117, 118, 119, 120, 0, 121, 122, 123, 124, 125], [0, 0, 0, 0, 0, -65, 0, 0, 0, 0, 0, 0, 0, 126, 127, 128, 129, 0, 130, 131, 132, 133, 134, 135, 136, 137], [0, 0, 0, -38, 0, 0, 0, 0, 0, 0, 0, 0, 0, 138, 139, 140, 0, 0, 141, 0, 0, 142, 0, 143, 0, 144], [-1, -13, -24, -39, -52, 0, -74, -84, -93, -104, -115, -126, -138, 0, 145, 146, 147, 148, 149, 150, 0, 0, 151, 152, 153, 154], [0, -14, -25, -40, -53, -66, 0, -85, -94, -105, -116, -127, -139, -145, 0, 0, 155, 0, 156, 157, 158, 0, 0, 159, 160, 161], [-2, -15, -26, -41, -54, -67, -75, 0, -95, -106, 0, -128, -140, -146, 0, 0, 162, 163, 164, 165, 166, 167, 168, 169, 170, 171], [-3, -16, -27, -42, -55, -68, -76, -86, -96, -107, -117, -129, 0, -147, -155, -162, 0, 172, 173, 174, 175, 176, 0, 177, 0, 178], [-4, -17, -28, -43, -56, -69, -77, 0, 0, -108, -118, 0, 0, -148, 0, -163, -172, 0, 0, 179, 180, 181, 182, 183, 184, 185], [-5, 0, -29, -44, -57, 0, -78, -87, -97, -109, -119, -130, -141, -149, -156, -164, -173, 0, 0, 186, 187, 188, 189, 190, 191, 0], [-6, -18, -30, -45, 0, -70, -79, -88, -98, -110, -120, -131, 0, -150, -157, -165, -174, -179, -186, 0, 192, 193, 194, 195, 196, 0], [-7, -19, -31, -46, -58, 0, 0, -89, 0, -111, 0, -132, 0, 0, -158, -166, -175, -180, -187, -192, 0, 197, 198, 199, 0, 0], [0, -20, -32, -47, -59, 0, -80, -90, -99, -112, -121, -133, -142, 0, 0, -167, -176, -181, -188, -193, -197, 0, 0, 200, 201, 0], [-8, 0, -33, -48, 0, -71, 0, 0, -100, -113, -122, -134, 0, -151, 0, -168, 0, -182, -189, -194, -198, 0, 0, 202, 203, 204], [0, -21, -34, -49, -60, 0, -81, -91, -101, -114, -123, -135, -143, -152, -159, -169, -177, -183, -190, -195, -199, -200, -202, 0, 0, 0], [-9, -22, -35, -50, -61, -72, -82, 0, -102, 0, -124, -136, 0, -153, -160, -170, 0, -184, -191, -196, 0, -201, -203, 0, 0, 205], [-10, 0, -36, -51, -62, -73, -83, -92, -103, 0, -125, -137, -144, -154, -161, -171, -178, -185, 0, 0, 0, 0, -204, 0, -205, 0]], [[0, 0, 0, 0, 0, 0, 0, 1, 0, 0, 0, 0, 0, 2, 0, 3, 4, 5, 6, 7, 0, 8, 9, 10, 11, 12], [0, 0, 13, 0, 0, 0, 0, 0, 0, 0, 0, 0, 0, 14, 15, 16, 17, 18, 19, 20, 21, 22, 23, 24, 25, 0], [0, -13, 0, 0, 26, 0, 27, 0, 0, 0, 0, 0, 0, 28, 29, 30, 0, 31, 32, 33, 34, 35, 36, 37, 38, 39], [0, 0, 0, 0, 0, 0, 0, 0, 40, 0, 0, 0, 0, 41, 42, 43, 0, 44, 45, 0, 0, 46, 47, 0, 48, 49], [0, 0, -26, 0, 0, 0, 0, 0, 0, 0, 0, 0, 0, 50, 51, 52, 53, 54, 0, 55, 56, 57, 58, 59, 60, 0], [0, 0, 0, 0, 0, 0, 0, 61, 62, 0, 0, 0, 0, 63, 64, 65, 0, 66, 67, 0, 68, 69, 70, 71, 72, 0], [0, 0, -27, 0, 0, 0, 0, 0, 73, 0, 0, 0, 0, 74, 0, 75, 76, 77, 78, 79, 80, 81, 82, 83, 84, 85], [-1, 0, 0, 0, 0, -61, 0, 0, 0, 0, 0, 0, 0, 86, 87, 88, 89, 90, 91, 92, 93, 94, 95, 96, 0, 97], [0, 0, 0, -40, 0, -62, -73, 0, 0, 98, 0, 0, 0, 99, 100, 101, 102, 0, 0, 103, 104, 105, 0, 106, 0, 107], [0, 0, 0, 0, 0, 0, 0, 0, -98, 0, 0, 0, 0, 108, 109, 110, 111, 112, 0, 113, 114, 0, 115, 116, 117, 118], [0, 0, 0, 0, 0, 0, 0, 0, 0, 0, 0, 0, 0, 119, 0, 120, 121, 122, 123, 0, 0, 0, 124, 125, 0, 126], [0, 0, 0, 0, 0, 0, 0, 0, 0, 0, 0, 0, 0, 127, 128, 129, 130, 0, 131, 132, 133, 134, 135, 136, 137, 138], [0, 0, 0, 0, 0, 0, 0, 0, 0, 0, 0, 0, 0, 0, 0, 0, 139, 140, 141, 142, 143, 144, 145, 146, 147, 148], [-2, -14, -28, -41, -50, -63, -74, -86, -99, -108, -119, -127, 0, 0, 149, 150, 151, 152, 0, 153, 0, 154, 155, 156, 157, 158], [0, -15, -29, -42, -51, -64, 0, -87, -100, -109, 0, -128, 0, -149, 0, 159, 0, 160, 0, 161, 162, 163, 164, 165, 166, 167], [-3, -16, -30, -43, -52, -65, -75, -88, -101, -110, -120, -129, 0, -150, -159, 0, 168, 169, 0, 170, 171, 172, 0, 0, 0, 173], [-4, -17, 0, 0, -53, 0, -76, -89, -102, -111, -121, -130, -139, -151, 0, -168, 0, 174, 175, 0, 0, 176, 0, 177, 178, 179], [-5, -18, -31, -44, -54, -66, -77, -90, 0, -112, -122, 0, -140, -152, -160, -169, -174, 0, 180, 181, 182, 183, 184, 185, 0, 186], [-6, -19, -32, -45, 0, -67, -78, -91, 0, 0, -123, -131, -141, 0, 0, 0, -175, -180, 0, 187, 188, 189, 190, 191, 192, 193], [-7, -20, -33, 0, -55, 0, -79, -92, -103, -113, 0, -132, -142, -153, -161, -170, 0, -181, -187, 0, 0, 194, 195, 196, 197, 198], [0, -21, -34, 0, -56, -68, -80, -93, -104, -114, 0, -133, -143, 0, -162, -171, 0, -182, -188, 0, 0, 0, 199, 0, 200, 0], [-8, -22, -35, -46, -57, -69, -81, -94, -105, 0, 0, -134, -144, -154, -163, -172, -176, -183, -189, -194, 0, 0, 0, 201, 0, 202], [-9, -23, -36, -47, -58, -70, -82, -95, 0, -115, -124, -135, -145, -155, -164, 0, 0, -184, -190, -195, -199, 0, 0, 203, 204, 0], [-10, -24, -37, 0, -59, -71, -83, -96, -106, -116, -125, -136, -146, -156, -165, 0, -177, -185, -191, -196, 0, -201, -203, 0, 205, 206], [-11, -25, -38, -48, -60, -72, -84, 0, 0, -117, 0, -137, -147, -157, -166, 0, -178, 0, -192, -197, -200, 0, -204, -205, 0, 207], [-12, 0, -39, -49, 0, 0, -85, -97, -107, -118, -126, -138, -148, -158, -167, -173, -179, -186, -193, -198, 0, -202, 0, -206, -207, 0]], [[0, 0, 0, 0, 0, 0, 0, 0, 0, 0, 0, 0, 0, 0, 1, 2, 0, 3, 4, 0, 0, 5, 6, 7, 0, 8], [0, 0, 0, 0, 0, 9, 0, 0, 0, 0, 0, 0, 0, 10, 11, 12, 0, 13, 0, 14, 15, 16, 17, 18, 19, 0], [0, 0, 0, 0, 0, 0, 0, 0, 0, 0, 0, 0, 0, 20, 21, 22, 23, 24, 25, 26, 27, 28, 29, 30, 31, 32], [0, 0, 0, 0, 0, 0, 0, 0, 0, 0, 0, 0, 0, 33, 34, 35, 36, 0, 0, 0, 0, 37, 38, 39, 0, 40], [0, 0, 0, 0, 0, 0, 0, 41, 0, 0, 0, 0, 0, 42, 43, 44, 45, 0, 46, 47, 48, 49, 50, 51, 52, 53], [0, -9, 0, 0, 0, 0, 0, 54, 0, 0, 0, 55, 0, 56, 57, 58, 0, 0, 59, 60, 61, 62, 63, 64, 0, 65], [0, 0, 0, 0, 0, 0, 0, 0, 0, 0, 0, 66, 0, 67, 68, 69, 0, 0, 70, 71, 0, 72, 0, 73, 74, 75], [0, 0, 0, 0, -41, -54, 0, 0, 0, 76, 0, 0, 0, 0, 0, 77, 78, 79, 0, 80, 81, 82, 83, 84, 85, 0], [0, 0, 0, 0, 0, 0, 0, 0, 0, 0, 86, 87, 0, 88, 89, 90, 91, 92, 93, 94, 0, 95, 96, 97, 0, 98], [0, 0, 0, 0, 0, 0, 0, -76, 0, 0, 0, 0, 0, 99, 100, 0, 101, 102, 103, 104, 105, 106, 107, 108, 109, 110], [0, 0, 0, 0, 0, 0, 0, 0, -86, 0, 0, 0, 0, 111, 112, 113, 114, 115, 116, 117, 118, 0, 119, 120, 121, 0], [0, 0, 0, 0, 0, -55, -66, 0, -87, 0, 0, 0, 0, 122, 123, 124, 125, 126, 127, 128, 129, 130, 131, 0, 132, 0], [0, 0, 0, 0, 0, 0, 0, 0, 0, 0, 0, 0, 0, 133, 134, 135, 136, 137, 0, 138, 139, 140, 0, 141, 142, 143], [0, -10, -20, -33, -42, -56, -67, 0, -88, -99, -111, -122, -133, 0, 144, 145, 146, 147, 0, 148, 0, 149, 0, 0, 150, 0], [-1, -11, -21, -34, -43, -57, -68, 0, -89, -100, -112, -123, -134, -144, 0, 151, 152, 153, 154, 0, 155, 156, 0, 157, 0, 158], [-2, -12, -22, -35, -44, -58, -69, -77, -90, 0, -113, -124, -135, -145, -151, 0, 0, 159, 0, 0, 0, 160, 161, 0, 162, 163], [0, 0, -23, -36, -45, 0, 0, -78, -91, -101, -114, -125, -136, -146, -152, 0, 0, 164, 0, 165, 166, 167, 168, 169, 170, 171], [-3, -13, -24, 0, 0, 0, 0, -79, -92, -102, -115, -126, -137, -147, -153, -159, -164, 0, 172, 173, 174, 175, 176, 177, 178, 179], [-4, 0, -25, 0, -46, -59, -70, 0, -93, -103, -116, -127, 0, 0, -154, 0, 0, -172, 0, 0, 180, 181, 182, 183, 184, 0], [0, -14, -26, 0, -47, -60, -71, -80, -94, -104, -117, -128, -138, -148, 0, 0, -165, -173, 0, 0, 185, 186, 0, 0, 187, 188], [0, -15, -27, 0, -48, -61, 0, -81, 0, -105, -118, -129, -139, 0, -155, 0, -166, -174, -180, -185, 0, 0, 189, 190, 191, 192], [-5, -16, -28, -37, -49, -62, -72, -82, -95, -106, 0, -130, -140, -149, -156, -160, -167, -175, -181, -186, 0, 0, 193, 0, 194, 195], [-6, -17, -29, -38, -50, -63, 0, -83, -96, -107, -119, -131, 0, 0, 0, -161, -168, -176, -182, 0, -189, -193, 0, 196, 0, 197], [-7, -18, -30, -39, -51, -64, -73, -84, -97, -108, -120, 0, -141, 0, -157, 0, -169, -177, -183, 0, -190, 0, -196, 0, 0, 198], [0, -19, -31, 0, -52, 0, -74, -85, 0, -109, -121, -132, -142, -150, 0, -162, -170, -178, -184, -187, -191, -194, 0, 0, 0, 0], [-8, 0, -32, -40, -53, -65, -75, 0, -98, -110, 0, 0, -143, 0, -158, -163, -171, -179, 0, -188, -192, -195, -197, -198, 0, 0]], [[0, 0, 0, 0, 0, 0, 0, 0, 0, 0, 1, 0, 0, 0, 2, 3, 4, 0, 0, 5, 6, 7, 8, 9, 10, 11], [0, 0, 0, 12, 0, 0, 0, 13, 0, 0, 0, 0, 0, 14, 15, 16, 0, 17, 18, 0, 0, 19, 20, 21, 22, 23], [0, 0, 0, 24, 0, 25, 0, 0, 26, 0, 0, 0, 0, 27, 0, 28, 0, 29, 30, 31, 32, 33, 0, 34, 35, 36], [0, -12, -24, 0, 0, 0, 0, 37, 0, 0, 38, 0, 0, 39, 0, 40, 0, 41, 42, 43, 44, 45, 46, 47, 0, 48], [0, 0, 0, 0, 0, 0, 0, 0, 0, 0, 0, 0, 0, 49, 50, 51, 52, 53, 54, 55, 56, 57, 58, 59, 60, 61], [0, 0, -25, 0, 0, 0, 62, 0, 63, 0, 0, 0, 0, 64, 65, 66, 67, 68, 69, 70, 0, 0, 0, 0, 71, 72], [0, 0, 0, 0, 0, -62, 0, 73, 0, 0, 0, 0, 0, 74, 75, 76, 77, 78, 79, 80, 81, 82, 83, 0, 84, 85], [0, -13, 0, -37, 0, 0, -73, 0, 0, 0, 86, 0, 0, 87, 88, 89, 90, 91, 92, 93, 0, 94, 95, 96, 0, 97], [0, 0, -26, 0, 0, -63, 0, 0, 0, 0, 0, 0, 0, 98, 99, 100, 101, 102, 0, 103, 0, 104, 105, 106, 107, 108], [0, 0, 0, 0, 0, 0, 0, 0, 0, 0, 0, 0, 0, 109, 0, 110, 111, 112, 113, 114, 115, 0, 116, 117, 118, 0], [-1, 0, 0, -38, 0, 0, 0, -86, 0, 0, 0, 0, 0, 119, 0, 0, 120, 121, 122, 123, 124, 0, 0, 125, 126, 127], [0, 0, 0, 0, 0, 0, 0, 0, 0, 0, 0, 0, 0, 128, 129, 130, 131, 132, 133, 134, 135, 136, 137, 138, 139, 140], [0, 0, 0, 0, 0, 0, 0, 0, 0, 0, 0, 0, 0, 0, 141, 0, 0, 142, 143, 144, 145, 146, 147, 148, 149, 150], [0, -14, -27, -39, -49, -64, -74, -87, -98, -109, -119, -128, 0, 0, 151, 152, 153, 154, 155, 156, 0, 157, 158, 159, 160, 161], [-2, -15, 0, 0, -50, -65, -75, -88, -99, 0, 0, -129, -141, -151, 0, 162, 163, 164, 165, 0, 166, 167, 168, 169, 170, 171], [-3, -16, -28, -40, -51, -66, -76, -89, -100, -110, 0, -130, 0, -152, -162, 0, 172, 173, 174, 175, 0, 176, 177, 178, 179, 0], [-4, 0, 0, 0, -52, -67, -77, -90, -101, -111, -120, -131, 0, -153, -163, -172, 0, 180, 181, 182, 183, 184, 0, 185, 186, 187], [0, -17, -29, -41, -53, -68, -78, -91, -102, -112, -121, -132, -142, -154, -164, -173, -180, 0, 188, 189, 190, 0, 191, 192, 193, 194], [0, -18, -30, -42, -54, -69, -79, -92, 0, -113, -122, -133, -143, -155, -165, -174, -181, -188, 0, 195, 0, 0, 196, 197, 198, 0], [-5, 0, -31, -43, -55, -70, -80, -93, -103, -114, -123, -134, -144, -156, 0, -175, -182, -189, -195, 0, 199, 200, 201, 202, 203, 204], [-6, 0, -32, -44, -56, 0, -81, 0, 0, -115, -124, -135, -145, 0, -166, 0, -183, -190, 0, -199, 0, 205, 206, 0, 207, 0], [-7, -19, -33, -45, -57, 0, -82, -94, -104, 0, 0, -136, -146, -157, -167, -176, -184, 0, 0, -200, -205, 0, 208, 209, 210, 211], [-8, -20, 0, -46, -58, 0, -83, -95, -105, -116, 0, -137, -147, -158, -168, -177, 0, -191, -196, -201, -206, -208, 0, 212, 213, 214], [-9, -21, -34, -47, -59, 0, 0, -96, -106, -117, -125, -138, -148, -159, -169, -178, -185, -192, -197, -202, 0, -209, -212, 0, 215, 216], [-10, -22, -35, 0, -60, -71, -84, 0, -107, -118, -126, -139, -149, -160, -170, -179, -186, -193, -198, -203, -207, -210, -213, -215, 0, 0], [-11, -23, -36, -48, -61, -72, -85, -97, -108, 0, -127, -140, -150, -161, -171, 0, -187, -194, 0, -204, 0, -211, -214, -216, 0, 0]], [[0, 0, 0, 1, 0, 2, 0, 0, 0, 0, 0, 0, 0, 3, 4, 5, 0, 6, 0, 7, 0, 0, 8, 9, 0, 10], [0, 0, 0, 0, 0, 0, 0, 0, 0, 0, 0, 0, 0, 0, 11, 0, 12, 0, 13, 0, 0, 0, 14, 15, 16, 17], [0, 0, 0, 0, 0, 0, 0, 0, 0, 0, 0, 0, 0, 18, 19, 20, 21, 22, 23, 24, 25, 26, 0, 0, 27, 28], [-1, 0, 0, 0, 0, 0, 0, 0, 0, 0, 0, 0, 0, 29, 30, 31, 32, 33, 34, 35, 36, 37, 38, 39, 40, 0], [0, 0, 0, 0, 0, 0, 0, 0, 0, 0, 0, 41, 0, 42, 0, 43, 0, 44, 45, 46, 0, 47, 48, 49, 50, 51], [-2, 0, 0, 0, 0, 0, 0, 0, 0, 0, 0, 0, 0, 52, 0, 53, 54, 55, 56, 0, 0, 57, 58, 59, 60, 61], [0, 0, 0, 0, 0, 0, 0, 0, 0, 0, 0, 62, 63, 64, 0, 65, 66, 67, 68, 69, 70, 71, 72, 73, 74, 75], [0, 0, 0, 0, 0, 0, 0, 0, 0, 0, 0, 0, 0, 76, 77, 78, 79, 80, 81, 0, 82, 83, 0, 84, 85, 86], [0, 0, 0, 0, 0, 0, 0, 0, 0, 87, 0, 0, 0, 88, 89, 90, 91, 92, 93, 94, 95, 96, 97, 98, 99, 100], [0, 0, 0, 0, 0, 0, 0, 0, -87, 0, 0, 0, 0, 101, 0, 0, 0, 102, 103, 0, 104, 105, 106, 107, 108, 109], [0, 0, 0, 0, 0, 0, 0, 0, 0, 0, 0, 0, 110, 111, 112, 113, 114, 115, 116, 0, 117, 118, 119, 0, 120, 121], [0, 0, 0, 0, -41, 0, -62, 0, 0, 0, 0, 0, 122, 123, 0, 124, 0, 125, 126, 127, 128, 129, 130, 131, 132, 133], [0, 0, 0, 0, 0, 0, -63, 0, 0, 0, -110, -122, 0, 134, 135, 136, 0, 137, 138, 139, 0, 0, 140, 141, 142, 143], [-3, 0, -18, -29, -42, -52, -64, -76, -88, -101, -111, -123, -134, 0, 144, 145, 146, 147, 148, 149, 150, 151, 0, 152, 153, 0], [-4, -11, -19, -30, 0, 0, 0, -77, -89, 0, -112, 0, -135, -144, 0, 154, 155, 156, 157, 158, 159, 160, 161, 162, 163, 164], [-5, 0, -20, -31, -43, -53, -65, -78, -90, 0, -113, -124, -136, -145, -154, 0, 165, 166, 167, 168, 169, 170, 0, 171, 172, 173], [0, -12, -21, -32, 0, -54, -66, -79, -91, 0, -114, 0, 0, -146, -155, -165, 0, 174, 175, 176, 177, 178, 179, 0, 180, 0], [-6, 0, -22, -33, -44, -55, -67, -80, -92, -102, -115, -125, -137, -147, -156, -166, -174, 0, 181, 182, 183, 184, 0, 185, 186, 187], [0, -13, -23, -34, -45, -56, -68, -81, -93, -103, -116, -126, -138, -148, -157, -167, -175, -181, 0, 188, 189, 190, 191, 192, 193, 194], [-7, 0, -24, -35, -46, 0, -69, 0, -94, 0, 0, -127, -139, -149, -158, -168, -176, -182, -188, 0, 195, 196, 197, 198, 199, 200], [0, 0, -25, -36, 0, 0, -70, -82, -95, -104, -117, -128, 0, -150, -159, -169, -177, -183, -189, -195, 0, 201, 202, 203, 0, 0], [0, 0, -26, -37, -47, -57, -71, -83, -96, -105, -118, -129, 0, -151, -160, -170, -178, -184, -190, -196, -201, 0, 0, 204, 0, 0], [-8, -14, 0, -38, -48, -58, -72, 0, -97, -106, -119, -130, -140, 0, -161, 0, -179, 0, -191, -197, -202, 0, 0, 0, 205, 206], [-9, -15, 0, -39, -49, -59, -73, -84, -98, -107, 0, -131, -141, -152, -162, -171, 0, -185, -192, -198, -203, -204, 0, 0, 207, 208], [0, -16, -27, -40, -50, -60, -74, -85, -99, -108, -120, -132, -142, -153, -163, -172, -180, -186, -193, -199, 0, 0, -205, -207, 0, 209], [-10, -17, -28, 0, -51, -61, -75, -86, -100, -109, -121, -133, -143, 0, -164, -173, 0, -187, -194, -200, 0, 0, -206, -208, -209, 0]], [[0, 0, 0, 0, 0, 0, 0, 1, 2, 0, 0, 0, 0, 3, 4, 5, 6, 0, 7, 8, 9, 10, 11, 12, 13, 0], [0, 0, 0, 0, 0, 0, 0, 0, 0, 0, 0, 0, 0, 14, 15, 16, 17, 18, 19, 20, 21, 22, 23, 24, 25, 0], [0, 0, 0, 0, 0, 0, 0, 0, 0, 26, 0, 0, 0, 27, 28, 29, 30, 31, 32, 0, 33, 34, 35, 36, 37, 38], [0, 0, 0, 0, 0, 0, 0, 0, 0, 0, 0, 0, 0, 39, 40, 41, 0, 42, 43, 44, 45, 46, 47, 48, 0, 49], [0, 0, 0, 0, 0, 0, 0, 0, 0, 0, 0, 0, 0, 50, 51, 52, 53, 54, 55, 56, 57, 58, 59, 60, 61, 62], [0, 0, 0, 0, 0, 0, 0, 0, 0, 0, 0, 0, 0, 63, 0, 64, 65, 66, 67, 68, 69, 0, 70, 0, 71, 72], [0, 0, 0, 0, 0, 0, 0, 0, 0, 73, 0, 0, 0, 74, 75, 76, 77, 78, 0, 79, 0, 80, 81, 82, 83, 84], [-1, 0, 0, 0, 0, 0, 0, 0, 0, 0, 0, 0, 0, 85, 86, 87, 88, 89, 90, 91, 92, 93, 94, 0, 95, 96], [-2, 0, 0, 0, 0, 0, 0, 0, 0, 0, 97, 0, 0, 0, 0, 98, 99, 100, 0, 101, 102, 103, 0, 104, 105, 0], [0, 0, -26, 0, 0, 0, -73, 0, 0, 0, 0, 0, 0, 106, 0, 107, 108, 0, 0, 109, 110, 111, 112, 113, 114, 115], [0, 0, 0, 0, 0, 0, 0, 0, -97, 0, 0, 0, 0, 116, 0, 117, 118, 119, 120, 121, 122, 123, 124, 125, 126, 127], [0, 0, 0, 0, 0, 0, 0, 0, 0, 0, 0, 0, 0, 0, 128, 129, 0, 0, 130, 131, 132, 0, 133, 134, 0, 135], [0, 0, 0, 0, 0, 0, 0, 0, 0, 0, 0, 0, 0, 136, 137, 138, 139, 140, 141, 142, 143, 144, 0, 145, 0, 0], [-3, -14, -27, -39, -50, -63, -74, -85, 0, -106, -116, 0, -136, 0, 146, 147, 148, 0, 149, 150, 0, 151, 152, 0, 153, 0], [-4, -15, -28, -40, -51, 0, -75, -86, 0, 0, 0, -128, -137, -146, 0, 154, 155, 156, 157, 0, 158, 159, 160, 161, 0, 162], [-5, -16, -29, -41, -52, -64, -76, -87, -98, -107, -117, -129, -138, -147, -154, 0, 163, 0, 0, 0, 164, 0, 165, 166, 167, 168], [-6, -17, -30, 0, -53, -65, -77, -88, -99, -108, -118, 0, -139, -148, -155, -163, 0, 169, 170, 171, 172, 173, 174, 175, 176, 177], [0, -18, -31, -42, -54, -66, -78, -89, -100, 0, -119, 0, -140, 0, -156, 0, -169, 0, 178, 179, 180, 0, 181, 182, 183, 0], [-7, -19, -32, -43, -55, -67, 0, -90, 0, 0, -120, -130, -141, -149, -157, 0, -170, -178, 0, 184, 185, 186, 187, 188, 189, 190], [-8, -20, 0, -44, -56, -68, -79, -91, -101, -109, -121, -131, -142, -150, 0, 0, -171, -179, -184, 0, 191, 192, 0, 193, 194, 195], [-9, -21, -33, -45, -57, -69, 0, -92, -102, -110, -122, -132, -143, 0, -158, -164, -172, -180, -185, -191, 0, 0, 196, 197, 198, 199], [-10, -22, -34, -46, -58, 0, -80, -93, -103, -111, -123, 0, -144, -151, -159, 0, -173, 0, -186, -192, 0, 0, 200, 201, 202, 0], [-11, -23, -35, -47, -59, -70, -81, -94, 0, -112, -124, -133, 0, -152, -160, -165, -174, -181, -187, 0, -196, -200, 0, 203, 204, 205], [-12, -24, -36, -48, -60, 0, -82, 0, -104, -113, -125, -134, -145, 0, -161, -166, -175, -182, -188, -193, -197, -201, -203, 0, 206, 0], [-13, -25, -37, 0, -61, -71, -83, -95, -105, -114, -126, 0, 0, -153, 0, -167, -176, -183, -189, -194, -198, -202, -204, -206, 0, 0], [0, 0, -38, -49, -62, -72, -84, -96, 0, -115, -127, -135, 0, 0, -162, -168, -177, 0, -190, -195, -199, 0, -205, 0, 0, 0]], [[0, 0, 0, 0, 0, 0, 0, 0, 0, 0, 0, 0, 1, 2, 3, 0, 4, 5, 0, 6, 7, 8, 9, 10, 11, 0], [0, 0, 0, 0, 0, 0, 0, 0, 0, 0, 0, 0, 0, 12, 0, 0, 0, 13, 14, 15, 0, 16, 17, 18, 19, 20], [0, 0, 0, 0, 0, 0, 21, 0, 0, 0, 0, 0, 0, 22, 0, 23, 24, 25, 26, 27, 28, 29, 30, 31, 32, 0], [0, 0, 0, 0, 0, 0, 0, 0, 0, 0, 33, 0, 34, 35, 36, 37, 38, 39, 0, 40, 41, 42, 0, 0, 43, 0], [0, 0, 0, 0, 0, 0, 0, 0, 0, 0, 0, 0, 0, 44, 45, 46, 47, 48, 49, 0, 50, 51, 0, 52, 53, 54], [0, 0, 0, 0, 0, 0, 0, 0, 0, 0, 55, 0, 0, 56, 57, 58, 0, 59, 60, 61, 62, 63, 64, 65, 66, 67], [0, 0, -21, 0, 0, 0, 0, 0, 0, 0, 0, 0, 0, 68, 69, 70, 71, 0, 72, 73, 74, 0, 75, 76, 77, 78], [0, 0, 0, 0, 0, 0, 0, 0, 79, 0, 0, 0, 0, 80, 81, 82, 83, 84, 85, 86, 87, 88, 89, 0, 0, 90], [0, 0, 0, 0, 0, 0, 0, -79, 0, 0, 91, 0, 0, 92, 93, 94, 95, 96, 97, 0, 98, 99, 100, 101, 102, 103], [0, 0, 0, 0, 0, 0, 0, 0, 0, 0, 0, 0, 0, 104, 0, 105, 106, 107, 108, 109, 0, 0, 110, 111, 112, 0], [0, 0, 0, -33, 0, -55, 0, 0, -91, 0, 0, 0, 0, 113, 114, 115, 116, 117, 118, 119, 120, 0, 121, 122, 123, 124], [0, 0, 0, 0, 0, 0, 0, 0, 0, 0, 0, 0, 0, 125, 126, 127, 128, 129, 130, 131, 0, 132, 133, 134, 135, 136], [-1, 0, 0, -34, 0, 0, 0, 0, 0, 0, 0, 0, 0, 137, 138, 139, 140, 141, 142, 0, 143, 144, 145, 0, 146, 147], [-2, -12, -22, -35, -44, -56, -68, -80, -92, -104, -113, -125, -137, 0, 148, 149, 150, 0, 151, 152, 153, 154, 155, 0, 156, 157], [-3, 0, 0, -36, -45, -57, -69, -81, -93, 0, -114, -126, -138, -148, 0, 158, 159, 160, 0, 161, 162, 163, 164, 0, 165, 166], [0, 0, -23, -37, -46, -58, -70, -82, -94, -105, -115, -127, -139, -149, -158, 0, 167, 168, 169, 170, 171, 172, 173, 174, 175, 0], [-4, 0, -24, -38, -47, 0, -71, -83, -95, -106, -116, -128, -140, -150, -159, -167, 0, 0, 176, 177, 178, 179, 180, 181, 182, 183], [-5, -13, -25, -39, -48, -59, 0, -84, -96, -107, -117, -129, -141, 0, -160, -168, 0, 0, 184, 0, 185, 186, 187, 188, 189, 190], [0, -14, -26, 0, -49, -60, -72, -85, -97, -108, -118, -130, -142, -151, 0, -169, -176, -184, 0, 191, 0, 192, 193, 0, 194, 195], [-6, -15, -27, -40, 0, -61, -73, -86, 0, -109, -119, -131, 0, -152, -161, -170, -177, 0, -191, 0, 0, 196, 197, 198, 199, 200], [-7, 0, -28, -41, -50, -62, -74, -87, -98, 0, -120, 0, -143, -153, -162, -171, -178, -185, 0, 0, 0, 201, 202, 203, 204, 205], [-8, -16, -29, -42, -51, -63, 0, -88, -99, 0, 0, -132, -144, -154, -163, -172, -179, -186, -192, -196, -201, 0, 206, 207, 208, 209], [-9, -17, -30, 0, 0, -64, -75, -89, -100, -110, -121, -133, -145, -155, -164, -173, -180, -187, -193, -197, -202, -206, 0, 0, 210, 211], [-10, -18, -31, 0, -52, -65, -76, 0, -101, -111, -122, -134, 0, 0, 0, -174, -181, -188, 0, -198, -203, -207, 0, 0, 0, 212], [-11, -19, -32, -43, -53, -66, -77, 0, -102, -112, -123, -135, -146, -156, -165, -175, -182, -189, -194, -199, -204, -208, -210, 0, 0, 0], [0, -20, 0, 0, -54, -67, -78, -90, -103, 0, -124, -136, -147, -157, -166, 0, -183, -190, -195, -200, -205, -209, -211, -212, 0, 0]], [[0, 0, 0, 0, 1, 0, 0, 0, 0, 0, 0, 0, 0, 2, 3, 4, 5, 6, 7, 8, 9, 10, 11, 12, 13, 14], [0, 0, 0, 0, 0, 0, 0, 0, 0, 15, 0, 0, 0, 16, 17, 18, 0, 19, 0, 20, 21, 22, 23, 0, 24, 25], [0, 0, 0, 0, 0, 0, 0, 0, 0, 0, 26, 0, 0, 27, 28, 29, 0, 30, 31, 32, 33, 34, 0, 35, 36, 0], [0, 0, 0, 0, 0, 0, 0, 0, 0, 0, 0, 0, 0, 37, 38, 39, 0, 40, 41, 0, 42, 43, 44, 45, 46, 47], [-1, 0, 0, 0, 0, 0, 0, 0, 0, 0, 0, 48, 0, 49, 50, 51, 52, 53, 54, 55, 56, 0, 57, 0, 58, 59], [0, 0, 0, 0, 0, 0, 0, 0, 0, 0, 0, 0, 0, 60, 61, 62, 63, 64, 0, 65, 66, 67, 68, 69, 70, 71], [0, 0, 0, 0, 0, 0, 0, 0, 0, 0, 0, 0, 0, 72, 0, 73, 74, 0, 75, 76, 77, 78, 79, 80, 81, 82], [0, 0, 0, 0, 0, 0, 0, 0, 0, 0, 0, 0, 83, 84, 0, 85, 86, 87, 88, 89, 90, 91, 92, 93, 0, 94], [0, 0, 0, 0, 0, 0, 0, 0, 0, 0, 0, 0, 0, 95, 0, 96, 97, 98, 0, 99, 100, 101, 102, 103, 104, 105], [0, -15, 0, 0, 0, 0, 0, 0, 0, 0, 0, 106, 0, 107, 108, 109, 0, 110, 111, 112, 113, 114, 115, 116, 0, 117], [0, 0, -26, 0, 0, 0, 0, 0, 0, 0, 0, 0, 0, 0, 118, 0, 119, 120, 121, 122, 123, 124, 125, 126, 127, 128], [0, 0, 0, 0, -48, 0, 0, 0, 0, -106, 0, 0, 129, 130, 131, 0, 132, 133, 134, 135, 136, 137, 138, 139, 140, 141], [0, 0, 0, 0, 0, 0, 0, -83, 0, 0, 0, -129, 0, 0, 142, 0, 0, 0, 143, 144, 0, 0, 0, 0, 0, 0], [-2, -16, -27, -37, -49, -60, -72, -84, -95, -107, 0, -130, 0, 0, 145, 146, 147, 148, 149, 150, 151, 152, 153, 154, 0, 155], [-3, -17, -28, -38, -50, -61, 0, 0, 0, -108, -118, -131, -142, -145, 0, 156, 157, 158, 159, 160, 161, 162, 163, 0, 164, 0], [-4, -18, -29, -39, -51, -62, -73, -85, -96, -109, 0, 0, 0, -146, -156, 0, 165, 166, 167, 168, 169, 0, 170, 171, 0, 172], [-5, 0, 0, 0, -52, -63, -74, -86, -97, 0, -119, -132, 0, -147, -157, -165, 0, 173, 174, 0, 0, 0, 175, 176, 177, 178], [-6, -19, -30, -40, -53, -64, 0, -87, -98, -110, -120, -133, 0, -148, -158, -166, -173, 0, 179, 180, 181, 0, 182, 183, 0, 184], [-7, 0, -31, -41, -54, 0, -75, -88, 0, -111, -121, -134, -143, -149, -159, -167, -174, -179, 0, 185, 0, 186, 187, 188, 189, 190], [-8, -20, -32, 0, -55, -65, -76, -89, -99, -112, -122, -135, -144, -150, -160, -168, 0, -180, -185, 0, 191, 192, 0, 0, 193, 194], [-9, -21, -33, -42, -56, -66, -77, -90, -100, -113, -123, -136, 0, -151, -161, -169, 0, -181, 0, -191, 0, 195, 196, 197, 198, 199], [-10, -22, -34, -43, 0, -67, -78, -91, -101, -114, -124, -137, 0, -152, -162, 0, 0, 0, -186, -192, -195, 0, 0, 200, 0, 201], [-11, -23, 0, -44, -57, -68, -79, -92, -102, -115, -125, -138, 0, -153, -163, -170, -175, -182, -187, 0, -196, 0, 0, 202, 203, 204], [-12, 0, -35, -45, 0, -69, -80, -93, -103, -116, -126, -139, 0, -154, 0, -171, -176, -183, -188, 0, -197, -200, -202, 0, 205, 206], [-13, -24, -36, -46, -58, -70, -81, 0, -104, 0, -127, -140, 0, 0, -164, 0, -177, 0, -189, -193, -198, 0, -203, -205, 0, 0], [-14, -25, 0, -47, -59, -71, -82, -94, -105, -117, -128, -141, 0, -155, 0, -172, -178, -184, -190, -194, -199, -201, -204, -206, 0, 0]], [[0, 0, 0, 1, 0, 0, 0, 2, 3, 0, 0, 0, 0, 4, 0, 5, 6, 0, 7, 0, 8, 9, 10, 11, 12, 0], [0, 0, 0, 13, 0, 0, 0, 0, 14, 0, 0, 0, 0, 0, 15, 16, 17, 0, 18, 19, 0, 20, 21, 22, 0, 23], [0, 0, 0, 0, 24, 0, 0, 0, 0, 0, 0, 0, 0, 25, 26, 27, 28, 29, 30, 31, 32, 33, 34, 35, 36, 37], [-1, -13, 0, 0, 0, 0, 0, 0, 0, 0, 0, 0, 0, 38, 39, 40, 41, 0, 42, 43, 44, 45, 46, 47, 48, 49], [0, 0, -24, 0, 0, 0, 0, 0, 0, 0, 0, 0, 0, 0, 0, 50, 0, 51, 52, 53, 54, 55, 56, 57, 58, 0], [0, 0, 0, 0, 0, 0, 0, 0, 0, 0, 0, 0, 0, 0, 0, 59, 60, 61, 0, 0, 62, 63, 64, 65, 66, 67], [0, 0, 0, 0, 0, 0, 0, 0, 0, 0, 0, 0, 0, 68, 69, 70, 71, 72, 0, 73, 74, 75, 76, 0, 77, 78], [-2, 0, 0, 0, 0, 0, 0, 0, 0, 0, 0, 0, 79, 80, 81, 0, 82, 0, 83, 84, 85, 86, 0, 87, 88, 89], [-3, -14, 0, 0, 0, 0, 0, 0, 0, 0, 0, 0, 0, 90, 0, 91, 92, 93, 94, 95, 96, 97, 98, 99, 100, 101], [0, 0, 0, 0, 0, 0, 0, 0, 0, 0, 0, 0, 0, 0, 0, 102, 0, 103, 104, 105, 106, 107, 108, 109, 0, 110], [0, 0, 0, 0, 0, 0, 0, 0, 0, 0, 0, 0, 0, 111, 112, 113, 0, 114, 115, 116, 117, 118, 119, 0, 120, 121], [0, 0, 0, 0, 0, 0, 0, 0, 0, 0, 0, 0, 0, 0, 0, 122, 123, 124, 125, 0, 126, 127, 128, 0, 129, 130], [0, 0, 0, 0, 0, 0, 0, -79, 0, 0, 0, 0, 0, 131, 132, 133, 134, 135, 0, 136, 137, 138, 139, 140, 141, 142], [-4, 0, -25, -38, 0, 0, -68, -80, -90, 0, -111, 0, -131, 0, 0, 143, 0, 144, 145, 146, 147, 148, 149, 150, 151, 0], [0, -15, -26, -39, 0, 0, -69, -81, 0, 0, -112, 0, -132, 0, 0, 0, 152, 153, 154, 155, 156, 0, 0, 157, 158, 0], [-5, -16, -27, -40, -50, -59, -70, 0, -91, -102, -113, -122, -133, -143, 0, 0, 0, 159, 0, 160, 161, 162, 163, 164, 0, 165], [-6, -17, -28, -41, 0, -60, -71, -82, -92, 0, 0, -123, -134, 0, -152, 0, 0, 166, 0, 167, 168, 169, 170, 171, 172, 173], [0, 0, -29, 0, -51, -61, -72, 0, -93, -103, -114, -124, -135, -144, -153, -159, -166, 0, 174, 0, 175, 0, 176, 177, 0, 178], [-7, -18, -30, -42, -52, 0, 0, -83, -94, -104, -115, -125, 0, -145, -154, 0, 0, -174, 0, 179, 0, 180, 181, 182, 183, 184], [0, -19, -31, -43, -53, 0, -73, -84, -95, -105, -116, 0, -136, -146, -155, -160, -167, 0, -179, 0, 185, 0, 186, 187, 188, 189], [-8, 0, -32, -44, -54, -62, -74, -85, -96, -106, -117, -126, -137, -147, -156, -161, -168, -175, 0, -185, 0, 190, 191, 192, 193, 194], [-9, -20, -33, -45, -55, -63, -75, -86, -97, -107, -118, -127, -138, -148, 0, -162, -169, 0, -180, 0, -190, 0, 195, 196, 0, 197], [-10, -21, -34, -46, -56, -64, -76, 0, -98, -108, -119, -128, -139, -149, 0, -163, -170, -176, -181, -186, -191, -195, 0, 198, 0, 0], [-11, -22, -35, -47, -57, -65, 0, -87, -99, -109, 0, 0, -140, -150, -157, -164, -171, -177, -182, -187, -192, -196, -198, 0, 199, 200], [-12, 0, -36, -48, -58, -66, -77, -88, -100, 0, -120, -129, -141, -151, -158, 0, -172, 0, -183, -188, -193, 0, 0, -199, 0, 201], [0, -23, -37, -49, 0, -67, -78, -89, -101, -110, -121, -130, -142, 0, 0, -165, -173, -178, -184, -189, -194, -197, 0, -200, -201, 0]], [[0, 0, 0, 0, 1, 0, 0, 0, 0, 0, 0, 0, 0, 0, 2, 3, 4, 0, 5, 0, 6, 7, 8, 9, 10, 11], [0, 0, 0, 0, 0, 0, 0, 0, 0, 0, 0, 0, 0, 12, 13, 0, 14, 15, 16, 17, 18, 19, 20, 0, 21, 22], [0, 0, 0, 0, 0, 23, 0, 0, 0, 0, 0, 0, 24, 25, 26, 27, 0, 28, 29, 30, 31, 32, 33, 34, 0, 35], [0, 0, 0, 0, 0, 36, 0, 0, 0, 0, 0, 0, 0, 37, 38, 0, 39, 40, 41, 42, 0, 43, 44, 45, 46, 47], [-1, 0, 0, 0, 0, 48, 0, 0, 49, 0, 0, 0, 0, 50, 51, 52, 53, 54, 55, 56, 57, 0, 58, 0, 59, 60], [0, 0, -23, -36, -48, 0, 0, 0, 0, 0, 0, 0, 0, 61, 62, 0, 0, 63, 64, 0, 65, 66, 67, 68, 69, 70], [0, 0, 0, 0, 0, 0, 0, 0, 0, 0, 0, 0, 71, 72, 73, 74, 75, 76, 77, 0, 0, 78, 0, 0, 79, 80], [0, 0, 0, 0, 0, 0, 0, 0, 0, 0, 0, 0, 81, 82, 0, 83, 0, 84, 85, 0, 86, 87, 0, 88, 89, 90], [0, 0, 0, 0, -49, 0, 0, 0, 0, 0, 0, 0, 91, 92, 93, 94, 95, 96, 97, 98, 99, 100, 101, 102, 103, 0], [0, 0, 0, 0, 0, 0, 0, 0, 0, 0, 0, 0, 104, 105, 106, 107, 108, 0, 109, 110, 111, 0, 112, 113, 114, 115], [0, 0, 0, 0, 0, 0, 0, 0, 0, 0, 0, 0, 116, 117, 118, 119, 120, 121, 122, 0, 123, 124, 125, 0, 126, 127], [0, 0, 0, 0, 0, 0, 0, 0, 0, 0, 0, 0, 0, 128, 129, 130, 131, 0, 132, 133, 134, 135, 136, 137, 138, 139], [0, 0, -24, 0, 0, 0, -71, -81, -91, -104, -116, 0, 0, 140, 141, 0, 142, 143, 144, 145, 146, 147, 148, 149, 150, 151], [0, -12, -25, -37, -50, -61, -72, -82, -92, -105, -117, -128, -140, 0, 0, 152, 153, 154, 0, 0, 155, 156, 157, 0, 158, 0], [-2, -13, -26, -38, -51, -62, -73, 0, -93, -106, -118, -129, -141, 0, 0, 159, 160, 161, 162, 163, 164, 165, 0, 166, 167, 168], [-3, 0, -27, 0, -52, 0, -74, -83, -94, -107, -119, -130, 0, -152, -159, 0, 169, 170, 171, 172, 173, 174, 175, 176, 0, 177], [-4, -14, 0, -39, -53, 0, -75, 0, -95, -108, -120, -131, -142, -153, -160, -169, 0, 178, 179, 180, 181, 182, 183, 184, 185, 186], [0, -15, -28, -40, -54, -63, -76, -84, -96, 0, -121, 0, -143, -154, -161, -170, -178, 0, 187, 188, 189, 190, 191, 192, 0, 193], [-5, -16, -29, -41, -55, -64, -77, -85, -97, -109, -122, -132, -144, 0, -162, -171, -179, -187, 0, 0, 194, 195, 196, 197, 198, 0], [0, -17, -30, -42, -56, 0, 0, 0, -98, -110, 0, -133, -145, 0, -163, -172, -180, -188, 0, 0, 0, 0, 199, 0, 200, 0], [-6, -18, -31, 0, -57, -65, 0, -86, -99, -111, -123, -134, -146, -155, -164, -173, -181, -189, -194, 0, 0, 0, 201, 202, 203, 204], [-7, -19, -32, -43, 0, -66, -78, -87, -100, 0, -124, -135, -