[[[0, 0, 0, 0, 0, 0, 0, 0, 0, 0, 0, 1, 0, 0, 0, 2, 3, 0, 4, 0, 5, 6, 7, 8, 0, 9, 0, 0, 10, 11], [0, 0, 0, 0, 0, 0, 0, 0, 0, 0, 0, 0, 0, 12, 0, 0, 13, 0, 14, 0, 15, 16, 17, 18, 0, 19, 20, 21, 22, 23], [0, 0, 0, 0, 0, 0, 24, 0, 0, 0, 0, 0, 0, 0, 0, 0, 25, 26, 0, 27, 28, 29, 30, 31, 0, 32, 33, 34, 0, 35], [0, 0, 0, 0, 0, 0, 0, 0, 0, 0, 0, 36, 0, 0, 0, 37, 0, 38, 39, 40, 0, 0, 41, 42, 43, 0, 0, 0, 0, 44], [0, 0, 0, 0, 0, 0, 0, 0, 0, 0, 0, 0, 0, 0, 0, 45, 0, 46, 0, 47, 48, 0, 0, 49, 50, 51, 52, 53, 54, 55], [0, 0, 0, 0, 0, 0, 56, 0, 0, 0, 0, 0, 0, 0, 0, 57, 58, 59, 60, 61, 62, 63, 64, 65, 66, 67, 68, 0, 69, 70], [0, 0, -24, 0, 0, -56, 0, 0, 0, 0, 0, 0, 0, 0, 0, 71, 0, 0, 0, 72, 73, 0, 74, 75, 0, 0, 76, 77, 78, 79], [0, 0, 0, 0, 0, 0, 0, 0, 0, 0, 0, 0, 0, 0, 0, 80, 81, 82, 0, 83, 0, 0, 84, 85, 86, 87, 88, 89, 0, 90], [0, 0, 0, 0, 0, 0, 0, 0, 0, 0, 0, 0, 91, 0, 0, 92, 93, 94, 95, 96, 97, 98, 99, 100, 0, 101, 102, 103, 0, 104], [0, 0, 0, 0, 0, 0, 0, 0, 0, 0, 0, 0, 0, 0, 0, 105, 106, 107, 108, 109, 0, 0, 110, 0, 111, 112, 113, 114, 115, 116], [0, 0, 0, 0, 0, 0, 0, 0, 0, 0, 0, 0, 0, 0, 0, 117, 118, 119, 120, 121, 0, 122, 0, 123, 124, 125, 0, 126, 127, 128], [-1, 0, 0, -36, 0, 0, 0, 0, 0, 0, 0, 0, 0, 0, 0, 129, 130, 131, 0, 132, 0, 133, 134, 135, 136, 137, 138, 139, 0, 140], [0, 0, 0, 0, 0, 0, 0, 0, -91, 0, 0, 0, 0, 0, 0, 141, 0, 142, 143, 0, 144, 145, 146, 147, 148, 149, 150, 151, 152, 153], [0, -12, 0, 0, 0, 0, 0, 0, 0, 0, 0, 0, 0, 0, 154, 155, 156, 157, 158, 159, 160, 161, 162, 163, 0, 164, 165, 166, 167, 168], [0, 0, 0, 0, 0, 0, 0, 0, 0, 0, 0, 0, 0, -154, 0, 169, 170, 171, 172, 173, 0, 174, 0, 175, 176, 177, 178, 0, 179, 180], [-2, 0, 0, -37, -45, -57, -71, -80, -92, -105, -117, -129, -141, -155, -169, 0, 181, 182, 183, 184, 185, 186, 187, 188, 189, 190, 0, 191, 192, 193], [-3, -13, -25, 0, 0, -58, 0, -81, -93, -106, -118, -130, 0, -156, -170, -181, 0, 194, 195, 196, 0, 0, 0, 197, 198, 199, 0, 200, 201, 202], [0, 0, -26, -38, -46, -59, 0, -82, -94, -107, -119, -131, -142, -157, -171, -182, -194, 0, 203, 204, 205, 206, 0, 207, 208, 209, 210, 211, 212, 213], [-4, -14, 0, -39, 0, -60, 0, 0, -95, -108, -120, 0, -143, -158, -172, -183, -195, -203, 0, 214, 215, 216, 217, 0, 218, 219, 220, 221, 222, 223], [0, 0, -27, -40, -47, -61, -72, -83, -96, -109, -121, -132, 0, -159, -173, -184, -196, -204, -214, 0, 224, 0, 225, 226, 0, 227, 228, 0, 0, 229], [-5, -15, -28, 0, -48, -62, -73, 0, -97, 0, 0, 0, -144, -160, 0, -185, 0, -205, -215, -224, 0, 230, 0, 231, 232, 233, 234, 235, 236, 237], [-6, -16, -29, 0, 0, -63, 0, 0, -98, 0, -122, -133, -145, -161, -174, -186, 0, -206, -216, 0, -230, 0, 238, 239, 0, 240, 241, 242, 0, 243], [-7, -17, -30, -41, 0, -64, -74, -84, -99, -110, 0, -134, -146, -162, 0, -187, 0, 0, -217, -225, 0, -238, 0, 244, 245, 246, 247, 248, 0, 249], [-8, -18, -31, -42, -49, -65, -75, -85, -100, 0, -123, -135, -147, -163, -175, -188, -197, -207, 0, -226, -231, -239, -244, 0, 250, 0, 251, 252, 253, 254], [0, 0, 0, -43, -50, -66, 0, -86, 0, -111, -124, -136, -148, 0, -176, -189, -198, -208, -218, 0, -232, 0, -245, -250, 0, 255, 256, 257, 258, 259], [-9, -19, -32, 0, -51, -67, 0, -87, -101, -112, -125, -137, -149, -164, -177, -190, -199, -209, -219, -227, -233, -240, -246, 0, -255, 0, 260, 261, 262, 263], [0, -20, -33, 0, -52, -68, -76, -88, -102, -113, 0, -138, -150, -165, -178, 0, 0, -210, -220, -228, -234, -241, -247, -251, -256, -260, 0, 0, 264, 265], [0, -21, -34, 0, -53, 0, -77, -89, -103, -114, -126, -139, -151, -166, 0, -191, -200, -211, -221, 0, -235, -242, -248, -252, -257, -261, 0, 0, 266, 267], [-10, -22, 0, 0, -54, -69, -78, 0, 0, -115, -127, 0, -152, -167, -179, -192, -201, -212, -222, 0, -236, 0, 0, -253, -258, -262, -264, -266, 0, 268], [-11, -23, -35, -44, -55, -70, -79, -90, -104, -116, -128, -140, -153, -168, -180, -193, -202, -213, -223, -229, -237, -243, -249, -254, -259, -263, -265, -267, -268, 0]], [[0, 0, 0, 0, 0, 0, 0, 0, 0, 0, 0, 0, 0, 0, 0, 1, 2, 3, 4, 0, 5, 0, 0, 6, 7, 8, 9, 0, 10, 11], [0, 0, 0, 0, 0, 0, 0, 0, 0, 0, 0, 0, 0, 0, 12, 13, 0, 14, 15, 16, 0, 0, 17, 18, 19, 20, 21, 22, 0, 23], [0, 0, 0, 0, 0, 0, 24, 0, 25, 0, 26, 0, 0, 0, 0, 27, 28, 0, 29, 0, 30, 31, 32, 33, 34, 0, 35, 36, 37, 0], [0, 0, 0, 0, 0, 0, 0, 0, 0, 0, 0, 0, 38, 39, 0, 0, 40, 41, 42, 43, 0, 0, 44, 0, 45, 46, 47, 48, 0, 49], [0, 0, 0, 0, 0, 0, 50, 0, 0, 51, 0, 0, 0, 0, 0, 52, 53, 54, 55, 56, 57, 58, 59, 60, 61, 62, 63, 64, 65, 66], [0, 0, 0, 0, 0, 0, 0, 67, 0, 0, 0, 68, 0, 69, 0, 0, 0, 0, 70, 71, 72, 73, 74, 75, 0, 76, 0, 77, 78, 79], [0, 0, -24, 0, -50, 0, 0, 80, 0, 0, 0, 0, 81, 0, 82, 0, 83, 0, 84, 85, 86, 87, 88, 0, 89, 90, 91, 92, 93, 94], [0, 0, 0, 0, 0, -67, -80, 0, 0, 95, 0, 0, 0, 0, 0, 96, 97, 98, 99, 100, 0, 101, 0, 102, 103, 104, 105, 106, 0, 107], [0, 0, -25, 0, 0, 0, 0, 0, 0, 0, 0, 0, 0, 0, 0, 108, 109, 110, 111, 112, 113, 114, 115, 116, 117, 118, 119, 120, 121, 122], [0, 0, 0, 0, -51, 0, 0, -95, 0, 0, 0, 0, 0, 0, 0, 0, 123, 124, 125, 126, 127, 128, 0, 129, 130, 131, 0, 132, 133, 134], [0, 0, -26, 0, 0, 0, 0, 0, 0, 0, 0, 0, 0, 0, 0, 135, 136, 0, 137, 138, 139, 0, 140, 141, 142, 143, 144, 145, 146, 147], [0, 0, 0, 0, 0, -68, 0, 0, 0, 0, 0, 0, 0, 0, 0, 0, 148, 149, 0, 150, 151, 152, 153, 154, 155, 156, 157, 158, 159, 160], [0, 0, 0, -38, 0, 0, -81, 0, 0, 0, 0, 0, 0, 0, 0, 161, 162, 0, 163, 164, 0, 0, 165, 166, 167, 168, 169, 170, 171, 172], [0, 0, 0, -39, 0, -69, 0, 0, 0, 0, 0, 0, 0, 0, 0, 0, 173, 174, 175, 0, 176, 177, 178, 179, 180, 181, 182, 183, 184, 185], [0, -12, 0, 0, 0, 0, -82, 0, 0, 0, 0, 0, 0, 0, 0, 186, 187, 188, 189, 190, 191, 192, 193, 194, 195, 196, 197, 198, 199, 200], [-1, -13, -27, 0, -52, 0, 0, -96, -108, 0, -135, 0, -161, 0, -186, 0, 201, 202, 203, 0, 204, 205, 206, 207, 208, 209, 0, 210, 211, 212], [-2, 0, -28, -40, -53, 0, -83, -97, -109, -123, -136, -148, -162, -173, -187, -201, 0, 213, 214, 0, 215, 0, 216, 217, 218, 219, 220, 221, 222, 223], [-3, -14, 0, -41, -54, 0, 0, -98, -110, -124, 0, -149, 0, -174, -188, -202, -213, 0, 224, 225, 226, 227, 228, 229, 0, 230, 231, 232, 233, 234], [-4, -15, -29, -42, -55, -70, -84, -99, -111, -125, -137, 0, -163, -175, -189, -203, -214, -224, 0, 0, 235, 236, 237, 238, 239, 240, 241, 242, 243, 244], [0, -16, 0, -43, -56, -71, -85, -100, -112, -126, -138, -150, -164, 0, -190, 0, 0, -225, 0, 0, 0, 245, 246, 0, 247, 0, 248, 249, 250, 251], [-5, 0, -30, 0, -57, -72, -86, 0, -113, -127, -139, -151, 0, -176, -191, -204, -215, -226, -235, 0, 0, 252, 253, 254, 255, 256, 257, 258, 259, 260], [0, 0, -31, 0, -58, -73, -87, -101, -114, -128, 0, -152, 0, -177, -192, -205, 0, -227, -236, -245, -252, 0, 261, 262, 0, 263, 264, 0, 265, 266], [0, -17, -32, -44, -59, -74, -88, 0, -115, 0, -140, -153, -165, -178, -193, -206, -216, -228, -237, -246, -253, -261, 0, 267, 268, 269, 270, 271, 272, 273], [-6, -18, -33, 0, -60, -75, 0, -102, -116, -129, -141, -154, -166, -179, -194, -207, -217, -229, -238, 0, -254, -262, -267, 0, 274, 275, 276, 277, 0, 278], [-7, -19, -34, -45, -61, 0, -89, -103, -117, -130, -142, -155, -167, -180, -195, -208, -218, 0, -239, -247, -255, 0, -268, -274, 0, 279, 280, 0, 281, 282], [-8, -20, 0, -46, -62, -76, -90, -104, -118, -131, -143, -156, -168, -181, -196, -209, -219, -230, -240, 0, -256, -263, -269, -275, -279, 0, 283, 0, 284, 285], [-9, -21, -35, -47, -63, 0, -91, -105, -119, 0, -144, -157, -169, -182, -197, 0, -220, -231, -241, -248, -257, -264, -270, -276, -280, -283, 0, 286, 287, 288], [0, -22, -36, -48, -64, -77, -92, -106, -120, -132, -145, -158, -170, -183, -198, -210, -221, -232, -242, -249, -258, 0, -271, -277, 0, 0, -286, 0, 289, 290], [-10, 0, -37, 0, -65, -78, -93, 0, -121, -133, -146, -159, -171, -184, -199, -211, -222, -233, -243, -250, -259, -265, -272, 0, -281, -284, -287, -289, 0, 291], [-11, -23, 0, -49, -66, -79, -94, -107, -122, -134, -147, -160, -172, -185, -200, -212, -223, -234, -244, -251, -260, -266, -273, -278, -282, -285, -288, -290, -291, 0]], [[0, 0, 0, 0, 0, 1, 0, 2, 0, 0, 0, 3, 0, 0, 0, 0, 4, 5, 6, 7, 0, 8, 9, 10, 0, 11, 0, 12, 0, 13], [0, 0, 0, 0, 0, 0, 0, 0, 0, 0, 0, 0, 14, 0, 0, 0, 0, 15, 16, 17, 18, 19, 20, 21, 22, 23, 0, 24, 0, 25], [0, 0, 0, 0, 26, 27, 0, 0, 0, 28, 0, 0, 0, 0, 0, 29, 30, 31, 32, 0, 33, 0, 34, 35, 36, 37, 38, 0, 39, 40], [0, 0, 0, 0, 0, 0, 0, 0, 41, 0, 0, 0, 0, 0, 0, 0, 42, 0, 43, 44, 0, 0, 45, 0, 0, 46, 47, 48, 49, 50], [0, 0, -26, 0, 0, 0, 0, 51, 0, 0, 0, 0, 0, 0, 0, 52, 53, 54, 55, 0, 56, 57, 58, 59, 60, 61, 0, 0, 62, 63], [-1, 0, -27, 0, 0, 0, 0, 0, 0, 0, 0, 0, 0, 64, 0, 0, 0, 65, 66, 67, 68, 69, 70, 71, 0, 72, 73, 74, 0, 75], [0, 0, 0, 0, 0, 0, 0, 0, 0, 0, 0, 0, 0, 0, 0, 76, 77, 78, 79, 80, 81, 82, 0, 0, 83, 0, 84, 85, 0, 86], [-2, 0, 0, 0, -51, 0, 0, 0, 0, 0, 0, 0, 0, 0, 0, 87, 88, 89, 0, 90, 0, 91, 92, 0, 93, 94, 95, 96, 0, 97], [0, 0, 0, -41, 0, 0, 0, 0, 0, 0, 0, 0, 0, 0, 0, 98, 0, 99, 100, 0, 0, 0, 101, 102, 0, 103, 0, 0, 104, 105], [0, 0, -28, 0, 0, 0, 0, 0, 0, 0, 0, 0, 0, 0, 0, 106, 107, 108, 109, 110, 111, 112, 0, 113, 0, 114, 115, 0, 116, 117], [0, 0, 0, 0, 0, 0, 0, 0, 0, 0, 0, 0, 118, 0, 0, 119, 120, 121, 122, 123, 124, 125, 126, 127, 128, 129, 0, 130, 0, 131], [-3, 0, 0, 0, 0, 0, 0, 0, 0, 0, 0, 0, 0, 0, 0, 132, 133, 134, 135, 136, 137, 138, 139, 140, 141, 142, 143, 144, 145, 146], [0, -14, 0, 0, 0, 0, 0, 0, 0, 0, -118, 0, 0, 0, 0, 147, 148, 149, 150, 151, 152, 153, 0, 154, 155, 0, 0, 156, 0, 0], [0, 0, 0, 0, 0, -64, 0, 0, 0, 0, 0, 0, 0, 0, 0, 157, 0, 158, 159, 160, 161, 162, 163, 164, 165, 166, 167, 0, 168, 0], [0, 0, 0, 0, 0, 0, 0, 0, 0, 0, 0, 0, 0, 0, 0, 169, 170, 171, 0, 172, 173, 0, 174, 175, 176, 177, 178, 179, 180, 181], [0, 0, -29, 0, -52, 0, -76, -87, -98, -106, -119, -132, -147, -157, -169, 0, 182, 183, 184, 185, 186, 187, 188, 189, 190, 191, 192, 193, 194, 195], [-4, 0, -30, -42, -53, 0, -77, -88, 0, -107, -120, -133, -148, 0, -170, -182, 0, 196, 197, 198, 199, 200, 201, 202, 0, 203, 204, 205, 206, 207], [-5, -15, -31, 0, -54, -65, -78, -89, -99, -108, -121, -134, -149, -158, -171, -183, -196, 0, 208, 209, 210, 211, 0, 212, 213, 214, 0, 215, 0, 216], [-6, -16, -32, -43, -55, -66, -79, 0, -100, -109, -122, -135, -150, -159, 0, -184, -197, -208, 0, 217, 0, 218, 219, 220, 221, 222, 223, 224, 225, 226], [-7, -17, 0, -44, 0, -67, -80, -90, 0, -110, -123, -136, -151, -160, -172, -185, -198, -209, -217, 0, 227, 228, 229, 230, 231, 232, 233, 234, 235, 236], [0, -18, -33, 0, -56, -68, -81, 0, 0, -111, -124, -137, -152, -161, -173, -186, -199, -210, 0, -227, 0, 237, 238, 239, 240, 241, 242, 0, 243, 244], [-8, -19, 0, 0, -57, -69, -82, -91, 0, -112, -125, -138, -153, -162, 0, -187, -200, -211, -218, -228, -237, 0, 245, 246, 247, 248, 249, 250, 251, 252], [-9, -20, -34, -45, -58, -70, 0, -92, -101, 0, -126, -139, 0, -163, -174, -188, -201, 0, -219, -229, -238, -245, 0, 253, 254, 0, 255, 256, 257, 258], [-10, -21, -35, 0, -59, -71, 0, 0, -102, -113, -127, -140, -154, -164, -175, -189, -202, -212, -220, -230, -239, -246, -253, 0, 259, 260, 261, 262, 263, 264], [0, -22, -36, 0, -60, 0, -83, -93, 0, 0, -128, -141, -155, -165, -176, -190, 0, -213, -221, -231, -240, -247, -254, -259, 0, 265, 266, 267, 268, 269], [-11, -23, -37, -46, -61, -72, 0, -94, -103, -114, -129, -142, 0, -166, -177, -191, -203, -214, -222, -232, -241, -248, 0, -260, -265, 0, 270, 271, 272, 273], [0, 0, -38, -47, 0, -73, -84, -95, 0, -115, 0, -143, 0, -167, -178, -192, -204, 0, -223, -233, -242, -249, -255, -261, -266, -270, 0, 274, 275, 0], [-12, -24, 0, -48, 0, -74, -85, -96, 0, 0, -130, -144, -156, 0, -179, -193, -205, -215, -224, -234, 0, -250, -256, -262, -267, -271, -274, 0, 276, 277], [0, 0, -39, -49, -62, 0, 0, 0, -104, -116, 0, -145, 0, -168, -180, -194, -206, 0, -225, -235, -243, -251, -257, -263, -268, -272, -275, -276, 0, 278], [-13, -25, -40, -50, -63, -75, -86, -97, -105, -117, -131, -146, 0, 0, -181, -195, -207, -216, -226, -236, -244, -252, -258, -264, -269, -273, 0, -277, -278, 0]], [[0, 0, 0, 0, 0, 0, 0, 0, 0, 0, 0, 0, 0, 0, 0, 1, 2, 0, 3, 4, 5, 6, 7, 8, 9, 10, 11, 12, 0, 13], [0, 0, 0, 14, 0, 0, 0, 0, 0, 0, 0, 0, 0, 0, 0, 0, 15, 16, 17, 18, 19, 20, 0, 21, 22, 23, 24, 25, 26, 27], [0, 0, 0, 28, 0, 0, 0, 0, 0, 0, 0, 0, 0, 0, 0, 0, 29, 30, 31, 32, 33, 34, 35, 36, 37, 38, 39, 40, 41, 42], [0, -14, -28, 0, 0, 0, 0, 0, 0, 0, 0, 43, 44, 0, 0, 45, 46, 47, 48, 49, 50, 51, 0, 0, 52, 0, 53, 54, 55, 56], [0, 0, 0, 0, 0, 0, 0, 0, 0, 0, 0, 0, 0, 0, 0, 57, 58, 59, 0, 60, 61, 0, 62, 63, 64, 65, 66, 67, 68, 69], [0, 0, 0, 0, 0, 0, 0, 0, 0, 0, 0, 0, 0, 0, 0, 70, 71, 0, 72, 0, 0, 73, 74, 75, 76, 77, 0, 0, 78, 79], [0, 0, 0, 0, 0, 0, 0, 80, 0, 0, 0, 0, 0, 0, 0, 81, 82, 83, 84, 85, 86, 87, 88, 89, 90, 91, 92, 93, 94, 95], [0, 0, 0, 0, 0, 0, -80, 0, 0, 96, 0, 0, 0, 0, 0, 97, 0, 0, 98, 99, 100, 0, 101, 102, 103, 104, 105, 106, 0, 107], [0, 0, 0, 0, 0, 0, 0, 0, 0, 0, 108, 0, 0, 109, 0, 110, 111, 112, 113, 114, 0, 115, 116, 117, 118, 119, 0, 120, 121, 122], [0, 0, 0, 0, 0, 0, 0, -96, 0, 0, 0, 0, 0, 0, 0, 123, 124, 0, 125, 126, 127, 0, 0, 0, 128, 129, 130, 131, 132, 133], [0, 0, 0, 0, 0, 0, 0, 0, -108, 0, 0, 0, 0, 0, 0, 134, 135, 0, 136, 137, 138, 139, 140, 141, 142, 143, 144, 145, 146, 147], [0, 0, 0, -43, 0, 0, 0, 0, 0, 0, 0, 0, 0, 0, 0, 0, 0, 148, 149, 150, 151, 152, 153, 154, 155, 156, 0, 157, 158, 159], [0, 0, 0, -44, 0, 0, 0, 0, 0, 0, 0, 0, 0, 0, 0, 160, 0, 161, 162, 0, 163, 164, 165, 0, 0, 166, 167, 168, 169, 170], [0, 0, 0, 0, 0, 0, 0, 0, -109, 0, 0, 0, 0, 0, 0, 0, 171, 0, 0, 172, 173, 174, 175, 176, 177, 0, 178, 179, 180, 181], [0, 0, 0, 0, 0, 0, 0, 0, 0, 0, 0, 0, 0, 0, 0, 182, 183, 0, 184, 185, 186, 187, 188, 189, 190, 191, 192, 193, 194, 0], [-1, 0, 0, -45, -57, -70, -81, -97, -110, -123, -134, 0, -160, 0, -182, 0, 195, 0, 196, 197, 198, 0, 0, 0, 0, 0, 199, 200, 201, 0], [-2, -15, -29, -46, -58, -71, -82, 0, -111, -124, -135, 0, 0, -171, -183, -195, 0, 0, 202, 203, 0, 204, 205, 206, 0, 207, 208, 209, 210, 211], [0, -16, -30, -47, -59, 0, -83, 0, -112, 0, 0, -148, -161, 0, 0, 0, 0, 0, 0, 212, 0, 213, 214, 0, 215, 216, 217, 0, 0, 218], [-3, -17, -31, -48, 0, -72, -84, -98, -113, -125, -136, -149, -162, 0, -184, -196, -202, 0, 0, 0, 219, 220, 221, 0, 222, 223, 224, 225, 226, 227], [-4, -18, -32, -49, -60, 0, -85, -99, -114, -126, -137, -150, 0, -172, -185, -197, -203, -212, 0, 0, 228, 229, 0, 0, 230, 231, 232, 233, 234, 0], [-5, -19, -33, -50, -61, 0, -86, -100, 0, -127, -138, -151, -163, -173, -186, -198, 0, 0, -219, -228, 0, 235, 0, 236, 0, 237, 238, 239, 240, 0], [-6, -20, -34, -51, 0, -73, -87, 0, -115, 0, -139, -152, -164, -174, -187, 0, -204, -213, -220, -229, -235, 0, 241, 0, 242, 243, 244, 245, 246, 247], [-7, 0, -35, 0, -62, -74, -88, -101, -116, 0, -140, -153, -165, -175, -188, 0, -205, -214, -221, 0, 0, -241, 0, 248, 249, 250, 251, 252, 253, 254], [-8, -21, -36, 0, -63, -75, -89, -102, -117, 0, -141, -154, 0, -176, -189, 0, -206, 0, 0, 0, -236, 0, -248, 0, 0, 255, 256, 257, 258, 259], [-9, -22, -37, -52, -64, -76, -90, -103, -118, -128, -142, -155, 0, -177, -190, 0, 0, -215, -222, -230, 0, -242, -249, 0, 0, 260, 261, 262, 263, 264], [-10, -23, -38, 0, -65, -77, -91, -104, -119, -129, -143, -156, -166, 0, -191, 0, -207, -216, -223, -231, -237, -243, -250, -255, -260, 0, 265, 0, 266, 267], [-11, -24, -39, -53, -66, 0, -92, -105, 0, -130, -144, 0, -167, -178, -192, -199, -208, -217, -224, -232, -238, -244, -251, -256, -261, -265, 0, 268, 269, 270], [-12, -25, -40, -54, -67, 0, -93, -106, -120, -131, -145, -157, -168, -179, -193, -200, -209, 0, -225, -233, -239, -245, -252, -257, -262, 0, -268, 0, 271, 272], [0, -26, -41, -55, -68, -78, -94, 0, -121, -132, -146, -158, -169, -180, -194, -201, -210, 0, -226, -234, -240, -246, -253, -258, -263, -266, -269, -271, 0, 273], [-13, -27, -42, -56, -69, -79, -95, -107, -122, -133, -147, -159, -170, -181, 0, 0, -211, -218, -227, 0, 0, -247, -254, -259, -264, -267, -270, -272, -273, 0]], [[0, 0, 0, 0, 0, 0, 0, 0, 0, 0, 0, 0, 0, 0, 0, 0, 1, 2, 3, 4, 5, 0, 0, 0, 6, 7, 8, 9, 10, 11], [0, 0, 0, 0, 0, 0, 0, 0, 0, 0, 0, 0, 0, 0, 0, 12, 13, 0, 14, 15, 16, 17, 0, 18, 19, 20, 0, 21, 22, 0], [0, 0, 0, 0, 0, 23, 0, 24, 0, 25, 0, 0, 0, 26, 0, 27, 0, 28, 29, 30, 0, 31, 32, 33, 34, 35, 36, 37, 38, 39], [0, 0, 0, 0, 0, 0, 0, 0, 0, 0, 0, 0, 40, 0, 0, 41, 42, 43, 44, 45, 46, 47, 48, 49, 50, 51, 52, 53, 0, 54], [0, 0, 0, 0, 0, 0, 55, 0, 0, 0, 56, 0, 0, 0, 0, 0, 0, 57, 58, 59, 0, 60, 61, 62, 63, 64, 65, 0, 66, 67], [0, 0, -23, 0, 0, 0, 0, 0, 0, 0, 0, 68, 0, 0, 0, 69, 0, 70, 71, 72, 73, 74, 0, 0, 75, 76, 77, 78, 0, 79], [0, 0, 0, 0, -55, 0, 0, 0, 0, 0, 0, 0, 0, 0, 0, 0, 80, 81, 82, 0, 0, 83, 84, 85, 86, 87, 88, 89, 90, 91], [0, 0, -24, 0, 0, 0, 0, 0, 0, 92, 0, 0, 0, 0, 93, 94, 95, 96, 97, 0, 98, 99, 100, 101, 102, 103, 104, 105, 106, 107], [0, 0, 0, 0, 0, 0, 0, 0, 0, 0, 0, 0, 0, 0, 0, 0, 108, 109, 110, 0, 111, 0, 112, 113, 0, 114, 115, 0, 116, 117], [0, 0, -25, 0, 0, 0, 0, -92, 0, 0, 0, 0, 0, 0, 0, 0, 118, 119, 120, 0, 121, 122, 123, 124, 125, 126, 127, 128, 0, 129], [0, 0, 0, 0, -56, 0, 0, 0, 0, 0, 0, 0, 0, 0, 0, 130, 0, 131, 132, 133, 134, 135, 0, 136, 0, 137, 138, 139, 140, 141], [0, 0, 0, 0, 0, -68, 0, 0, 0, 0, 0, 0, 0, 0, 0, 0, 142, 0, 143, 144, 145, 146, 147, 148, 149, 0, 150, 151, 0, 0], [0, 0, 0, -40, 0, 0, 0, 0, 0, 0, 0, 0, 0, 0, 0, 152, 153, 154, 155, 156, 157, 158, 159, 160, 161, 162, 163, 164, 0, 165], [0, 0, -26, 0, 0, 0, 0, 0, 0, 0, 0, 0, 0, 0, 0, 166, 0, 167, 168, 169, 0, 170, 171, 0, 172, 173, 174, 175, 176, 177], [0, 0, 0, 0, 0, 0, 0, -93, 0, 0, 0, 0, 0, 0, 0, 178, 179, 180, 181, 182, 0, 183, 184, 0, 185, 186, 187, 188, 189, 0], [0, -12, -27, -41, 0, -69, 0, -94, 0, 0, -130, 0, -152, -166, -178, 0, 190, 191, 192, 0, 193, 194, 195, 196, 197, 198, 199, 200, 0, 0], [-1, -13, 0, -42, 0, 0, -80, -95, -108, -118, 0, -142, -153, 0, -179, -190, 0, 201, 202, 203, 204, 205, 206, 207, 208, 209, 210, 211, 0, 212], [-2, 0, -28, -43, -57, -70, -81, -96, -109, -119, -131, 0, -154, -167, -180, -191, -201, 0, 213, 0, 214, 0, 215, 216, 217, 218, 0, 0, 219, 220], [-3, -14, -29, -44, -58, -71, -82, -97, -110, -120, -132, -143, -155, -168, -181, -192, -202, -213, 0, 221, 222, 223, 224, 225, 226, 227, 0, 228, 229, 230], [-4, -15, -30, -45, -59, -72, 0, 0, 0, 0, -133, -144, -156, -169, -182, 0, -203, 0, -221, 0, 231, 232, 233, 234, 235, 0, 0, 236, 0, 237], [-5, -16, 0, -46, 0, -73, 0, -98, -111, -121, -134, -145, -157, 0, 0, -193, -204, -214, -222, -231, 0, 238, 239, 0, 240, 241, 242, 0, 243, 244], [0, -17, -31, -47, -60, -74, -83, -99, 0, -122, -135, -146, -158, -170, -183, -194, -205, 0, -223, -232, -238, 0, 245, 246, 247, 248, 249, 250, 251, 252], [0, 0, -32, -48, -61, 0, -84, -100, -112, -123, 0, -147, -159, -171, -184, -195, -206, -215, -224, -233, -239, -245, 0, 0, 253, 254, 255, 256, 0, 257], [0, -18, -33, -49, -62, 0, -85, -101, -113, -124, -136, -148, -160, 0, 0, -196, -207, -216, -225, -234, 0, -246, 0, 0, 258, 259, 260, 261, 262, 263], [-6, -19, -34, -50, -63, -75, -86, -102, 0, -125, 0, -149, -161, -172, -185, -197, -208, -217, -226, -235, -240, -247, -253, -258, 0, 0, 264, 265, 266, 267], [-7, -20, -35, -51, -64, -76, -87, -103, -114, -126, -137, 0, -162, -173, -186, -198, -209, -218, -227, 0, -241, -248, -254, -259, 0, 0, 268, 0, 269, 0], [-8, 0, -36, -52, -65, -77, -88, -104, -115, -127, -138, -150, -163, -174, -187, -199, -210, 0, 0, 0, -242, -249, -255, -260, -264, -268, 0, 270, 271, 0], [-9, -21, -37, -53, 0, -78, -89, -105, 0, -128, -139, -151, -164, -175, -188, -200, -211, 0, -228, -236, 0, -250, -256, -261, -265, 0, -270, 0, 0, 272], [-10, -22, -38, 0, -66, 0, -90, -106, -116, 0, -140, 0, 0, -176, -189, 0, 0, -219, -229, 0, -243, -251, 0, -262, -266, -269, -271, 0, 0, 273], [-11, 0, -39, -54, -67, -79, -91, -107, -117, -129, -141, 0, -165, -177, 0, 0, -212, -220, -230, -237, -244, -252, -257, -263, -267, 0, 0, -272, -273, 0]], [[0, 0, 0, 0, 0, 0, 0, 0, 0, 0, 0, 0, 0, 0, 0, 1, 2, 3, 4, 5, 6, 7, 8, 9, 10, 0, 11, 12, 13, 14], [0, 0, 0, 0, 0, 15, 0, 0, 16, 0, 0, 0, 0, 0, 0, 17, 18, 19, 20, 21, 22, 23, 24, 25, 26, 0, 27, 28, 29, 30], [0, 0, 0, 0, 0, 31, 0, 0, 0, 0, 0, 0, 32, 0, 0, 33, 34, 0, 35, 36, 37, 38, 39, 40, 41, 42, 43, 44, 45, 46], [0, 0, 0, 0, 47, 0, 0, 0, 0, 0, 0, 0, 0, 0, 0, 48, 49, 50, 0, 51, 52, 53, 54, 55, 56, 57, 58, 59, 60, 0], [0, 0, 0, -47, 0, 0, 0, 0, 61, 0, 0, 0, 62, 0, 0, 63, 64, 65, 66, 67, 68, 69, 70, 0, 71, 72, 73, 74, 75, 76], [0, -15, -31, 0, 0, 0, 0, 0, 0, 0, 0, 0, 0, 0, 0, 77, 78, 79, 0, 80, 0, 81, 0, 82, 83, 84, 85, 86, 87, 0], [0, 0, 0, 0, 0, 0, 0, 0, 0, 0, 0, 0, 0, 0, 0, 88, 89, 90, 91, 92, 93, 94, 95, 96, 97, 98, 99, 100, 101, 0], [0, 0, 0, 0, 0, 0, 0, 0, 0, 0, 0, 0, 0, 0, 0, 102, 103, 104, 105, 0, 106, 107, 0, 108, 109, 110, 111, 0, 112, 113], [0, -16, 0, 0, -61, 0, 0, 0, 0, 0, 0, 0, 0, 0, 0, 114, 115, 116, 0, 0, 117, 118, 119, 120, 121, 122, 123, 124, 0, 125], [0, 0, 0, 0, 0, 0, 0, 0, 0, 0, 0, 0, 0, 126, 0, 127, 0, 128, 0, 129, 130, 131, 132, 133, 134, 135, 136, 137, 0, 138], [0, 0, 0, 0, 0, 0, 0, 0, 0, 0, 0, 139, 0, 0, 0, 140, 141, 142, 143, 144, 145, 146, 147, 0, 148, 149, 150, 151, 152, 153], [0, 0, 0, 0, 0, 0, 0, 0, 0, 0, -139, 0, 0, 0, 0, 154, 155, 156, 0, 157, 0, 158, 0, 0, 159, 0, 160, 0, 161, 162], [0, 0, -32, 0, -62, 0, 0, 0, 0, 0, 0, 0, 0, 0, 0, 163, 164, 165, 0, 0, 166, 167, 168, 169, 170, 171, 172, 173, 174, 175], [0, 0, 0, 0, 0, 0, 0, 0, 0, -126, 0, 0, 0, 0, 0, 176, 177, 0, 178, 179, 180, 181, 182, 183, 184, 185, 186, 187, 0, 188], [0, 0, 0, 0, 0, 0, 0, 0, 0, 0, 0, 0, 0, 0, 0, 189, 190, 0, 191, 192, 193, 194, 195, 0, 0, 0, 196, 197, 198, 199], [-1, -17, -33, -48, -63, -77, -88, -102, -114, -127, -140, -154, -163, -176, -189, 0, 0, 200, 201, 202, 203, 204, 0, 205, 206, 207, 208, 209, 0, 210], [-2, -18, -34, -49, -64, -78, -89, -103, -115, 0, -141, -155, -164, -177, -190, 0, 0, 211, 212, 213, 0, 214, 0, 215, 216, 217, 218, 219, 220, 221], [-3, -19, 0, -50, -65, -79, -90, -104, -116, -128, -142, -156, -165, 0, 0, -200, -211, 0, 222, 223, 224, 225, 226, 227, 228, 229, 230, 0, 0, 231], [-4, -20, -35, 0, -66, 0, -91, -105, 0, 0, -143, 0, 0, -178, -191, -201, -212, -222, 0, 232, 0, 233, 234, 235, 0, 0, 236, 237, 238, 0], [-5, -21, -36, -51, -67, -80, -92, 0, 0, -129, -144, -157, 0, -179, -192, -202, -213, -223, -232, 0, 239, 240, 241, 0, 242, 243, 244, 0, 0, 245], [-6, -22, -37, -52, -68, 0, -93, -106, -117, -130, -145, 0, -166, -180, -193, -203, 0, -224, 0, -239, 0, 246, 247, 248, 249, 250, 0, 251, 252, 253], [-7, -23, -38, -53, -69, -81, -94, -107, -118, -131, -146, -158, -167, -181, -194, -204, -214, -225, -233, -240, -246, 0, 254, 255, 256, 257, 258, 259, 260, 261], [-8, -24, -39, -54, -70, 0, -95, 0, -119, -132, -147, 0, -168, -182, -195, 0, 0, -226, -234, -241, -247, -254, 0, 262, 263, 264, 265, 266, 0, 267], [-9, -25, -40, -55, 0, -82, -96, -108, -120, -133, 0, 0, -169, -183, 0, -205, -215, -227, -235, 0, -248, -255, -262, 0, 268, 269, 270, 271, 272, 273], [-10, -26, -41, -56, -71, -83, -97, -109, -121, -134, -148, -159, -170, -184, 0, -206, -216, -228, 0, -242, -249, -256, -263, -268, 0, 274, 275, 276, 277, 278], [0, 0, -42, -57, -72, -84, -98, -110, -122, -135, -149, 0, -171, -185, 0, -207, -217, -229, 0, -243, -250, -257, -264, -269, -274, 0, 279, 280, 0, 281], [-11, -27, -43, -58, -73, -85, -99, -111, -123, -136, -150, -160, -172, -186, -196, -208, -218, -230, -236, -244, 0, -258, -265, -270, -275, -279, 0, 282, 283, 284], [-12, -28, -44, -59, -74, -86, -100, 0, -124, -137, -151, 0, -173, -187, -197, -209, -219, 0, -237, 0, -251, -259, -266, -271, -276, -280, -282, 0, 285, 286], [-13, -29, -45, -60, -75, -87, -101, -112, 0, 0, -152, -161, -174, 0, -198, 0, -220, 0, -238, 0, -252, -260, 0, -272, -277, 0, -283, -285, 0, 287], [-14, -30, -46, 0, -76, 0, 0, -113, -125, -138, -153, -162, -175, -188, -199, -210, -221, -231, 0, -245, -253, -261, -267, -273, -278, -281, -284, -286, -287, 0]], [[0, 0, 0, 0, 0, 0, 0, 0, 0, 0, 0, 0, 0, 0, 0, 0, 1, 2, 3, 4, 5, 6, 7, 8, 9, 10, 11, 12, 13, 14], [0, 0, 0, 0, 0, 15, 0, 0, 0, 0, 0, 0, 16, 0, 0, 17, 18, 19, 20, 21, 22, 23, 24, 0, 0, 25, 26, 27, 28, 0], [0, 0, 0, 0, 0, 0, 0, 29, 0, 30, 31, 0, 0, 0, 0, 32, 33, 34, 35, 36, 37, 38, 39, 40, 41, 42, 0, 43, 44, 45], [0, 0, 0, 0, 0, 0, 0, 0, 0, 0, 0, 0, 0, 0, 0, 46, 0, 47, 48, 49, 0, 50, 51, 52, 53, 54, 55, 56, 57, 58], [0, 0, 0, 0, 0, 0, 0, 0, 0, 0, 0, 0, 0, 0, 0, 59, 60, 0, 61, 62, 63, 64, 65, 0, 66, 67, 68, 69, 70, 0], [0, -15, 0, 0, 0, 0, 0, 71, 0, 0, 72, 0, 0, 0, 0, 73, 74, 0, 75, 0, 76, 0, 77, 78, 79, 80, 81, 0, 82, 0], [0, 0, 0, 0, 0, 0, 0, 83, 0, 0, 0, 0, 0, 0, 0, 84, 85, 0, 86, 0, 87, 0, 88, 0, 89, 90, 0, 91, 92, 0], [0, 0, -29, 0, 0, -71, -83, 0, 93, 0, 0, 0, 0, 0, 94, 0, 95, 96, 97, 98, 99, 100, 0, 101, 102, 103, 104, 105, 106, 107], [0, 0, 0, 0, 0, 0, 0, -93, 0, 0, 0, 0, 0, 0, 0, 108, 109, 0, 0, 0, 110, 0, 111, 112, 113, 114, 0, 115, 0, 116], [0, 0, -30, 0, 0, 0, 0, 0, 0, 0, 117, 0, 118, 0, 0, 119, 120, 121, 0, 122, 123, 124, 125, 126, 127, 128, 129, 130, 131, 132], [0, 0, -31, 0, 0, -72, 0, 0, 0, -117, 0, 0, 0, 0, 0, 133, 134, 0, 135, 136, 137, 0, 138, 139, 140, 0, 141, 142, 0, 143], [0, 0, 0, 0, 0, 0, 0, 0, 0, 0, 0, 0, 144, 0, 0, 0, 145, 146, 147, 148, 149, 150, 151, 152, 153, 154, 155, 0, 156, 157], [0, -16, 0, 0, 0, 0, 0, 0, 0, -118, 0, -144, 0, 0, 0, 0, 158, 159, 160, 161, 0, 162, 163, 164, 165, 166, 167, 0, 168, 0], [0, 0, 0, 0, 0, 0, 0, 0, 0, 0, 0, 0, 0, 0, 0, 169, 170, 171, 172, 0, 173, 174, 175, 176, 177, 178, 0, 179, 180, 181], [0, 0, 0, 0, 0, 0, 0, -94, 0, 0, 0, 0, 0, 0, 0, 0, 182, 183, 184, 185, 186, 187, 188, 0, 0, 189, 190, 191, 192, 193], [0, -17, -32, -46, -59, -73, -84, 0, -108, -119, -133, 0, 0, -169, 0, 0, 194, 195, 196, 197, 0, 198, 199, 0, 200, 201, 202, 0, 203, 204], [-1, -18, -33, 0, -60, -74, -85, -95, -109, -120, -134, -145, -158, -170, -182, -194, 0, 205, 206, 207, 208, 209, 210, 211, 0, 212, 213, 214, 215, 216], [-2, -19, -34, -47, 0, 0, 0, -96, 0, -121, 0, -146, -159, -171, -183, -195, -205, 0, 217, 218, 219, 220, 221, 222, 223, 224, 225, 226, 0, 0], [-3, -20, -35, -48, -61, -75, -86, -97, 0, 0, -135, -147, -160, -172, -184, -196, -206, -217, 0, 0, 227, 228, 0, 229, 0, 230, 231, 232, 233, 234], [-4, -21, -36, -49, -62, 0, 0, -98, 0, -122, -136, -148, -161, 0, -185, -197, -207, -218, 0, 0, 235, 236, 237, 238, 239, 240, 241, 0, 0, 242], [-5, -22, -37, 0, -63, -76, -87, -99, -110, -123, -137, -149, 0, -173, -186, 0, -208, -219, -227, -235, 0, 243, 0, 244, 245, 0, 246, 247, 248, 0], [-6, -23, -38, -50, -64, 0, 0, -100, 0, -124, 0, -150, -162, -174, -187, -198, -209, -220, -228, -236, -243, 0, 249, 250, 0, 0, 251, 252, 0, 253], [-7, -24, -39, -51, -65, -77, -88, 0, -111, -125, -138, -151, -163, -175, -188, -199, -210, -221, 0, -237, 0, -249, 0, 0, 254, 255, 0, 0, 0, 256], [-8, 0, -40, -52, 0, -78, 0, -101, -112, -126, -139, -152, -164, -176, 0, 0, -211, -222, -229, -238, -244, -250, 0, 0, 257, 258, 259, 260, 261, 262], [-9, 0, -41, -53, -66, -79, -89, -102, -113, -127, -140, -153, -165, -177, 0, -200, 0, -223, 0, -239, -245, 0, -254, -257, 0, 263, 264, 265, 266, 267], [-10, -25, -42, -54, -67, -80, -90, -103, -114, -128, 0, -154, -166, -178, -189, -201, -212, -224, -230, -240, 0, 0, -255, -258, -263, 0, 268, 269, 270, 271], [-11, -26, 0, -55, -68, -81, 0, -104, 0, -129, -141, -155, -167, 0, -190, -202, -213, -225, -231, -241, -246, -251, 0, -259, -264, -268, 0, 272, 273, 274], [-12, -27, -43, -56, -69, 0, -91, -105, -115, -130, -142, 0, 0, -179, -191, 0, -214, -226, -232, 0, -247, -252, 0, -260, -265, -269, -272, 0, 275, 276], [-13, -28, -44, -57, -70, -82, -92, -106, 0, -131, 0, -156, -168, -180, -192, -203, -215, 0, -233, 0, -248, 0, 0, -261, -266, -270, -273, -275, 0, 0], [-14, 0, -45, -58, 0, 0, 0, -107, -116, -132, -143, -157, 0, -181, -193, -204, -216, 0, -234, -242, 0, -253, -256, -262, -267, -271, -274, -276, 0, 0]], [[0, 0, 0, 0, 0, 1, 0, 2, 0, 0, 0, 0, 0, 0, 0, 3, 0, 4, 5, 0, 6, 7, 8, 9, 10, 11, 12, 13, 14, 15], [0, 0, 0, 0, 0, 0, 0, 0, 16, 0, 0, 0, 17, 0, 0, 18, 19, 20, 21, 0, 0, 22, 0, 0, 23, 24, 0, 25, 26, 27], [0, 0, 0, 0, 0, 0, 0, 0, 0, 0, 28, 0, 0, 0, 0, 29, 30, 31, 32, 0, 0, 33, 0, 34, 35, 36, 37, 38, 39, 40], [0, 0, 0, 0, 0, 0, 0, 41, 0, 0, 0, 0, 0, 0, 0, 42, 43, 0, 44, 45, 46, 47, 48, 49, 50, 0, 0, 51, 52, 53], [0, 0, 0, 0, 0, 0, 0, 0, 0, 0, 0, 0, 0, 54, 0, 0, 55, 56, 57, 58, 59, 60, 0, 61, 62, 0, 63, 64, 0, 0], [-1, 0, 0, 0, 0, 0, 65, 0, 0, 0, 0, 0, 0, 0, 0, 66, 67, 68, 69, 0, 70, 71, 72, 73, 74, 0, 75, 76, 77, 78], [0, 0, 0, 0, 0, -65, 0, 0, 0, 0, 0, 0, 79, 0, 0, 80, 81, 82, 0, 83, 84, 85, 86, 87, 88, 89, 90, 91, 92, 93], [-2, 0, 0, -41, 0, 0, 0, 0, 0, 0, 0, 0, 0, 0, 0, 94, 95, 0, 96, 97, 98, 99, 100, 101, 102, 103, 104, 105, 106, 107], [0, -16, 0, 0, 0, 0, 0, 0, 0, 0, 0, 0, 0, 0, 0, 108, 109, 0, 110, 111, 0, 112, 113, 0, 114, 115, 116, 117, 118, 0], [0, 0, 0, 0, 0, 0, 0, 0, 0, 0, 0, 119, 0, 0, 0, 0, 0, 120, 121, 122, 123, 124, 0, 125, 126, 127, 128, 129, 130, 131], [0, 0, -28, 0, 0, 0, 0, 0, 0, 0, 0, 132, 0, 0, 0, 0, 133, 0, 134, 135, 136, 137, 138, 139, 140, 141, 0, 142, 143, 0], [0, 0, 0, 0, 0, 0, 0, 0, 0, -119, -132, 0, 0, 0, 0, 144, 145, 146, 147, 0, 148, 149, 150, 151, 152, 153, 154, 155, 156, 157], [0, -17, 0, 0, 0, 0, -79, 0, 0, 0, 0, 0, 0, 0, 0, 0, 0, 158, 159, 160, 0, 161, 162, 163, 0, 164, 165, 166, 167, 168], [0, 0, 0, 0, -54, 0, 0, 0, 0, 0, 0, 0, 0, 0, 0, 169, 170, 0, 171, 172, 173, 174, 0, 0, 175, 0, 176, 177, 178, 179], [0, 0, 0, 0, 0, 0, 0, 0, 0, 0, 0, 0, 0, 0, 0, 180, 181, 182, 0, 183, 184, 185, 186, 0, 187, 188, 189, 0, 190, 191], [-3, -18, -29, -42, 0, -66, -80, -94, -108, 0, 0, -144, 0, -169, -180, 0, 192, 193, 194, 195, 196, 197, 0, 198, 199, 200, 0, 201, 202, 203], [0, -19, -30, -43, -55, -67, -81, -95, -109, 0, -133, -145, 0, -170, -181, -192, 0, 0, 204, 0, 0, 205, 206, 207, 208, 209, 210, 211, 212, 213], [-4, -20, -31, 0, -56, -68, -82, 0, 0, -120, 0, -146, -158, 0, -182, -193, 0, 0, 214, 215, 216, 217, 218, 219, 220, 221, 0, 222, 0, 223], [-5, -21, -32, -44, -57, -69, 0, -96, -110, -121, -134, -147, -159, -171, 0, -194, -204, -214, 0, 224, 225, 226, 227, 228, 229, 230, 231, 232, 233, 234], [0, 0, 0, -45, -58, 0, -83, -97, -111, -122, -135, 0, -160, -172, -183, -195, 0, -215, -224, 0, 235, 236, 237, 238, 239, 240, 0, 0, 241, 242], [-6, 0, 0, -46, -59, -70, -84, -98, 0, -123, -136, -148, 0, -173, -184, -196, 0, -216, -225, -235, 0, 0, 243, 244, 0, 0, 245, 0, 246, 247], [-7, -22, -33, -47, -60, -71, -85, -99, -112, -124, -137, -149, -161, -174, -185, -197, -205, -217, -226, -236, 0, 0, 248, 0, 249, 250, 251, 252, 0, 0], [-8, 0, 0, -48, 0, -72, -86, -100, -113, 0, -138, -150, -162, 0, -186, 0, -206, -218, -227, -237, -243, -248, 0, 253, 0, 254, 0, 255, 256, 0], [-9, 0, -34, -49, -61, -73, -87, -101, 0, -125, -139, -151, -163, 0, 0, -198, -207, -219, -228, -238, -244, 0, -253, 0, 257, 258, 259, 0, 260, 261], [-10, -23, -35, -50, -62, -74, -88, -102, -114, -126, -140, -152, 0, -175, -187, -199, -208, -220, -229, -239, 0, -249, 0, -257, 0, 262, 263, 264, 265, 266], [-11, -24, -36, 0, 0, 0, -89, -103, -115, -127, -141, -153, -164, 0, -188, -200, -209, -221, -230, -240, 0, -250, -254, -258, -262, 0, 0, 267, 268, 269], [-12, 0, -37, 0, -63, -75, -90, -104, -116, -128, 0, -154, -165, -176, -189, 0, -210, 0, -231, 0, -245, -251, 0, -259, -263, 0, 0, 0, 270, 0], [-13, -25, -38, -51, -64, -76, -91, -105, -117, -129, -142, -155, -166, -177, 0, -201, -211, -222, -232, 0, 0, -252, -255, 0, -264, -267, 0, 0, 271, 272], [-14, -26, -39, -52, 0, -77, -92, -106, -118, -130, -143, -156, -167, -178, -190, -202, -212, 0, -233, -241, -246, 0, -256, -260, -265, -268, -270, -271, 0, 273], [-15, -27, -40, -53, 0, -78, -93, -107, 0, -131, 0, -157, -168, -179, -191, -203, -213, -223, -234, -242, -247, 0, 0, -261, -266, -269, 0, -272, -273, 0]], [[0, 0, 0, 0, 0, 0, 0, 0, 0, 0, 0, 0, 0, 0, 0, 0, 1, 2, 3, 4, 5, 6, 7, 8, 9, 10, 11, 12, 13, 14], [0, 0, 0, 0, 0, 0, 0, 0, 0, 0, 0, 15, 16, 0, 0, 17, 18, 19, 0, 20, 21, 0, 22, 23, 0, 24, 25, 26, 0, 27], [0, 0, 0, 0, 0, 0, 0, 28, 0, 0, 0, 0, 0, 0, 0, 29, 30, 0, 31, 32, 33, 0, 34, 35, 36, 0, 37, 38, 39, 40], [0, 0, 0, 0, 0, 0, 0, 0, 0, 0, 0, 0, 0, 41, 0, 42, 43, 44, 45, 46, 47, 48, 49, 50, 51, 52, 53, 54, 0, 55], [0, 0, 0, 0, 0, 0, 0, 0, 0, 0, 0, 0, 0, 0, 0, 0, 56, 57, 58, 59, 0, 60, 61, 62, 63, 64, 65, 66, 67, 68], [0, 0, 0, 0, 0, 0, 0, 0, 0, 0, 0, 0, 0, 0, 0, 69, 70, 71, 72, 73, 74, 0, 75, 76, 77, 78, 79, 80, 81, 82], [0, 0, 0, 0, 0, 0, 0, 0, 0, 0, 0, 0, 0, 0, 0, 83, 0, 84, 85, 0, 86, 87, 88, 89, 90, 0, 91, 0, 92, 93], [0, 0, -28, 0, 0, 0, 0, 0, 0, 0, 0, 0, 0, 0, 0, 0, 94, 95, 96, 0, 97, 98, 99, 0, 100, 101, 0, 102, 103, 0], [0, 0, 0, 0, 0, 0, 0, 0, 0, 0, 0, 0, 0, 0, 104, 0, 0, 0, 105, 106, 107, 108, 0, 109, 110, 111, 112, 113, 114, 115], [0, 0, 0, 0, 0, 0, 0, 0, 0, 0, 0, 0, 0, 0, 116, 117, 118, 119, 0, 120, 121, 0, 122, 123, 0, 124, 125, 0, 0, 126], [0, 0, 0, 0, 0, 0, 0, 0, 0, 0, 0, 0, 0, 127, 0, 128, 129, 130, 131, 132, 133, 0, 134, 135, 136, 137, 138, 139, 140, 141], [0, -15, 0, 0, 0, 0, 0, 0, 0, 0, 0, 0, 0, 0, 0, 142, 0, 143, 144, 145, 146, 147, 0, 148, 149, 150, 151, 152, 153, 154], [0, -16, 0, 0, 0, 0, 0, 0, 0, 0, 0, 0, 0, 0, 0, 155, 156, 157, 158, 159, 160, 0, 161, 0, 0, 162, 163, 164, 0, 165], [0, 0, 0, -41, 0, 0, 0, 0, 0, 0, -127, 0, 0, 0, 0, 166, 0, 0, 167, 168, 169, 170, 171, 0, 172, 173, 174, 0, 0, 175], [0, 0, 0, 0, 0, 0, 0, 0, -104, -116, 0, 0, 0, 0, 0, 176, 177, 178, 179, 0, 180, 0, 181, 0, 182, 0, 183, 184, 0, 185], [0, -17, -29, -42, 0, -69, -83, 0, 0, -117, -128, -142, -155, -166, -176, 0, 186, 187, 0, 188, 189, 190, 191, 192, 193, 194, 195, 196, 197, 198], [-1, -18, -30, -43, -56, -70, 0, -94, 0, -118, -129, 0, -156, 0, -177, -186, 0, 199, 0, 200, 201, 0, 0, 202, 203, 204, 205, 206, 0, 207], [-2, -19, 0, -44, -57, -71, -84, -95, 0, -119, -130, -143, -157, 0, -178, -187, -199, 0, 208, 209, 210, 211, 212, 0, 213, 214, 0, 215, 216, 217], [-3, 0, -31, -45, -58, -72, -85, -96, -105, 0, -131, -144, -158, -167, -179, 0, 0, -208, 0, 0, 218, 219, 220, 221, 0, 222, 0, 223, 224, 225], [-4, -20, -32, -46, -59, -73, 0, 0, -106, -120, -132, -145, -159, -168, 0, -188, -200, -209, 0, 0, 226, 227, 228, 229, 230, 231, 232, 233, 0, 234], [-5, -21, -33, -47, 0, -74, -86, -97, -107, -121, -133, -146, -160, -169, -180, -189, -201, -210, -218, -226, 0, 235, 0, 236, 237, 238, 0, 239, 240, 241], [-6, 0, 0, -48, -60, 0, -87, -98, -108, 0, 0, -147, 0, -170, 0, -190, 0, -211, -219, -227, -235, 0, 242, 243, 244, 0, 245, 246, 247, 248], [-7, -22, -34, -49, -61, -75, -88, -99, 0, -122, -134, 0, -161, -171, -181, -191, 0, -212, -220, -228, 0, -242, 0, 249, 250, 251, 252, 253, 254, 255], [-8, -23, -35, -50, -62, -76, -89, 0, -109, -123, -135, -148, 0, 0, 0, -192, -202, 0, -221, -229, -236, -243, -249, 0, 256, 257, 258, 259, 0, 0], [-9, 0, -36, -51, -63, -77, -90, -100, -110, 0, -136, -149, 0, -172, -182, -193, -203, -213, 0, -230, -237, -244, -250, -256, 0, 260, 261, 262, 263, 264], [-10, -24, 0, -52, -64, -78, 0, -101, -111, -124, -137, -150, -162, -173, 0, -194, -204, -214, -222, -231, -238, 0, -251, -257, -260, 0, 265, 0, 266, 267], [-11, -25, -37, -53, -65, -79, -91, 0, -112, -125, -138, -151, -163, -174, -183, -195, -205, 0, 0, -232, 0, -245, -252, -258, -261, -265, 0, 268, 0, 0], [-12, -26, -38, -54, -66, -80, 0, -102, -113, 0, -139, -152, -164, 0, -184, -196, -206, -215, -223, -233, -239, -246, -253, -259, -262, 0, -268, 0, 269, 270], [-13, 0, -39, 0, -67, -81, -92, -103, -114, 0, -140, -153, 0, 0, 0, -197, 0, -216, -224, 0, -240, -247, -254, 0, -263, -266, 0, -269, 0, 271], [-14, -27, -40, -55, -68, -82, -93, 0, -115, -126, -141, -154, -165, -175, -185, -198, -207, -217, -225, -234, -241, -248, -255, 0, -264, -267, 0, -270, -271, 0]], [[0, 0, 0, 0, 0, 1, 0, 2, 0, 3, 0, 0, 0, 0, 0, 4, 5, 0, 6, 7, 8, 9, 0, 0, 0, 10, 0, 0, 11, 0], [0, 0, 0, 0, 0, 0, 0, 0, 0, 0, 0, 0, 12, 13, 0, 14, 15, 16, 17, 18, 0, 19, 20, 21, 22, 23, 24, 25, 26, 27], [0, 0, 0, 0, 0, 0, 0, 28, 0, 0, 0, 0, 0, 0, 0, 29, 0, 30, 0, 31, 0, 32, 33, 34, 0, 35, 36, 37, 38, 39], [0, 0, 0, 0, 0, 0, 0, 0, 0, 0, 0, 0, 0, 0, 40, 41, 42, 43, 44, 45, 46, 47, 48, 0, 49, 50, 51, 52, 53, 54], [0, 0, 0, 0, 0, 0, 0, 0, 0, 0, 0, 0, 0, 0, 0, 55, 56, 0, 57, 58, 59, 60, 0, 61, 62, 0, 63, 64, 65, 66], [-1, 0, 0, 0, 0, 0, 0, 0, 0, 0, 0, 0, 0, 0, 0, 67, 68, 69, 70, 0, 71, 0, 72, 73, 0, 74, 75, 76, 0, 77], [0, 0, 0, 0, 0, 0, 0, 0, 0, 0, 0, 0, 0, 0, 0, 78, 0, 79, 80, 81, 82, 83, 84, 0, 85, 0, 0, 86, 0, 87], [-2, 0, -28, 0, 0, 0, 0, 0, 0, 0, 88, 0, 0, 0, 0, 89, 90, 91, 92, 93, 94, 95, 96, 0, 97, 98, 0, 0, 99, 100], [0, 0, 0, 0, 0, 0, 0, 0, 0, 0, 0, 0, 0, 0, 0, 101, 0, 0, 102, 103, 104, 0, 105, 106, 107, 108, 0, 0, 109, 110], [-3, 0, 0, 0, 0, 0, 0, 0, 0, 0, 0, 0, 0, 0, 0, 111, 112, 0, 0, 113, 114, 0, 115, 116, 117, 118, 119, 120, 121, 122], [0, 0, 0, 0, 0, 0, 0, -88, 0, 0, 0, 0, 0, 0, 0, 123, 0, 124, 125, 126, 127, 128, 129, 130, 131, 0, 132, 133, 134, 135], [0, 0, 0, 0, 0, 0, 0, 0, 0, 0, 0, 0, 0, 0, 0, 136, 137, 138, 139, 140, 141, 0, 142, 0, 0, 0, 143, 0, 144, 0], [0, -12, 0, 0, 0, 0, 0, 0, 0, 0, 0, 0, 0, 0, 0, 145, 146, 147, 148, 149, 150, 151, 152, 153, 154, 155, 156, 0, 157, 158], [0, -13, 0, 0, 0, 0, 0, 0, 0, 0, 0, 0, 0, 0, 159, 0, 160, 161, 0, 0, 162, 163, 0, 0, 0, 164, 165, 0, 166, 0], [0, 0, 0, -40, 0, 0, 0, 0, 0, 0, 0, 0, 0, -159, 0, 167, 168, 169, 170, 171, 0, 172, 173, 174, 0, 175, 176, 177, 178, 0], [-4, -14, -29, -41, -55, -67, -78, -89, -101, -111, -123, -136, -145, 0, -167, 0, 179, 0, 0, 180, 0, 0, 0, 181, 182, 183, 0, 184, 0, 185], [-5, -15, 0, -42, -56, -68, 0, -90, 0, -112, 0, -137, -146, -160, -168, -179, 0, 186, 187, 188, 189, 190, 191, 192, 193, 194, 195, 196, 197, 198], [0, -16, -30, -43, 0, -69, -79, -91, 0, 0, -124, -138, -147, -161, -169, 0, -186, 0, 199, 0, 200, 201, 202, 203, 204, 205, 206, 207, 208, 209], [-6, -17, 0, -44, -57, -70, -80, -92, -102, 0, -125, -139, -148, 0, -170, 0, -187, -199, 0, 210, 211, 212, 213, 0, 214, 215, 216, 217, 0, 218], [-7, -18, -31, -45, -58, 0, -81, -93, -103, -113, -126, -140, -149, 0, -171, -180, -188, 0, -210, 0, 219, 220, 0, 221, 222, 223, 224, 225, 226, 227], [-8, 0, 0, -46, -59, -71, -82, -94, -104, -114, -127, -141, -150, -162, 0, 0, -189, -200, -211, -219, 0, 228, 229, 230, 231, 232, 233, 234, 235, 0], [-9, -19, -32, -47, -60, 0, -83, -95, 0, 0, -128, 0, -151, -163, -172, 0, -190, -201, -212, -220, -228, 0, 236, 237, 238, 0, 239, 240, 241, 242], [0, -20, -33, -48, 0, -72, -84, -96, -105, -115, -129, -142, -152, 0, -173, 0, -191, -202, -213, 0, -229, -236, 0, 243, 244, 245, 246, 247, 248, 0], [0, -21, -34, 0, -61, -73, 0, 0, -106, -116, -130, 0, -153, 0, -174, -181, -192, -203, 0, -221, -230, -237, -243, 0, 249, 250, 0, 251, 252, 253], [0, -22, 0, -49, -62, 0, -85, -97, -107, -117, -131, 0, -154, 0, 0, -182, -193, -204, -214, -222, -231, -238, -244, -249, 0, 0, 254, 255, 256, 0], [-10, -23, -35, -50, 0, -74, 0, -98, -108, -118, 0, 0, -155, -164, -175, -183, -194, -205, -215, -223, -232, 0, -245, -250, 0, 0, 257, 258, 259, 260], [0, -24, -36, -51, -63, -75, 0, 0, 0, -119, -132, -143, -156, -165, -176, 0, -195, -206, -216, -224, -233, -239, -246, 0, -254, -257, 0, 261, 262, 263], [0, -25, -37, -52, -64, -76, -86, 0, 0, -120, -133, 0, 0, 0, -177, -184, -196, -207, -217, -225, -234, -240, -247, -251, -255, -258, -261, 0, 0, 264], [-11, -26, -38, -53, -65, 0, 0, -99, -109, -121, -134, -144, -157, -166, -178, 0, -197, -208, 0, -226, -235, -241, -248, -252, -256, -259, -262, 0, 0, 265], [0, -27, -39, -54, -66, -77, -87, -100, -110, -122, -135, 0, -158, 0, 0, -185, -198, -209, -218, -227, 0, -242, 0, -253, 0, -260, -263, -264, -265, 0]], [[0, 0, 0, 0, 0, 0, 0, 0, 0, 0, 0, 0, 0, 0, 0, 0, 1, 0, 2, 3, 0, 4, 5, 6, 7, 8, 9, 0, 10, 0], [0, 0, 11, 0, 0, 0, 0, 12, 13, 0, 0, 0, 0, 0, 0, 0, 14, 15, 16, 0, 17, 0, 18, 19, 20, 21, 22, 23, 24, 25], [0, -11, 0, 0, 0, 26, 0, 0, 0, 0, 0, 0, 0, 0, 0, 27, 28, 0, 29, 30, 31, 32, 0, 33, 34, 35, 36, 37, 38, 39], [0, 0, 0, 0, 0, 0, 0, 0, 0, 0, 0, 0, 0, 40, 0, 41, 42, 43, 44, 45, 46, 0, 47, 0, 48, 49, 50, 51, 52, 53], [0, 0, 0, 0, 0, 0, 0, 0, 0, 0, 0, 0, 0, 0, 0, 54, 0, 0, 55, 56, 0, 57, 58, 59, 0, 0, 60, 61, 0, 62], [0, 0, -26, 0, 0, 0, 0, 0, 0, 0, 0, 0, 63, 64, 0, 65, 66, 67, 68, 69, 70, 71, 72, 73, 74, 75, 76, 77, 78, 0], [0, 0, 0, 0, 0, 0, 0, 0, 0, 0, 79, 0, 0, 0, 0, 80, 81, 82, 0, 83, 84, 0, 85, 86, 87, 88, 89, 90, 0, 91], [0, -12, 0, 0, 0, 0, 0, 0, 92, 0,