[[[0.0, 1.0, 0.0, 0.0, 0.0, 0.0, 2.0, 3.0, 4.0, 5.0, 6.0, 7.0], [-1.0, 0.0, 0.0, 0.0, 0.0, 0.0, 8.0, 9.0, 0.0, 10.0, 11.0, 12.0], [0.0, 0.0, 0.0, 13.0, 0.0, 0.0, 0.0, 14.0, 15.0, 16.0, 17.0, 18.0], [0.0, 0.0, -13.0, 0.0, 0.0, 0.0, 0.0, 19.0, 20.0, 21.0, 0.0, 0.0], [0.0, 0.0, 0.0, 0.0, 0.0, 0.0, 22.0, 0.0, 23.0, 0.0, 24.0, 25.0], [0.0, 0.0, 0.0, 0.0, 0.0, 0.0, 26.0, 27.0, 0.0, 28.0, 29.0, 30.0], [-2.0, -8.0, 0.0, 0.0, -22.0, -26.0, 0.0, 31.0, 32.0, 0.0, 0.0, 33.0], [-3.0, -9.0, -14.0, -19.0, 0.0, -27.0, -31.0, 0.0, 34.0, 0.0, 35.0, 36.0], [-4.0, 0.0, -15.0, -20.0, -23.0, 0.0, -32.0, -34.0, 0.0, 0.0, 37.0, 38.0], [-5.0, -10.0, -16.0, -21.0, 0.0, -28.0, 0.0, 0.0, 0.0, 0.0, 39.0, 40.0], [-6.0, -11.0, -17.0, 0.0, -24.0, -29.0, 0.0, -35.0, -37.0, -39.0, 0.0, 0.0], [-7.0, -12.0, -18.0, 0.0, -25.0, -30.0, -33.0, -36.0, -38.0, -40.0, 0.0, 0.0]], [[0.0, 0.0, 0.0, 0.0, 0.0, 0.0, 1.0, 2.0, 0.0, 0.0, 3.0, 0.0], [0.0, 0.0, 0.0, 0.0, 0.0, 0.0, 4.0, 5.0, 0.0, 6.0, 7.0, 8.0], [0.0, 0.0, 0.0, 0.0, 9.0, 0.0, 10.0, 11.0, 0.0, 0.0, 12.0, 13.0], [0.0, 0.0, 0.0, 0.0, 14.0, 0.0, 15.0, 16.0, 0.0, 17.0, 18.0, 0.0], [0.0, 0.0, -9.0, -14.0, 0.0, 0.0, 19.0, 20.0, 21.0, 22.0, 0.0, 0.0], [0.0, 0.0, 0.0, 0.0, 0.0, 0.0, 23.0, 24.0, 25.0, 0.0, 26.0, 27.0], [-1.0, -4.0, -10.0, -15.0, -19.0, -23.0, 0.0, 0.0, 28.0, 29.0, 30.0, 31.0], [-2.0, -5.0, -11.0, -16.0, -20.0, -24.0, 0.0, 0.0, 32.0, 0.0, 33.0, 34.0], [0.0, 0.0, 0.0, 0.0, -21.0, -25.0, -28.0, -32.0, 0.0, 35.0, 36.0, 37.0], [0.0, -6.0, 0.0, -17.0, -22.0, 0.0, -29.0, 0.0, -35.0, 0.0, 38.0, 39.0], [-3.0, -7.0, -12.0, -18.0, 0.0, -26.0, -30.0, -33.0, -36.0, -38.0, 0.0, 0.0], [0.0, -8.0, -13.0, 0.0, 0.0, -27.0, -31.0, -34.0, -37.0, -39.0, 0.0, 0.0]], [[0.0, 1.0, 0.0, 2.0, 3.0, 0.0, 4.0, 5.0, 6.0, 0.0, 7.0, 8.0], [-1.0, 0.0, 0.0, 0.0, 0.0, 0.0, 0.0, 9.0, 10.0, 11.0, 12.0, 13.0], [0.0, 0.0, 0.0, 0.0, 0.0, 0.0, 14.0, 0.0, 15.0, 16.0, 17.0, 18.0], [-2.0, 0.0, 0.0, 0.0, 0.0, 0.0, 19.0, 0.0, 0.0, 0.0, 20.0, 21.0], [-3.0, 0.0, 0.0, 0.0, 0.0, 0.0, 22.0, 0.0, 23.0, 24.0, 25.0, 0.0], [0.0, 0.0, 0.0, 0.0, 0.0, 0.0, 26.0, 27.0, 28.0, 0.0, 29.0, 30.0], [-4.0, 0.0, -14.0, -19.0, -22.0, -26.0, 0.0, 31.0, 0.0, 32.0, 33.0, 34.0], [-5.0, -9.0, 0.0, 0.0, 0.0, -27.0, -31.0, 0.0, 35.0, 36.0, 37.0, 38.0], [-6.0, -10.0, -15.0, 0.0, -23.0, -28.0, 0.0, -35.0, 0.0, 39.0, 40.0, 41.0], [0.0, -11.0, -16.0, 0.0, -24.0, 0.0, -32.0, -36.0, -39.0, 0.0, 42.0, 43.0], [-7.0, -12.0, -17.0, -20.0, -25.0, -29.0, -33.0, -37.0, -40.0, -42.0, 0.0, 44.0], [-8.0, -13.0, -18.0, -21.0, 0.0, -30.0, -34.0, -38.0, -41.0, -43.0, -44.0, 0.0]], [[0.0, 0.0, 0.0, 0.0, 1.0, 0.0, 2.0, 3.0, 4.0, 5.0, 6.0, 7.0], [0.0, 0.0, 0.0, 0.0, 0.0, 0.0, 8.0, 9.0, 10.0, 0.0, 11.0, 12.0], [0.0, 0.0, 0.0, 13.0, 0.0, 0.0, 14.0, 15.0, 16.0, 17.0, 0.0, 18.0], [0.0, 0.0, -13.0, 0.0, 0.0, 0.0, 19.0, 0.0, 20.0, 21.0, 0.0, 0.0], [-1.0, 0.0, 0.0, 0.0, 0.0, 0.0, 0.0, 22.0, 23.0, 24.0, 25.0, 0.0], [0.0, 0.0, 0.0, 0.0, 0.0, 0.0, 26.0, 27.0, 28.0, 0.0, 29.0, 30.0], [-2.0, -8.0, -14.0, -19.0, 0.0, -26.0, 0.0, 31.0, 32.0, 33.0, 34.0, 35.0], [-3.0, -9.0, -15.0, 0.0, -22.0, -27.0, -31.0, 0.0, 36.0, 37.0, 38.0, 39.0], [-4.0, -10.0, -16.0, -20.0, -23.0, -28.0, -32.0, -36.0, 0.0, 40.0, 41.0, 42.0], [-5.0, 0.0, -17.0, -21.0, -24.0, 0.0, -33.0, -37.0, -40.0, 0.0, 43.0, 0.0], [-6.0, -11.0, 0.0, 0.0, -25.0, -29.0, -34.0, -38.0, -41.0, -43.0, 0.0, 0.0], [-7.0, -12.0, -18.0, 0.0, 0.0, -30.0, -35.0, -39.0, -42.0, 0.0, 0.0, 0.0]], [[0.0, 0.0, 0.0, 0.0, 0.0, 0.0, 1.0, 2.0, 3.0, 4.0, 5.0, 6.0], [0.0, 0.0, 0.0, 0.0, 0.0, 0.0, 7.0, 8.0, 9.0, 0.0, 10.0, 0.0], [0.0, 0.0, 0.0, 0.0, 0.0, 11.0, 12.0, 13.0, 14.0, 15.0, 0.0, 16.0], [0.0, 0.0, 0.0, 0.0, 17.0, 0.0, 18.0, 0.0, 19.0, 0.0, 20.0, 21.0], [0.0, 0.0, 0.0, -17.0, 0.0, 22.0, 23.0, 24.0, 25.0, 26.0, 27.0, 28.0], [0.0, 0.0, -11.0, 0.0, -22.0, 0.0, 29.0, 0.0, 30.0, 31.0, 32.0, 33.0], [-1.0, -7.0, -12.0, -18.0, -23.0, -29.0, 0.0, 34.0, 35.0, 36.0, 0.0, 0.0], [-2.0, -8.0, -13.0, 0.0, -24.0, 0.0, -34.0, 0.0, 37.0, 38.0, 39.0, 40.0], [-3.0, -9.0, -14.0, -19.0, -25.0, -30.0, -35.0, -37.0, 0.0, 41.0, 42.0, 43.0], [-4.0, 0.0, -15.0, 0.0, -26.0, -31.0, -36.0, -38.0, -41.0, 0.0, 44.0, 45.0], [-5.0, -10.0, 0.0, -20.0, -27.0, -32.0, 0.0, -39.0, -42.0, -44.0, 0.0, 46.0], [-6.0, 0.0, -16.0, -21.0, -28.0, -33.0, 0.0, -40.0, -43.0, -45.0, -46.0, 0.0]], [[0.0, 0.0, 0.0, 0.0, 0.0, 0.0, 1.0, 2.0, 3.0, 4.0, 5.0, 6.0], [0.0, 0.0, 0.0, 0.0, 0.0, 0.0, 7.0, 8.0, 9.0, 10.0, 11.0, 12.0], [0.0, 0.0, 0.0, 0.0, 0.0, 0.0, 13.0, 14.0, 15.0, 16.0, 17.0, 18.0], [0.0, 0.0, 0.0, 0.0, 0.0, 0.0, 0.0, 19.0, 20.0, 21.0, 22.0, 23.0], [0.0, 0.0, 0.0, 0.0, 0.0, 0.0, 24.0, 25.0, 26.0, 0.0, 27.0, 28.0], [0.0, 0.0, 0.0, 0.0, 0.0, 0.0, 0.0, 29.0, 0.0, 30.0, 31.0, 32.0], [-1.0, -7.0, -13.0, 0.0, -24.0, 0.0, 0.0, 33.0, 0.0, 34.0, 35.0, 0.0], [-2.0, -8.0, -14.0, -19.0, -25.0, -29.0, -33.0, 0.0, 36.0, 37.0, 38.0, 39.0], [-3.0, -9.0, -15.0, -20.0, -26.0, 0.0, 0.0, -36.0, 0.0, 40.0, 0.0, 41.0], [-4.0, -10.0, -16.0, -21.0, 0.0, -30.0, -34.0, -37.0, -40.0, 0.0, 42.0, 43.0], [-5.0, -11.0, -17.0, -22.0, -27.0, -31.0, -35.0, -38.0, 0.0, -42.0, 0.0, 0.0], [-6.0, -12.0, -18.0, -23.0, -28.0, -32.0, 0.0, -39.0, -41.0, -43.0, 0.0, 0.0]], [[0.0, 0.0, 0.0, 0.0, 0.0, 0.0, 1.0, 2.0, 3.0, 4.0, 5.0, 0.0], [0.0, 0.0, 0.0, 6.0, 0.0, 0.0, 7.0, 8.0, 9.0, 10.0, 11.0, 12.0], [0.0, 0.0, 0.0, 0.0, 0.0, 0.0, 13.0, 14.0, 15.0, 16.0, 17.0, 18.0], [0.0, -6.0, 0.0, 0.0, 0.0, 0.0, 0.0, 19.0, 20.0, 21.0, 22.0, 23.0], [0.0, 0.0, 0.0, 0.0, 0.0, 24.0, 25.0, 26.0, 27.0, 28.0, 29.0, 30.0], [0.0, 0.0, 0.0, 0.0, -24.0, 0.0, 0.0, 31.0, 32.0, 33.0, 34.0, 35.0], [-1.0, -7.0, -13.0, 0.0, -25.0, 0.0, 0.0, 0.0, 36.0, 37.0, 0.0, 38.0], [-2.0, -8.0, -14.0, -19.0, -26.0, -31.0, 0.0, 0.0, 0.0, 39.0, 40.0, 0.0], [-3.0, -9.0, -15.0, -20.0, -27.0, -32.0, -36.0, 0.0, 0.0, 41.0, 42.0, 43.0], [-4.0, -10.0, -16.0, -21.0, -28.0, -33.0, -37.0, -39.0, -41.0, 0.0, 44.0, 45.0], [-5.0, -11.0, -17.0, -22.0, -29.0, -34.0, 0.0, -40.0, -42.0, -44.0, 0.0, 46.0], [0.0, -12.0, -18.0, -23.0, -30.0, -35.0, -38.0, 0.0, -43.0, -45.0, -46.0, 0.0]], [[0.0, 0.0, 0.0, 0.0, 0.0, 1.0, 2.0, 3.0, 4.0, 5.0, 6.0, 7.0], [0.0, 0.0, 0.0, 0.0, 0.0, 0.0, 8.0, 9.0, 10.0, 11.0, 12.0, 13.0], [0.0, 0.0, 0.0, 0.0, 0.0, 14.0, 15.0, 0.0, 16.0, 17.0, 18.0, 19.0], [0.0, 0.0, 0.0, 0.0, 0.0, 0.0, 20.0, 21.0, 0.0, 22.0, 23.0, 24.0], [0.0, 0.0, 0.0, 0.0, 0.0, 0.0, 25.0, 26.0, 27.0, 28.0, 29.0, 30.0], [-1.0, 0.0, -14.0, 0.0, 0.0, 0.0, 31.0, 32.0, 0.0, 33.0, 34.0, 35.0], [-2.0, -8.0, -15.0, -20.0, -25.0, -31.0, 0.0, 36.0, 37.0, 0.0, 0.0, 38.0], [-3.0, -9.0, 0.0, -21.0, -26.0, -32.0, -36.0, 0.0, 39.0, 40.0, 0.0, 41.0], [-4.0, -10.0, -16.0, 0.0, -27.0, 0.0, -37.0, -39.0, 0.0, 42.0, 43.0, 44.0], [-5.0, -11.0, -17.0, -22.0, -28.0, -33.0, 0.0, -40.0, -42.0, 0.0, 0.0, 45.0], [-6.0, -12.0, -18.0, -23.0, -29.0, -34.0, 0.0, 0.0, -43.0, 0.0, 0.0, 46.0], [-7.0, -13.0, -19.0, -24.0, -30.0, -35.0, -38.0, -41.0, -44.0, -45.0, -46.0, 0.0]], [[0.0, 0.0, 0.0, 0.0, 0.0, 0.0, 1.0, 0.0, 0.0, 2.0, 3.0, 4.0], [0.0, 0.0, 0.0, 0.0, 0.0, 0.0, 5.0, 6.0, 7.0, 8.0, 0.0, 9.0], [0.0, 0.0, 0.0, 0.0, 0.0, 0.0, 36.0, 0.0, 10.0, 0.0, 11.0, 37.0], [0.0, 0.0, 0.0, 0.0, 0.0, 0.0, 12.0, 0.0, 13.0, 14.0, 0.0, 0.0], [0.0, 0.0, 0.0, 0.0, 0.0, 0.0, 15.0, 16.0, 17.0, 0.0, 18.0, 19.0], [0.0, 0.0, 0.0, 0.0, 0.0, 0.0, 20.0, 21.0, 0.0, 22.0, 0.0, 23.0], [-1.0, -5.0, -36.0, -12.0, -15.0, -20.0, 0.0, 24.0, 25.0, 26.0, 27.0, 0.0], [0.0, -6.0, 0.0, 0.0, -16.0, -21.0, -24.0, 0.0, 0.0, 28.0, 29.0, 30.0], [0.0, -7.0, -10.0, -13.0, -17.0, 0.0, -25.0, 0.0, 0.0, 31.0, 32.0, 33.0], [-2.0, -8.0, 0.0, -14.0, 0.0, -22.0, -26.0, -28.0, -31.0, 0.0, 34.0, 0.0], [-3.0, 0.0, -11.0, 0.0, -18.0, 0.0, -27.0, -29.0, -32.0, -34.0, 0.0, 35.0], [-4.0, -9.0, -37.0, 0.0, -19.0, -23.0, 0.0, -30.0, -33.0, 0.0, -35.0, 0.0]], [[0.0, 0.0, 0.0, 0.0, 0.0, 0.0, 1.0, 2.0, 3.0, 4.0, 0.0, 5.0], [0.0, 0.0, 0.0, 0.0, 0.0, 6.0, 7.0, 8.0, 9.0, 10.0, 11.0, 12.0], [0.0, 0.0, 0.0, 0.0, 0.0, 0.0, 0.0, 13.0, 14.0, 0.0, 15.0, 0.0], [0.0, 0.0, 0.0, 0.0, 0.0, 0.0, 0.0, 0.0, 16.0, 17.0, 18.0, 19.0], [0.0, 0.0, 0.0, 0.0, 0.0, 0.0, 20.0, 21.0, 22.0, 23.0, 24.0, 25.0], [0.0, -6.0, 0.0, 0.0, 0.0, 0.0, 0.0, 0.0, 0.0, 26.0, 27.0, 28.0], [-1.0, -7.0, 0.0, 0.0, -20.0, 0.0, 0.0, 29.0, 30.0, 0.0, 31.0, 32.0], [-2.0, -8.0, -13.0, 0.0, -21.0, 0.0, -29.0, 0.0, 33.0, 34.0, 0.0, 35.0], [-3.0, -9.0, -14.0, -16.0, -22.0, 0.0, -30.0, -33.0, 0.0, 0.0, 36.0, 37.0], [-4.0, -10.0, 0.0, -17.0, -23.0, -26.0, 0.0, -34.0, 0.0, 0.0, 38.0, 0.0], [0.0, -11.0, -15.0, -18.0, -24.0, -27.0, -31.0, 0.0, -36.0, -38.0, 0.0, 39.0], [-5.0, -12.0, 0.0, -19.0, -25.0, -28.0, -32.0, -35.0, -37.0, 0.0, -39.0, 0.0]], [[0.0, 0.0, 0.0, 0.0, 38.0, 0.0, 1.0, 2.0, 0.0, 3.0, 4.0, 5.0], [0.0, 0.0, 0.0, 0.0, 0.0, 0.0, 6.0, 0.0, 7.0, 8.0, 9.0, 0.0], [0.0, 0.0, 0.0, 10.0, 0.0, 0.0, 11.0, 12.0, 0.0, 0.0, 13.0, 14.0], [0.0, 0.0, -10.0, 0.0, 0.0, 0.0, 15.0, 16.0, 0.0, 17.0, 0.0, 0.0], [-38.0, 0.0, 0.0, 0.0, 0.0, 0.0, 18.0, 39.0, 0.0, 19.0, 0.0, 0.0], [0.0, 0.0, 0.0, 0.0, 0.0, 0.0, 20.0, 21.0, 22.0, 23.0, 0.0, 24.0], [-1.0, -6.0, -11.0, -15.0, -18.0, -20.0, 0.0, 25.0, 26.0, 27.0, 28.0, 29.0], [-2.0, 0.0, -12.0, -16.0, -39.0, -21.0, -25.0, 0.0, 30.0, 0.0, 31.0, 32.0], [0.0, -7.0, 0.0, 0.0, 0.0, -22.0, -26.0, -30.0, 0.0, 0.0, 33.0, 34.0], [-3.0, -8.0, 0.0, -17.0, -19.0, -23.0, -27.0, 0.0, 0.0, 0.0, 35.0, 36.0], [-4.0, -9.0, -13.0, 0.0, 0.0, 0.0, -28.0, -31.0, -33.0, -35.0, 0.0, 37.0], [-5.0, 0.0, -14.0, 0.0, 0.0, -24.0, -29.0, -32.0, -34.0, -36.0, -37.0, 0.0]], [[0.0, 0.0, 0.0, 0.0, 0.0, 0.0, 0.0, 1.0, 2.0, 0.0, 3.0, 0.0], [0.0, 0.0, 0.0, 0.0, 0.0, 0.0, 4.0, 5.0, 6.0, 7.0, 8.0, 9.0], [0.0, 0.0, 0.0, 0.0, 0.0, 0.0, 10.0, 11.0, 0.0, 12.0, 13.0, 0.0], [0.0, 0.0, 0.0, 0.0, 0.0, 0.0, 14.0, 15.0, 0.0, 16.0, 0.0, 17.0], [0.0, 0.0, 0.0, 0.0, 0.0, 0.0, 0.0, 18.0, 19.0, 20.0, 0.0, 21.0], [0.0, 0.0, 0.0, 0.0, 0.0, 0.0, 0.0, 0.0, 22.0, 23.0, 24.0, 25.0], [0.0, -4.0, -10.0, -14.0, 0.0, 0.0, 0.0, 26.0, 0.0, 27.0, 28.0, 0.0], [-1.0, -5.0, -11.0, -15.0, -18.0, 0.0, -26.0, 0.0, 0.0, 0.0, 29.0, 30.0], [-2.0, -6.0, 0.0, 0.0, -19.0, -22.0, 0.0, 0.0, 0.0, 31.0, 32.0, 33.0], [0.0, -7.0, -12.0, -16.0, -20.0, -23.0, -27.0, 0.0, -31.0, 0.0, 34.0, 35.0], [-3.0, -8.0, -13.0, 0.0, 0.0, -24.0, -28.0, -29.0, -32.0, -34.0, 0.0, 0.0], [0.0, -9.0, 0.0, -17.0, -21.0, -25.0, 0.0, -30.0, -33.0, -35.0, 0.0, 0.0]], [[0.0, 0.0, 0.0, 0.0, 0.0, 0.0, 1.0, 2.0, 0.0, 3.0, 4.0, 5.0], [0.0, 0.0, 0.0, 0.0, 0.0, 0.0, 6.0, 7.0, 8.0, 0.0, 9.0, 10.0], [0.0, 0.0, 0.0, 0.0, 0.0, 0.0, 11.0, 0.0, 12.0, 13.0, 14.0, 15.0], [0.0, 0.0, 0.0, 0.0, 0.0, 0.0, 16.0, 17.0, 18.0, 0.0, 0.0, 19.0], [0.0, 0.0, 0.0, 0.0, 0.0, 0.0, 20.0, 21.0, 22.0, 0.0, 0.0, 23.0], [0.0, 0.0, 0.0, 0.0, 0.0, 0.0, 0.0, 24.0, 25.0, 26.0, 0.0, 27.0], [-1.0, -6.0, -11.0, -16.0, -20.0, 0.0, 0.0, 0.0, 28.0, 29.0, 30.0, 31.0], [-2.0, -7.0, 0.0, -17.0, -21.0, -24.0, 0.0, 0.0, 32.0, 33.0, 34.0, 35.0], [0.0, -8.0, -12.0, -18.0, -22.0, -25.0, -28.0, -32.0, 0.0, 36.0, 37.0, 38.0], [-3.0, 0.0, -13.0, 0.0, 0.0, -26.0, -29.0, -33.0, -36.0, 0.0, 39.0, 40.0], [-4.0, -9.0, -14.0, 0.0, 0.0, 0.0, -30.0, -34.0, -37.0, -39.0, 0.0, 41.0], [-5.0, -10.0, -15.0, -19.0, -23.0, -27.0, -31.0, -35.0, -38.0, -40.0, -41.0, 0.0]], [[0.0, 0.0, 0.0, 0.0, 0.0, 0.0, 0.0, 1.0, 2.0, 3.0, 4.0, 5.0], [0.0, 0.0, 0.0, 0.0, 0.0, 0.0, 6.0, 7.0, 0.0, 8.0, 9.0, 10.0], [0.0, 0.0, 0.0, 0.0, 0.0, 11.0, 12.0, 13.0, 14.0, 15.0, 16.0, 17.0], [0.0, 0.0, 0.0, 0.0, 0.0, 0.0, 18.0, 0.0, 19.0, 20.0, 21.0, 22.0], [0.0, 0.0, 0.0, 0.0, 0.0, 0.0, 23.0, 0.0, 24.0, 25.0, 0.0, 0.0], [0.0, 0.0, -11.0, 0.0, 0.0, 0.0, 26.0, 27.0, 28.0, 0.0, 0.0, 29.0], [0.0, -6.0, -12.0, -18.0, -23.0, -26.0, 0.0, 0.0, 30.0, 31.0, 0.0, 32.0], [-1.0, -7.0, -13.0, 0.0, 0.0, -27.0, 0.0, 0.0, 33.0, 0.0, 34.0, 35.0], [-2.0, 0.0, -14.0, -19.0, -24.0, -28.0, -30.0, -33.0, 0.0, 36.0, 0.0, 37.0], [-3.0, -8.0, -15.0, -20.0, -25.0, 0.0, -31.0, 0.0, -36.0, 0.0, 38.0, 39.0], [-4.0, -9.0, -16.0, -21.0, 0.0, 0.0, 0.0, -34.0, 0.0, -38.0, 0.0, 40.0], [-5.0, -10.0, -17.0, -22.0, 0.0, -29.0, -32.0, -35.0, -37.0, -39.0, -40.0, 0.0]], [[0.0, 0.0, 1.0, 2.0, 0.0, 0.0, 0.0, 3.0, 4.0, 5.0, 6.0, 7.0], [0.0, 0.0, 0.0, 0.0, 0.0, 0.0, 0.0, 8.0, 9.0, 0.0, 0.0, 10.0], [-1.0, 0.0, 0.0, 0.0, 0.0, 11.0, 12.0, 13.0, 14.0, 15.0, 16.0, 17.0], [-2.0, 0.0, 0.0, 0.0, 0.0, 0.0, 0.0, 18.0, 19.0, 20.0, 21.0, 22.0], [0.0, 0.0, 0.0, 0.0, 0.0, 0.0, 23.0, 0.0, 24.0, 25.0, 26.0, 0.0], [0.0, 0.0, -11.0, 0.0, 0.0, 0.0, 27.0, 0.0, 28.0, 29.0, 30.0, 31.0], [0.0, 0.0, -12.0, 0.0, -23.0, -27.0, 0.0, 32.0, 33.0, 34.0, 35.0, 36.0], [-3.0, -8.0, -13.0, -18.0, 0.0, 0.0, -32.0, 0.0, 37.0, 0.0, 38.0, 0.0], [-4.0, -9.0, -14.0, -19.0, -24.0, -28.0, -33.0, -37.0, 0.0, 39.0, 0.0, 40.0], [-5.0, 0.0, -15.0, -20.0, -25.0, -29.0, -34.0, 0.0, -39.0, 0.0, 41.0, 0.0], [-6.0, 0.0, -16.0, -21.0, -26.0, -30.0, -35.0, -38.0, 0.0, -41.0, 0.0, 42.0], [-7.0, -10.0, -17.0, -22.0, 0.0, -31.0, -36.0, 0.0, -40.0, 0.0, -42.0, 0.0]], [[0.0, 0.0, 0.0, 0.0, 0.0, 0.0, 1.0, 2.0, 0.0, 3.0, 4.0, 5.0], [0.0, 0.0, 0.0, 0.0, 0.0, 0.0, 6.0, 7.0, 8.0, 9.0, 10.0, 0.0], [0.0, 0.0, 0.0, 0.0, 0.0, 0.0, 11.0, 12.0, 0.0, 13.0, 14.0, 15.0], [0.0, 0.0, 0.0, 0.0, 0.0, 0.0, 16.0, 0.0, 0.0, 0.0, 17.0, 18.0], [0.0, 0.0, 0.0, 0.0, 0.0, 19.0, 0.0, 0.0, 20.0, 21.0, 22.0, 0.0], [0.0, 0.0, 0.0, 0.0, -19.0, 0.0, 23.0, 24.0, 25.0, 26.0, 27.0, 0.0], [-1.0, -6.0, -11.0, -16.0, 0.0, -23.0, 0.0, 0.0, 28.0, 0.0, 29.0, 30.0], [-2.0, -7.0, -12.0, 0.0, 0.0, -24.0, 0.0, 0.0, 31.0, 32.0, 33.0, 34.0], [0.0, -8.0, 0.0, 0.0, -20.0, -25.0, -28.0, -31.0, 0.0, 35.0, 36.0, 37.0], [-3.0, -9.0, -13.0, 0.0, -21.0, -26.0, 0.0, -32.0, -35.0, 0.0, 38.0, 0.0], [-4.0, -10.0, -14.0, -17.0, -22.0, -27.0, -29.0, -33.0, -36.0, -38.0, 0.0, 39.0], [-5.0, 0.0, -15.0, -18.0, 0.0, 0.0, -30.0, -34.0, -37.0, 0.0, -39.0, 0.0]], [[0.0, 1.0, 0.0, 0.0, 0.0, 0.0, 0.0, 0.0, 2.0, 3.0, 4.0, 5.0], [-1.0, 0.0, 0.0, 0.0, 0.0, 6.0, 7.0, 8.0, 9.0, 10.0, 11.0, 12.0], [0.0, 0.0, 0.0, 0.0, 0.0, 0.0, 13.0, 14.0, 15.0, 16.0, 17.0, 0.0], [0.0, 0.0, 0.0, 0.0, 0.0, 0.0, 18.0, 19.0, 20.0, 21.0, 22.0, 23.0], [0.0, 0.0, 0.0, 0.0, 0.0, 0.0, 24.0, 0.0, 25.0, 0.0, 0.0, 26.0], [0.0, -6.0, 0.0, 0.0, 0.0, 0.0, 27.0, 28.0, 29.0, 0.0, 30.0, 31.0], [0.0, -7.0, -13.0, -18.0, -24.0, -27.0, 0.0, 32.0, 33.0, 34.0, 0.0, 35.0], [0.0, -8.0, -14.0, -19.0, 0.0, -28.0, -32.0, 0.0, 0.0, 36.0, 37.0, 38.0], [-2.0, -9.0, -15.0, -20.0, -25.0, -29.0, -33.0, 0.0, 0.0, 39.0, 40.0, 0.0], [-3.0, -10.0, -16.0, -21.0, 0.0, 0.0, -34.0, -36.0, -39.0, 0.0, 41.0, 42.0], [-4.0, -11.0, -17.0, -22.0, 0.0, -30.0, 0.0, -37.0, -40.0, -41.0, 0.0, 0.0], [-5.0, -12.0, 0.0, -23.0, -26.0, -31.0, -35.0, -38.0, 0.0, -42.0, 0.0, 0.0]], [[0.0, 0.0, 0.0, 0.0, 0.0, 0.0, 1.0, 0.0, 0.0, 2.0, 3.0, 4.0], [0.0, 0.0, 0.0, 5.0, 0.0, 0.0, 6.0, 7.0, 8.0, 9.0, 10.0, 0.0], [0.0, 0.0, 0.0, 0.0, 0.0, 0.0, 11.0, 12.0, 0.0, 13.0, 14.0, 0.0], [0.0, -5.0, 0.0, 0.0, 0.0, 0.0, 15.0, 0.0, 16.0, 0.0, 0.0, 0.0], [0.0, 0.0, 0.0, 0.0, 0.0, 0.0, 17.0, 18.0, 19.0, 20.0, 0.0, 21.0], [0.0, 0.0, 0.0, 0.0, 0.0, 0.0, 22.0, 23.0, 24.0, 25.0, 26.0, 27.0], [-1.0, -6.0, -11.0, -15.0, -17.0, -22.0, 0.0, 28.0, 29.0, 30.0, 31.0, 32.0], [0.0, -7.0, -12.0, 0.0, -18.0, -23.0, -28.0, 0.0, 33.0, 34.0, 35.0, 36.0], [0.0, -8.0, 0.0, -16.0, -19.0, -24.0, -29.0, -33.0, 0.0, 37.0, 38.0, 39.0], [-2.0, -9.0, -13.0, 0.0, -20.0, -25.0, -30.0, -34.0, -37.0, 0.0, 40.0, 41.0], [-3.0, -10.0, -14.0, 0.0, 0.0, -26.0, -31.0, -35.0, -38.0, -40.0, 0.0, 42.0], [-4.0, 0.0, 0.0, 0.0, -21.0, -27.0, -32.0, -36.0, -39.0, -41.0, -42.0, 0.0]], [[0.0, 0.0, 0.0, 0.0, 0.0, 1.0, 2.0, 3.0, 0.0, 4.0, 5.0, 6.0], [0.0, 0.0, 0.0, 0.0, 0.0, 0.0, 7.0, 8.0, 9.0, 10.0, 11.0, 12.0], [0.0, 0.0, 0.0, 0.0, 0.0, 0.0, 13.0, 14.0, 15.0, 0.0, 16.0, 17.0], [0.0, 0.0, 0.0, 0.0, 0.0, 0.0, 18.0, 19.0, 20.0, 21.0, 22.0, 0.0], [0.0, 0.0, 0.0, 0.0, 0.0, 0.0, 23.0, 24.0, 25.0, 0.0, 0.0, 26.0], [-1.0, 0.0, 0.0, 0.0, 0.0, 0.0, 27.0, 0.0, 28.0, 0.0, 29.0, 0.0], [-2.0, -7.0, -13.0, -18.0, -23.0, -27.0, 0.0, 30.0, 31.0, 32.0, 33.0, 34.0], [-3.0, -8.0, -14.0, -19.0, -24.0, 0.0, -30.0, 0.0, 35.0, 36.0, 37.0, 38.0], [0.0, -9.0, -15.0, -20.0, -25.0, -28.0, -31.0, -35.0, 0.0, 39.0, 40.0, 41.0], [-4.0, -10.0, 0.0, -21.0, 0.0, 0.0, -32.0, -36.0, -39.0, 0.0, 42.0, 43.0], [-5.0, -11.0, -16.0, -22.0, 0.0, -29.0, -33.0, -37.0, -40.0, -42.0, 0.0, 44.0], [-6.0, -12.0, -17.0, 0.0, -26.0, 0.0, -34.0, -38.0, -41.0, -43.0, -44.0, 0.0]], [[0.0, 0.0, 0.0, 0.0, 0.0, 1.0, 2.0, 3.0, 4.0, 5.0, 6.0, 7.0], [0.0, 0.0, 0.0, 0.0, 0.0, 8.0, 0.0, 0.0, 9.0, 10.0, 11.0, 0.0], [0.0, 0.0, 0.0, 0.0, 0.0, 0.0, 12.0, 13.0, 14.0, 15.0, 0.0, 0.0], [0.0, 0.0, 0.0, 0.0, 16.0, 0.0, 0.0, 17.0, 18.0, 0.0, 19.0, 20.0], [0.0, 0.0, 0.0, -16.0, 0.0, 0.0, 21.0, 22.0, 23.0, 24.0, 25.0, 26.0], [-1.0, -8.0, 0.0, 0.0, 0.0, 0.0, 0.0, 27.0, 28.0, 29.0, 30.0, 31.0], [-2.0, 0.0, -12.0, 0.0, -21.0, 0.0, 0.0, 32.0, 33.0, 0.0, 34.0, 35.0], [-3.0, 0.0, -13.0, -17.0, -22.0, -27.0, -32.0, 0.0, 0.0, 36.0, 37.0, 38.0], [-4.0, -9.0, -14.0, -18.0, -23.0, -28.0, -33.0, 0.0, 0.0, 0.0, 39.0, 40.0], [-5.0, -10.0, -15.0, 0.0, -24.0, -29.0, 0.0, -36.0, 0.0, 0.0, 0.0, 41.0], [-6.0, -11.0, 0.0, -19.0, -25.0, -30.0, -34.0, -37.0, -39.0, 0.0, 0.0, 0.0], [-7.0, 0.0, 0.0, -20.0, -26.0, -31.0, -35.0, -38.0, -40.0, -41.0, 0.0, 0.0]], [[0.0, 0.0, 0.0, 0.0, 0.0, 0.0, 1.0, 2.0, 3.0, 4.0, 5.0, 6.0], [0.0, 0.0, 0.0, 0.0, 0.0, 0.0, 7.0, 8.0, 9.0, 0.0, 10.0, 0.0], [0.0, 0.0, 0.0, 0.0, 0.0, 0.0, 11.0, 12.0, 13.0, 14.0, 0.0, 15.0], [0.0, 0.0, 0.0, 0.0, 0.0, 16.0, 17.0, 18.0, 19.0, 20.0, 21.0, 22.0], [0.0, 0.0, 0.0, 0.0, 0.0, 0.0, 23.0, 24.0, 25.0, 26.0, 0.0, 27.0], [0.0, 0.0, 0.0, -16.0, 0.0, 0.0, 28.0, 29.0, 30.0, 0.0, 0.0, 31.0], [-1.0, -7.0, -11.0, -17.0, -23.0, -28.0, 0.0, 32.0, 33.0, 34.0, 35.0, 0.0], [-2.0, -8.0, -12.0, -18.0, -24.0, -29.0, -32.0, 0.0, 0.0, 36.0, 37.0, 38.0], [-3.0, -9.0, -13.0, -19.0, -25.0, -30.0, -33.0, 0.0, 0.0, 0.0, 39.0, 40.0], [-4.0, 0.0, -14.0, -20.0, -26.0, 0.0, -34.0, -36.0, 0.0, 0.0, 41.0, 0.0], [-5.0, -10.0, 0.0, -21.0, 0.0, 0.0, -35.0, -37.0, -39.0, -41.0, 0.0, 42.0], [-6.0, 0.0, -15.0, -22.0, -27.0, -31.0, 0.0, -38.0, -40.0, 0.0, -42.0, 0.0]], [[0.0, 0.0, 0.0, 0.0, 0.0, 0.0, 1.0, 2.0, 3.0, 0.0, 4.0, 5.0], [0.0, 0.0, 0.0, 0.0, 0.0, 0.0, 6.0, 7.0, 8.0, 9.0, 0.0, 10.0], [0.0, 0.0, 0.0, 0.0, 0.0, 0.0, 11.0, 0.0, 12.0, 13.0, 14.0, 15.0], [0.0, 0.0, 0.0, 0.0, 0.0, 16.0, 17.0, 18.0, 19.0, 20.0, 0.0, 21.0], [0.0, 0.0, 0.0, 0.0, 0.0, 0.0, 22.0, 0.0, 23.0, 24.0, 25.0, 26.0], [0.0, 0.0, 0.0, -16.0, 0.0, 0.0, 27.0, 28.0, 29.0, 30.0, 31.0, 32.0], [-1.0, -6.0, -11.0, -17.0, -22.0, -27.0, 0.0, 33.0, 0.0, 34.0, 0.0, 35.0], [-2.0, -7.0, 0.0, -18.0, 0.0, -28.0, -33.0, 0.0, 0.0, 0.0, 0.0, 36.0], [-3.0, -8.0, -12.0, -19.0, -23.0, -29.0, 0.0, 0.0, 0.0, 37.0, 38.0, 39.0], [0.0, -9.0, -13.0, -20.0, -24.0, -30.0, -34.0, 0.0, -37.0, 0.0, 40.0, 0.0], [-4.0, 0.0, -14.0, 0.0, -25.0, -31.0, 0.0, 0.0, -38.0, -40.0, 0.0, 0.0], [-5.0, -10.0, -15.0, -21.0, -26.0, -32.0, -35.0, -36.0, -39.0, 0.0, 0.0, 0.0]], [[0.0, 0.0, 0.0, 0.0, 0.0, 0.0, 1.0, 2.0, 3.0, 4.0, 5.0, 6.0], [0.0, 0.0, 0.0, 0.0, 0.0, 0.0, 7.0, 8.0, 9.0, 10.0, 11.0, 12.0], [0.0, 0.0, 0.0, 0.0, 0.0, 0.0, 0.0, 13.0, 0.0, 14.0, 15.0, 16.0], [0.0, 0.0, 0.0, 0.0, 0.0, 0.0, 17.0, 18.0, 19.0, 0.0, 20.0, 0.0], [0.0, 0.0, 0.0, 0.0, 0.0, 21.0, 22.0, 0.0, 23.0, 24.0, 25.0, 26.0], [0.0, 0.0, 0.0, 0.0, -21.0, 0.0, 27.0, 28.0, 29.0, 0.0, 30.0, 0.0], [-1.0, -7.0, 0.0, -17.0, -22.0, -27.0, 0.0, 31.0, 32.0, 33.0, 34.0, 35.0], [-2.0, -8.0, -13.0, -18.0, 0.0, -28.0, -31.0, 0.0, 36.0, 37.0, 38.0, 39.0], [-3.0, -9.0, 0.0, -19.0, -23.0, -29.0, -32.0, -36.0, 0.0, 40.0, 41.0, 42.0], [-4.0, -10.0, -14.0, 0.0, -24.0, 0.0, -33.0, -37.0, -40.0, 0.0, 43.0, 44.0], [-5.0, -11.0, -15.0, -20.0, -25.0, -30.0, -34.0, -38.0, -41.0, -43.0, 0.0, 0.0], [-6.0, -12.0, -16.0, 0.0, -26.0, 0.0, -35.0, -39.0, -42.0, -44.0, 0.0, 0.0]], [[0.0, 0.0, 1.0, 0.0, 0.0, 0.0, 2.0, 0.0, 3.0, 4.0, 5.0, 6.0], [0.0, 0.0, 0.0, 7.0, 0.0, 0.0, 0.0, 8.0, 9.0, 10.0, 11.0, 12.0], [-1.0, 0.0, 0.0, 0.0, 0.0, 0.0, 13.0, 14.0, 0.0, 15.0, 16.0, 17.0], [0.0, -7.0, 0.0, 0.0, 0.0, 0.0, 18.0, 19.0, 20.0, 21.0, 22.0, 0.0], [0.0, 0.0, 0.0, 0.0, 0.0, 0.0, 23.0, 0.0, 0.0, 0.0, 24.0, 25.0], [0.0, 0.0, 0.0, 0.0, 0.0, 0.0, 26.0, 27.0, 28.0, 29.0, 0.0, 30.0], [-2.0, 0.0, -13.0, -18.0, -23.0, -26.0, 0.0, 31.0, 0.0, 32.0, 33.0, 34.0], [0.0, -8.0, -14.0, -19.0, 0.0, -27.0, -31.0, 0.0, 35.0, 36.0, 37.0, 38.0], [-3.0, -9.0, 0.0, -20.0, 0.0, -28.0, 0.0, -35.0, 0.0, 39.0, 40.0, 41.0], [-4.0, -10.0, -15.0, -21.0, 0.0, -29.0, -32.0, -36.0, -39.0, 0.0, 42.0, 43.0], [-5.0, -11.0, -16.0, -22.0, -24.0, 0.0, -33.0, -37.0, -40.0, -42.0, 0.0, 44.0], [-6.0, -12.0, -17.0, 0.0, -25.0, -30.0, -34.0, -38.0, -41.0, -43.0, -44.0, 0.0]], [[0.0, 0.0, 0.0, 40.0, 0.0, 0.0, 1.0, 2.0, 3.0, 4.0, 5.0, 0.0], [0.0, 0.0, 0.0, 0.0, 0.0, 0.0, 0.0, 0.0, 6.0, 7.0, 8.0, 0.0], [0.0, 0.0, 0.0, 0.0, 0.0, 0.0, 9.0, 10.0, 11.0, 12.0, 13.0, 14.0], [-40.0, 0.0, 0.0, 0.0, 0.0, 0.0, 15.0, 0.0, 16.0, 0.0, 0.0, 41.0], [0.0, 0.0, 0.0, 0.0, 0.0, 0.0, 17.0, 18.0, 19.0, 20.0, 21.0, 22.0], [0.0, 0.0, 0.0, 0.0, 0.0, 0.0, 23.0, 24.0, 25.0, 26.0, 27.0, 28.0], [-1.0, 0.0, -9.0, -15.0, -17.0, -23.0, 0.0, 0.0, 29.0, 30.0, 31.0, 32.0], [-2.0, 0.0, -10.0, 0.0, -18.0, -24.0, 0.0, 0.0, 33.0, 34.0, 35.0, 0.0], [-3.0, -6.0, -11.0, -16.0, -19.0, -25.0, -29.0, -33.0, 0.0, 36.0, 0.0, 37.0], [-4.0, -7.0, -12.0, 0.0, -20.0, -26.0, -30.0, -34.0, -36.0, 0.0, 0.0, 38.0], [-5.0, -8.0, -13.0, 0.0, -21.0, -27.0, -31.0, -35.0, 0.0, 0.0, 0.0, 39.0], [0.0, 0.0, -14.0, -41.0, -22.0, -28.0, -32.0, 0.0, -37.0, -38.0, -39.0, 0.0]], [[0.0, 0.0, 0.0, 1.0, 0.0, 0.0, 2.0, 3.0, 4.0, 5.0, 6.0, 7.0], [0.0, 0.0, 8.0, 0.0, 0.0, 0.0, 0.0, 9.0, 0.0, 10.0, 0.0, 11.0], [0.0, -8.0, 0.0, 0.0, 0.0, 0.0, 12.0, 13.0, 0.0, 14.0, 15.0, 16.0], [-1.0, 0.0, 0.0, 0.0, 0.0, 0.0, 17.0, 18.0, 19.0, 0.0, 0.0, 0.0], [0.0, 0.0, 0.0, 0.0, 0.0, 0.0, 20.0, 0.0, 0.0, 21.0, 22.0, 23.0], [0.0, 0.0, 0.0, 0.0, 0.0, 0.0, 24.0, 25.0, 0.0, 26.0, 27.0, 28.0], [-2.0, 0.0, -12.0, -17.0, -20.0, -24.0, 0.0, 29.0, 30.0, 31.0, 32.0, 33.0], [-3.0, -9.0, -13.0, -18.0, 0.0, -25.0, -29.0, 0.0, 34.0, 0.0, 35.0, 0.0], [-4.0, 0.0, 0.0, -19.0, 0.0, 0.0, -30.0, -34.0, 0.0, 36.0, 0.0, 37.0], [-5.0, -10.0, -14.0, 0.0, -21.0, -26.0, -31.0, 0.0, -36.0, 0.0, 38.0, 39.0], [-6.0, 0.0, -15.0, 0.0, -22.0, -27.0, -32.0, -35.0, 0.0, -38.0, 0.0, 40.0], [-7.0, -11.0, -16.0, 0.0, -23.0, -28.0, -33.0, 0.0, -37.0, -39.0, -40.0, 0.0]], [[0.0, 1.0, 0.0, 0.0, 0.0, 0.0, 0.0, 2.0, 3.0, 0.0, 4.0, 5.0], [-1.0, 0.0, 0.0, 0.0, 0.0, 6.0, 7.0, 8.0, 9.0, 10.0, 11.0, 12.0], [0.0, 0.0, 0.0, 0.0, 13.0, 0.0, 0.0, 14.0, 15.0, 16.0, 17.0, 18.0], [0.0, 0.0, 0.0, 0.0, 0.0, 0.0, 19.0, 20.0, 21.0, 22.0, 23.0, 24.0], [0.0, 0.0, -13.0, 0.0, 0.0, 0.0, 25.0, 0.0, 0.0, 26.0, 27.0, 0.0], [0.0, -6.0, 0.0, 0.0, 0.0, 0.0, 0.0, 28.0, 29.0, 0.0, 30.0, 31.0], [0.0, -7.0, 0.0, -19.0, -25.0, 0.0, 0.0, 0.0, 32.0, 0.0, 0.0, 33.0], [-2.0, -8.0, -14.0, -20.0, 0.0, -28.0, 0.0, 0.0, 34.0, 35.0, 0.0, 0.0], [-3.0, -9.0, -15.0, -21.0, 0.0, -29.0, -32.0, -34.0, 0.0, 0.0, 36.0, 37.0], [0.0, -10.0, -16.0, -22.0, -26.0, 0.0, 0.0, -35.0, 0.0, 0.0, 38.0, 39.0], [-4.0, -11.0, -17.0, -23.0, -27.0, -30.0, 0.0, 0.0, -36.0, -38.0, 0.0, 40.0], [-5.0, -12.0, -18.0, -24.0, 0.0, -31.0, -33.0, 0.0, -37.0, -39.0, -40.0, 0.0]], [[0.0, 0.0, 0.0, 0.0, 0.0, 0.0, 1.0, 0.0, 2.0, 3.0, 0.0, 0.0], [0.0, 0.0, 0.0, 0.0, 0.0, 0.0, 4.0, 0.0, 5.0, 0.0, 0.0, 6.0], [0.0, 0.0, 0.0, 7.0, 0.0, 0.0, 8.0, 9.0, 10.0, 11.0, 12.0, 13.0], [0.0, 0.0, -7.0, 0.0, 0.0, 0.0, 14.0, 15.0, 16.0, 17.0, 18.0, 0.0], [0.0, 0.0, 0.0, 0.0, 0.0, 0.0, 19.0, 20.0, 21.0, 0.0, 22.0, 23.0], [0.0, 0.0, 0.0, 0.0, 0.0, 0.0, 24.0, 25.0, 0.0, 26.0, 27.0, 28.0], [-1.0, -4.0, -8.0, -14.0, -19.0, -24.0, 0.0, 29.0, 30.0, 31.0, 32.0, 33.0], [0.0, 0.0, -9.0, -15.0, -20.0, -25.0, -29.0, 0.0, 0.0, 34.0, 35.0, 36.0], [-2.0, -5.0, -10.0, -16.0, -21.0, 0.0, -30.0, 0.0, 0.0, 37.0, 38.0, 39.0], [-3.0, 0.0, -11.0, -17.0, 0.0, -26.0, -31.0, -34.0, -37.0, 0.0, 0.0, 40.0], [0.0, 0.0, -12.0, -18.0, -22.0, -27.0, -32.0, -35.0, -38.0, 0.0, 0.0, 41.0], [0.0, -6.0, -13.0, 0.0, -23.0, -28.0, -33.0, -36.0, -39.0, -40.0, -41.0, 0.0]], [[0.0, 0.0, 0.0, 0.0, 0.0, 1.0, 0.0, 2.0, 3.0, 4.0, 5.0, 6.0], [0.0, 0.0, 0.0, 0.0, 0.0, 0.0, 7.0, 8.0, 9.0, 10.0, 11.0, 12.0], [0.0, 0.0, 0.0, 0.0, 0.0, 0.0, 13.0, 14.0, 15.0, 16.0, 17.0, 0.0], [0.0, 0.0, 0.0, 0.0, 0.0, 0.0, 18.0, 19.0, 20.0, 21.0, 22.0, 23.0], [0.0, 0.0, 0.0, 0.0, 0.0, 0.0, 0.0, 0.0, 24.0, 25.0, 26.0, 27.0], [-1.0, 0.0, 0.0, 0.0, 0.0, 0.0, 28.0, 29.0, 0.0, 30.0, 0.0, 31.0], [0.0, -7.0, -13.0, -18.0, 0.0, -28.0, 0.0, 32.0, 33.0, 34.0, 35.0, 36.0], [-2.0, -8.0, -14.0, -19.0, 0.0, -29.0, -32.0, 0.0, 37.0, 38.0, 0.0, 39.0], [-3.0, -9.0, -15.0, -20.0, -24.0, 0.0, -33.0, -37.0, 0.0, 40.0, 41.0, 42.0], [-4.0, -10.0, -16.0, -21.0, -25.0, -30.0, -34.0, -38.0, -40.0, 0.0, 43.0, 44.0], [-5.0, -11.0, -17.0, -22.0, -26.0, 0.0, -35.0, 0.0, -41.0, -43.0, 0.0, 0.0], [-6.0, -12.0, 0.0, -23.0, -27.0, -31.0, -36.0, -39.0, -42.0, -44.0, 0.0, 0.0]], [[0.0, 0.0, 0.0, 0.0, 0.0, 0.0, 0.0, 1.0, 2.0, 3.0, 4.0, 5.0], [0.0, 0.0, 0.0, 0.0, 0.0, 0.0, 0.0, 6.0, 7.0, 8.0, 9.0, 0.0], [0.0, 0.0, 0.0, 10.0, 0.0, 0.0, 11.0, 12.0, 13.0, 14.0, 15.0, 0.0], [0.0, 0.0, -10.0, 0.0, 0.0, 0.0, 16.0, 17.0, 0.0, 18.0, 19.0, 20.0], [0.0, 0.0, 0.0, 0.0, 0.0, 0.0, 21.0, 22.0, 23.0, 24.0, 25.0, 26.0], [0.0, 0.0, 0.0, 0.0, 0.0, 0.0, 0.0, 27.0, 28.0, 29.0, 30.0, 31.0], [0.0, 0.0, -11.0, -16.0, -21.0, 0.0, 0.0, 32.0, 0.0, 33.0, 34.0, 35.0], [-1.0, -6.0, -12.0, -17.0, -22.0, -27.0, -32.0, 0.0, 36.0, 37.0, 38.0, 39.0], [-2.0, -7.0, -13.0, 0.0, -23.0, -28.0, 0.0, -36.0, 0.0, 40.0, 41.0, 42.0], [-3.0, -8.0, -14.0, -18.0, -24.0, -29.0, -33.0, -37.0, -40.0, 0.0, 43.0, 44.0], [-4.0, -9.0, -15.0, -19.0, -25.0, -30.0, -34.0, -38.0, -41.0, -43.0, 0.0, 45.0], [-5.0, 0.0, 0.0, -20.0, -26.0, -31.0, -35.0, -39.0, -42.0, -44.0, -45.0, 0.0]]]