[[[0, 1, 0, 0, 0, 0, 0, 0, 0, 2, 0, 3, 4, 0, 5, 6, 7, 8], [-1, 0, 0, 0, 0, 0, 9, 0, 0, 10, 11, 0, 12, 0, 13, 14, 15, 16], [0, 0, 0, 0, 0, 0, 0, 17, 18, 19, 20, 0, 21, 22, 23, 24, 25, 26], [0, 0, 0, 0, 0, 27, 0, 0, 0, 28, 29, 30, 31, 32, 0, 0, 33, 34], [0, 0, 0, 0, 0, 0, 0, 0, 0, 35, 36, 0, 37, 38, 0, 39, 40, 41], [0, 0, 0, -27, 0, 0, 42, 0, 0, 43, 44, 45, 0, 46, 47, 48, 49, 50], [0, -9, 0, 0, 0, -42, 0, 0, 0, 51, 52, 53, 54, 55, 56, 57, 58, 0], [0, 0, -17, 0, 0, 0, 0, 0, 0, 59, 60, 61, 0, 62, 63, 64, 65, 66], [0, 0, -18, 0, 0, 0, 0, 0, 0, 0, 0, 67, 68, 69, 70, 0, 71, 72], [-2, -10, -19, -28, -35, -43, -51, -59, 0, 0, 73, 74, 75, 76, 77, 78, 0, 0], [0, -11, -20, -29, -36, -44, -52, -60, 0, -73, 0, 79, 0, 80, 0, 81, 82, 0], [-3, 0, 0, -30, 0, -45, -53, -61, -67, -74, -79, 0, 83, 0, 84, 85, 86, 87], [-4, -12, -21, -31, -37, 0, -54, 0, -68, -75, 0, -83, 0, 88, 89, 90, 91, 92], [0, 0, -22, -32, -38, -46, -55, -62, -69, -76, -80, 0, -88, 0, 93, 0, 94, 0], [-5, -13, -23, 0, 0, -47, -56, -63, -70, -77, 0, -84, -89, -93, 0, 95, 96, 97], [-6, -14, -24, 0, -39, -48, -57, -64, 0, -78, -81, -85, -90, 0, -95, 0, 0, 98], [-7, -15, -25, -33, -40, -49, -58, -65, -71, 0, -82, -86, -91, -94, -96, 0, 0, 99], [-8, -16, -26, -34, -41, -50, 0, -66, -72, 0, 0, -87, -92, 0, -97, -98, -99, 0]], [[0, 0, 0, 1, 0, 0, 0, 0, 0, 0, 2, 3, 4, 0, 0, 5, 0, 6], [0, 0, 0, 0, 0, 0, 0, 0, 0, 7, 8, 9, 10, 11, 0, 0, 0, 12], [0, 0, 0, 0, 0, 0, 0, 0, 0, 13, 14, 0, 15, 16, 0, 17, 18, 19], [-1, 0, 0, 0, 0, 0, 0, 0, 0, 20, 21, 22, 0, 23, 24, 25, 26, 27], [0, 0, 0, 0, 0, 0, 0, 0, 0, 28, 29, 30, 31, 32, 33, 34, 35, 36], [0, 0, 0, 0, 0, 0, 0, 0, 0, 37, 0, 38, 39, 40, 41, 42, 43, 44], [0, 0, 0, 0, 0, 0, 0, 45, 0, 46, 47, 48, 49, 50, 0, 51, 0, 52], [0, 0, 0, 0, 0, 0, -45, 0, 0, 0, 53, 54, 0, 55, 56, 57, 58, 59], [0, 0, 0, 0, 0, 0, 0, 0, 0, 60, 61, 62, 63, 64, 65, 66, 0, 67], [0, -7, -13, -20, -28, -37, -46, 0, -60, 0, 68, 69, 70, 71, 0, 72, 73, 0], [-2, -8, -14, -21, -29, 0, -47, -53, -61, -68, 0, 0, 74, 75, 76, 77, 78, 79], [-3, -9, 0, -22, -30, -38, -48, -54, -62, -69, 0, 0, 80, 81, 82, 83, 84, 85], [-4, -10, -15, 0, -31, -39, -49, 0, -63, -70, -74, -80, 0, 86, 0, 87, 88, 89], [0, -11, -16, -23, -32, -40, -50, -55, -64, -71, -75, -81, -86, 0, 90, 0, 0, 91], [0, 0, 0, -24, -33, -41, 0, -56, -65, 0, -76, -82, 0, -90, 0, 92, 93, 94], [-5, 0, -17, -25, -34, -42, -51, -57, -66, -72, -77, -83, -87, 0, -92, 0, 95, 96], [0, 0, -18, -26, -35, -43, 0, -58, 0, -73, -78, -84, -88, 0, -93, -95, 0, 97], [-6, -12, -19, -27, -36, -44, -52, -59, -67, 0, -79, -85, -89, -91, -94, -96, -97, 0]], [[0, 0, 1, 0, 0, 0, 0, 0, 0, 2, 3, 4, 5, 6, 7, 8, 9, 10], [0, 0, 11, 12, 0, 0, 0, 0, 0, 13, 14, 15, 0, 0, 16, 17, 0, 18], [-1, -11, 0, 0, 0, 0, 0, 0, 0, 19, 20, 21, 22, 23, 24, 25, 26, 27], [0, -12, 0, 0, 0, 28, 0, 0, 0, 29, 30, 31, 0, 32, 33, 34, 0, 35], [0, 0, 0, 0, 0, 0, 0, 0, 0, 36, 37, 38, 39, 40, 0, 41, 42, 0], [0, 0, 0, -28, 0, 0, 0, 0, 0, 43, 44, 45, 46, 47, 48, 49, 0, 50], [0, 0, 0, 0, 0, 0, 0, 0, 0, 51, 52, 53, 54, 55, 56, 57, 0, 58], [0, 0, 0, 0, 0, 0, 0, 0, 0, 59, 0, 60, 61, 62, 63, 64, 0, 65], [0, 0, 0, 0, 0, 0, 0, 0, 0, 66, 67, 68, 69, 70, 71, 72, 73, 74], [-2, -13, -19, -29, -36, -43, -51, -59, -66, 0, 75, 76, 77, 78, 79, 80, 0, 81], [-3, -14, -20, -30, -37, -44, -52, 0, -67, -75, 0, 82, 0, 0, 83, 0, 0, 84], [-4, -15, -21, -31, -38, -45, -53, -60, -68, -76, -82, 0, 85, 0, 86, 87, 88, 0], [-5, 0, -22, 0, -39, -46, -54, -61, -69, -77, 0, -85, 0, 89, 90, 91, 92, 0], [-6, 0, -23, -32, -40, -47, -55, -62, -70, -78, 0, 0, -89, 0, 93, 94, 95, 96], [-7, -16, -24, -33, 0, -48, -56, -63, -71, -79, -83, -86, -90, -93, 0, 0, 97, 98], [-8, -17, -25, -34, -41, -49, -57, -64, -72, -80, 0, -87, -91, -94, 0, 0, 99, 100], [-9, 0, -26, 0, -42, 0, 0, 0, -73, 0, 0, -88, -92, -95, -97, -99, 0, 101], [-10, -18, -27, -35, 0, -50, -58, -65, -74, -81, -84, 0, 0, -96, -98, -100, -101, 0]], [[0, 0, 0, 0, 0, 0, 0, 0, 0, 1, 2, 3, 4, 5, 6, 7, 8, 9], [0, 0, 0, 0, 0, 10, 0, 0, 0, 11, 12, 0, 13, 0, 14, 15, 16, 17], [0, 0, 0, 18, 19, 0, 0, 0, 0, 20, 21, 22, 23, 24, 25, 0, 26, 27], [0, 0, -18, 0, 0, 28, 0, 0, 29, 30, 0, 0, 0, 31, 0, 32, 33, 0], [0, 0, -19, 0, 0, 0, 34, 35, 0, 36, 37, 0, 38, 39, 40, 41, 0, 42], [0, -10, 0, -28, 0, 0, 0, 0, 0, 43, 44, 45, 46, 47, 48, 49, 50, 51], [0, 0, 0, 0, -34, 0, 0, 0, 0, 52, 0, 53, 54, 55, 56, 57, 58, 0], [0, 0, 0, 0, -35, 0, 0, 0, 0, 59, 60, 61, 62, 0, 0, 63, 64, 65], [0, 0, 0, -29, 0, 0, 0, 0, 0, 66, 67, 68, 69, 70, 71, 72, 73, 74], [-1, -11, -20, -30, -36, -43, -52, -59, -66, 0, 0, 75, 76, 0, 77, 78, 79, 80], [-2, -12, -21, 0, -37, -44, 0, -60, -67, 0, 0, 81, 82, 83, 84, 85, 86, 87], [-3, 0, -22, 0, 0, -45, -53, -61, -68, -75, -81, 0, 88, 0, 89, 90, 91, 92], [-4, -13, -23, 0, -38, -46, -54, -62, -69, -76, -82, -88, 0, 93, 94, 0, 95, 0], [-5, 0, -24, -31, -39, -47, -55, 0, -70, 0, -83, 0, -93, 0, 96, 97, 98, 0], [-6, -14, -25, 0, -40, -48, -56, 0, -71, -77, -84, -89, -94, -96, 0, 99, 100, 101], [-7, -15, 0, -32, -41, -49, -57, -63, -72, -78, -85, -90, 0, -97, -99, 0, 102, 103], [-8, -16, -26, -33, 0, -50, -58, -64, -73, -79, -86, -91, -95, -98, -100, -102, 0, 104], [-9, -17, -27, 0, -42, -51, 0, -65, -74, -80, -87, -92, 0, 0, -101, -103, -104, 0]], [[0, 0, 0, 0, 0, 0, 0, 0, 0, 1, 2, 3, 4, 5, 6, 7, 8, 9], [0, 0, 0, 0, 10, 0, 0, 0, 0, 11, 12, 13, 14, 15, 16, 17, 18, 19], [0, 0, 0, 0, 0, 0, 0, 0, 20, 21, 22, 23, 24, 0, 0, 25, 26, 27], [0, 0, 0, 0, 0, 0, 28, 0, 0, 29, 0, 30, 31, 0, 32, 33, 34, 35], [0, -10, 0, 0, 0, 0, 0, 0, 0, 0, 0, 36, 37, 38, 39, 0, 40, 41], [0, 0, 0, 0, 0, 0, 0, 0, 0, 42, 0, 43, 0, 0, 44, 0, 45, 46], [0, 0, 0, -28, 0, 0, 0, 0, 0, 47, 48, 49, 50, 51, 52, 53, 54, 55], [0, 0, 0, 0, 0, 0, 0, 0, 0, 56, 57, 58, 59, 0, 60, 61, 62, 63], [0, 0, -20, 0, 0, 0, 0, 0, 0, 64, 65, 66, 67, 68, 69, 0, 0, 70], [-1, -11, -21, -29, 0, -42, -47, -56, -64, 0, 71, 72, 0, 73, 74, 75, 76, 77], [-2, -12, -22, 0, 0, 0, -48, -57, -65, -71, 0, 78, 0, 0, 0, 79, 80, 81], [-3, -13, -23, -30, -36, -43, -49, -58, -66, -72, -78, 0, 82, 83, 84, 85, 86, 87], [-4, -14, -24, -31, -37, 0, -50, -59, -67, 0, 0, -82, 0, 0, 88, 89, 90, 0], [-5, -15, 0, 0, -38, 0, -51, 0, -68, -73, 0, -83, 0, 0, 91, 92, 93, 94], [-6, -16, 0, -32, -39, -44, -52, -60, -69, -74, 0, -84, -88, -91, 0, 0, 95, 96], [-7, -17, -25, -33, 0, 0, -53, -61, 0, -75, -79, -85, -89, -92, 0, 0, 97, 98], [-8, -18, -26, -34, -40, -45, -54, -62, 0, -76, -80, -86, -90, -93, -95, -97, 0, 99], [-9, -19, -27, -35, -41, -46, -55, -63, -70, -77, -81, -87, 0, -94, -96, -98, -99, 0]], [[0, 0, 0, 0, 0, 0, 0, 0, 0, 0, 1, 0, 0, 2, 0, 0, 0, 3], [0, 0, 0, 0, 0, 0, 4, 0, 0, 5, 6, 7, 8, 0, 9, 10, 0, 11], [0, 0, 0, 0, 0, 0, 0, 0, 0, 12, 13, 14, 15, 16, 17, 0, 0, 18], [0, 0, 0, 0, 0, 0, 0, 0, 0, 19, 0, 20, 21, 22, 0, 23, 0, 0], [0, 0, 0, 0, 0, 0, 0, 0, 0, 24, 25, 26, 27, 0, 28, 29, 30, 31], [0, 0, 0, 0, 0, 0, 0, 32, 0, 0, 33, 34, 35, 36, 37, 38, 39, 0], [0, -4, 0, 0, 0, 0, 0, 0, 0, 40, 41, 42, 43, 0, 44, 0, 45, 46], [0, 0, 0, 0, 0, -32, 0, 0, 0, 47, 48, 0, 49, 50, 51, 0, 0, 52], [0, 0, 0, 0, 0, 0, 0, 0, 0, 53, 54, 55, 56, 57, 58, 0, 59, 60], [0, -5, -12, -19, -24, 0, -40, -47, -53, 0, 61, 62, 63, 64, 65, 66, 67, 68], [-1, -6, -13, 0, -25, -33, -41, -48, -54, -61, 0, 0, 69, 70, 71, 0, 0, 0], [0, -7, -14, -20, -26, -34, -42, 0, -55, -62, 0, 0, 72, 73, 74, 0, 75, 76], [0, -8, -15, -21, -27, -35, -43, -49, -56, -63, -69, -72, 0, 77, 0, 78, 79, 80], [-2, 0, -16, -22, 0, -36, 0, -50, -57, -64, -70, -73, -77, 0, 0, 0, 81, 82], [0, -9, -17, 0, -28, -37, -44, -51, -58, -65, -71, -74, 0, 0, 0, 0, 83, 84], [0, -10, 0, -23, -29, -38, 0, 0, 0, -66, 0, 0, -78, 0, 0, 0, 0, 85], [0, 0, 0, 0, -30, -39, -45, 0, -59, -67, 0, -75, -79, -81, -83, 0, 0, 86], [-3, -11, -18, 0, -31, 0, -46, -52, -60, -68, 0, -76, -80, -82, -84, -85, -86, 0]], [[0, 0, 0, 0, 0, 0, 1, 0, 0, 0, 2, 3, 4, 5, 6, 7, 8, 9], [0, 0, 0, 0, 0, 0, 10, 0, 0, 11, 12, 13, 14, 15, 16, 17, 18, 0], [0, 0, 0, 0, 0, 0, 0, 0, 0, 19, 0, 20, 21, 22, 23, 0, 24, 0], [0, 0, 0, 0, 0, 0, 0, 0, 0, 25, 26, 27, 28, 0, 29, 30, 31, 32], [0, 0, 0, 0, 0, 0, 0, 0, 0, 0, 33, 34, 35, 36, 37, 0, 0, 38], [0, 0, 0, 0, 0, 0, 0, 0, 0, 39, 0, 40, 0, 41, 42, 43, 0, 44], [-1, -10, 0, 0, 0, 0, 0, 0, 45, 46, 47, 48, 49, 50, 0, 51, 0, 52], [0, 0, 0, 0, 0, 0, 0, 0, 0, 53, 54, 55, 56, 57, 0, 0, 58, 59], [0, 0, 0, 0, 0, 0, -45, 0, 0, 0, 60, 61, 62, 63, 64, 65, 66, 67], [0, -11, -19, -25, 0, -39, -46, -53, 0, 0, 68, 69, 70, 71, 72, 73, 74, 75], [-2, -12, 0, -26, -33, 0, -47, -54, -60, -68, 0, 76, 77, 78, 79, 80, 0, 81], [-3, -13, -20, -27, -34, -40, -48, -55, -61, -69, -76, 0, 82, 83, 84, 85, 86, 87], [-4, -14, -21, -28, -35, 0, -49, -56, -62, -70, -77, -82, 0, 88, 89, 90, 91, 92], [-5, -15, -22, 0, -36, -41, -50, -57, -63, -71, -78, -83, -88, 0, 93, 94, 95, 0], [-6, -16, -23, -29, -37, -42, 0, 0, -64, -72, -79, -84, -89, -93, 0, 0, 96, 0], [-7, -17, 0, -30, 0, -43, -51, 0, -65, -73, -80, -85, -90, -94, 0, 0, 97, 0], [-8, -18, -24, -31, 0, 0, 0, -58, -66, -74, 0, -86, -91, -95, -96, -97, 0, 98], [-9, 0, 0, -32, -38, -44, -52, -59, -67, -75, -81, -87, -92, 0, 0, 0, -98, 0]], [[0, 0, 0, 0, 0, 0, 0, 1, 0, 0, 0, 2, 3, 4, 5, 0, 6, 7], [0, 0, 0, 0, 0, 0, 8, 0, 0, 9, 0, 0, 10, 11, 12, 13, 14, 15], [0, 0, 0, 0, 0, 0, 0, 0, 0, 16, 17, 18, 19, 0, 20, 21, 22, 23], [0, 0, 0, 0, 0, 0, 0, 0, 0, 24, 0, 25, 26, 27, 28, 29, 30, 31], [0, 0, 0, 0, 0, 0, 0, 0, 0, 32, 0, 33, 34, 35, 36, 37, 0, 0], [0, 0, 0, 0, 0, 0, 0, 0, 0, 0, 38, 39, 40, 41, 42, 43, 0, 0], [0, -8, 0, 0, 0, 0, 0, 0, 0, 44, 45, 46, 0, 0, 47, 48, 49, 50], [-1, 0, 0, 0, 0, 0, 0, 0, 0, 51, 52, 53, 54, 55, 0, 0, 56, 57], [0, 0, 0, 0, 0, 0, 0, 0, 0, 58, 59, 60, 61, 62, 63, 64, 65, 66], [0, -9, -16, -24, -32, 0, -44, -51, -58, 0, 67, 68, 69, 70, 71, 0, 72, 73], [0, 0, -17, 0, 0, -38, -45, -52, -59, -67, 0, 74, 75, 0, 76, 0, 77, 78], [-2, 0, -18, -25, -33, -39, -46, -53, -60, -68, -74, 0, 79, 80, 81, 82, 83, 84], [-3, -10, -19, -26, -34, -40, 0, -54, -61, -69, -75, -79, 0, 85, 86, 87, 0, 88], [-4, -11, 0, -27, -35, -41, 0, -55, -62, -70, 0, -80, -85, 0, 89, 0, 90, 0], [-5, -12, -20, -28, -36, -42, -47, 0, -63, -71, -76, -81, -86, -89, 0, 91, 0, 0], [0, -13, -21, -29, -37, -43, -48, 0, -64, 0, 0, -82, -87, 0, -91, 0, 92, 93], [-6, -14, -22, -30, 0, 0, -49, -56, -65, -72, -77, -83, 0, -90, 0, -92, 0, 94], [-7, -15, -23, -31, 0, 0, -50, -57, -66, -73, -78, -84, -88, 0, 0, -93, -94, 0]], [[0, 0, 0, 0, 0, 0, 0, 1, 0, 2, 3, 0, 4, 0, 5, 0, 6, 0], [0, 0, 0, 0, 0, 0, 0, 0, 0, 7, 8, 9, 10, 11, 12, 13, 14, 15], [0, 0, 0, 0, 0, 0, 0, 0, 0, 16, 17, 0, 18, 19, 0, 20, 21, 0], [0, 0, 0, 0, 0, 0, 0, 0, 0, 22, 0, 23, 24, 25, 26, 0, 27, 0], [0, 0, 0, 0, 0, 0, 28, 0, 29, 30, 31, 32, 33, 34, 35, 0, 36, 0], [0, 0, 0, 0, 0, 0, 0, 0, 0, 37, 0, 38, 39, 40, 41, 42, 43, 0], [0, 0, 0, 0, -28, 0, 0, 0, 0, 0, 44, 0, 45, 46, 47, 48, 49, 50], [-1, 0, 0, 0, 0, 0, 0, 0, 0, 51, 52, 53, 54, 55, 56, 57, 58, 59], [0, 0, 0, 0, -29, 0, 0, 0, 0, 60, 61, 0, 62, 63, 64, 65, 66, 67], [-2, -7, -16, -22, -30, -37, 0, -51, -60, 0, 68, 0, 69, 0, 70, 71, 72, 73], [-3, -8, -17, 0, -31, 0, -44, -52, -61, -68, 0, 0, 74, 75, 76, 77, 78, 0], [0, -9, 0, -23, -32, -38, 0, -53, 0, 0, 0, 0, 79, 80, 81, 82, 83, 0], [-4, -10, -18, -24, -33, -39, -45, -54, -62, -69, -74, -79, 0, 84, 85, 86, 87, 0], [0, -11, -19, -25, -34, -40, -46, -55, -63, 0, -75, -80, -84, 0, 88, 89, 90, 91], [-5, -12, 0, -26, -35, -41, -47, -56, -64, -70, -76, -81, -85, -88, 0, 92, 0, 0], [0, -13, -20, 0, 0, -42, -48, -57, -65, -71, -77, -82, -86, -89, -92, 0, 0, 93], [-6, -14, -21, -27, -36, -43, -49, -58, -66, -72, -78, -83, -87, -90, 0, 0, 0, 0], [0, -15, 0, 0, 0, 0, -50, -59, -67, -73, 0, 0, 0, -91, 0, -93, 0, 0]], [[0, 0, 0, 0, 0, 0, 0, 0, 0, 1, 2, 0, 0, 3, 4, 5, 6, 7], [0, 0, 0, 0, 0, 8, 0, 0, 0, 0, 0, 9, 10, 11, 12, 13, 14, 0], [0, 0, 0, 0, 0, 0, 0, 0, 0, 0, 15, 16, 17, 18, 19, 20, 21, 0], [0, 0, 0, 0, 0, 0, 0, 0, 0, 22, 23, 0, 24, 25, 0, 26, 27, 28], [0, 0, 0, 0, 0, 0, 0, 0, 29, 0, 30, 31, 32, 33, 34, 35, 0, 36], [0, -8, 0, 0, 0, 0, 0, 0, 0, 37, 38, 39, 40, 41, 0, 0, 42, 43], [0, 0, 0, 0, 0, 0, 0, 0, 0, 0, 44, 0, 0, 45, 46, 47, 0, 48], [0, 0, 0, 0, 0, 0, 0, 0, 0, 0, 49, 50, 51, 52, 53, 0, 0, 54], [0, 0, 0, 0, -29, 0, 0, 0, 0, 55, 0, 56, 57, 58, 59, 60, 61, 62], [-1, 0, 0, -22, 0, -37, 0, 0, -55, 0, 0, 63, 0, 64, 65, 66, 67, 68], [-2, 0, -15, -23, -30, -38, -44, -49, 0, 0, 0, 0, 69, 70, 71, 72, 73, 74], [0, -9, -16, 0, -31, -39, 0, -50, -56, -63, 0, 0, 75, 76, 77, 78, 0, 79], [0, -10, -17, -24, -32, -40, 0, -51, -57, 0, -69, -75, 0, 80, 81, 0, 82, 83], [-3, -11, -18, -25, -33, -41, -45, -52, -58, -64, -70, -76, -80, 0, 0, 84, 85, 86], [-4, -12, -19, 0, -34, 0, -46, -53, -59, -65, -71, -77, -81, 0, 0, 0, 87, 88], [-5, -13, -20, -26, -35, 0, -47, 0, -60, -66, -72, -78, 0, -84, 0, 0, 89, 90], [-6, -14, -21, -27, 0, -42, 0, 0, -61, -67, -73, 0, -82, -85, -87, -89, 0, 0], [-7, 0, 0, -28, -36, -43, -48, -54, -62, -68, -74, -79, -83, -86, -88, -90, 0, 0]], [[0, 0, 1, 0, 0, 0, 0, 0, 0, 2, 3, 4, 5, 0, 6, 0, 7, 0], [0, 0, 0, 0, 0, 0, 0, 0, 8, 9, 10, 11, 12, 0, 13, 14, 15, 0], [-1, 0, 0, 0, 0, 0, 0, 0, 0, 16, 0, 0, 0, 17, 18, 19, 0, 20], [0, 0, 0, 0, 0, 0, 0, 0, 0, 21, 22, 0, 23, 24, 0, 0, 25, 26], [0, 0, 0, 0, 0, 0, 27, 0, 0, 0, 28, 29, 0, 30, 31, 32, 33, 34], [0, 0, 0, 0, 0, 0, 0, 0, 0, 35, 0, 36, 37, 38, 0, 39, 40, 41], [0, 0, 0, 0, -27, 0, 0, 0, 42, 43, 44, 45, 0, 46, 47, 48, 49, 50], [0, 0, 0, 0, 0, 0, 0, 0, 0, 0, 51, 0, 52, 53, 54, 55, 56, 0], [0, -8, 0, 0, 0, 0, -42, 0, 0, 57, 58, 59, 60, 61, 0, 0, 0, 62], [-2, -9, -16, -21, 0, -35, -43, 0, -57, 0, 63, 64, 0, 65, 66, 67, 0, 68], [-3, -10, 0, -22, -28, 0, -44, -51, -58, -63, 0, 69, 70, 71, 0, 0, 72, 73], [-4, -11, 0, 0, -29, -36, -45, 0, -59, -64, -69, 0, 0, 0, 74, 75, 76, 77], [-5, -12, 0, -23, 0, -37, 0, -52, -60, 0, -70, 0, 0, 78, 79, 80, 81, 82], [0, 0, -17, -24, -30, -38, -46, -53, -61, -65, -71, 0, -78, 0, 83, 84, 0, 0], [-6, -13, -18, 0, -31, 0, -47, -54, 0, -66, 0, -74, -79, -83, 0, 85, 0, 0], [0, -14, -19, 0, -32, -39, -48, -55, 0, -67, 0, -75, -80, -84, -85, 0, 86, 87], [-7, -15, 0, -25, -33, -40, -49, -56, 0, 0, -72, -76, -81, 0, 0, -86, 0, 0], [0, 0, -20, -26, -34, -41, -50, 0, -62, -68, -73, -77, -82, 0, 0, -87, 0, 0]], [[0, 0, 0, 0, 0, 0, 0, 0, 0, 1, 2, 3, 0, 4, 5, 6, 7, 8], [0, 0, 9, 0, 0, 0, 0, 0, 0, 10, 11, 12, 13, 14, 15, 16, 17, 0], [0, -9, 0, 0, 18, 0, 0, 0, 0, 19, 20, 21, 22, 23, 24, 25, 26, 27], [0, 0, 0, 0, 0, 0, 0, 0, 0, 0, 28, 29, 30, 31, 32, 33, 0, 0], [0, 0, -18, 0, 0, 0, 0, 34, 0, 35, 36, 37, 0, 38, 0, 39, 40, 41], [0, 0, 0, 0, 0, 0, 0, 0, 0, 42, 43, 44, 45, 46, 47, 48, 0, 0], [0, 0, 0, 0, 0, 0, 0, 0, 0, 49, 50, 51, 52, 0, 53, 54, 55, 56], [0, 0, 0, 0, -34, 0, 0, 0, 0, 57, 58, 59, 60, 61, 62, 63, 64, 65], [0, 0, 0, 0, 0, 0, 0, 0, 0, 66, 67, 68, 0, 69, 70, 71, 72, 73], [-1, -10, -19, 0, -35, -42, -49, -57, -66, 0, 74, 75, 76, 77, 0, 78, 0, 79], [-2, -11, -20, -28, -36, -43, -50, -58, -67, -74, 0, 0, 0, 80, 81, 82, 83, 0], [-3, -12, -21, -29, -37, -44, -51, -59, -68, -75, 0, 0, 84, 0, 0, 85, 86, 87], [0, -13, -22, -30, 0, -45, -52, -60, 0, -76, 0, -84, 0, 0, 0, 88, 0, 89], [-4, -14, -23, -31, -38, -46, 0, -61, -69, -77, -80, 0, 0, 0, 90, 91, 0, 92], [-5, -15, -24, -32, 0, -47, -53, -62, -70, 0, -81, 0, 0, -90, 0, 93, 94, 95], [-6, -16, -25, -33, -39, -48, -54, -63, -71, -78, -82, -85, -88, -91, -93, 0, 96, 97], [-7, -17, -26, 0, -40, 0, -55, -64, -72, 0, -83, -86, 0, 0, -94, -96, 0, 98], [-8, 0, -27, 0, -41, 0, -56, -65, -73, -79, 0, -87, -89, -92, -95, -97, -98, 0]], [[0, 0, 0, 0, 0, 0, 0, 0, 1, 0, 2, 3, 4, 5, 6, 7, 8, 9], [0, 0, 0, 0, 0, 0, 0, 0, 0, 10, 0, 0, 11, 12, 13, 14, 15, 16], [0, 0, 0, 0, 0, 17, 18, 0, 0, 19, 20, 0, 0, 21, 22, 23, 0, 24], [0, 0, 0, 0, 0, 25, 0, 0, 0, 26, 27, 28, 0, 0, 29, 30, 31, 32], [0, 0, 0, 0, 0, 0, 0, 0, 0, 33, 34, 35, 36, 37, 38, 39, 40, 41], [0, 0, -17, -25, 0, 0, 0, 0, 0, 42, 43, 44, 45, 46, 47, 0, 48, 49], [0, 0, -18, 0, 0, 0, 0, 50, 0, 51, 52, 53, 54, 55, 0, 56, 57, 0], [0, 0, 0, 0, 0, 0, -50, 0, 0, 58, 59, 60, 61, 62, 0, 63, 64, 0], [-1, 0, 0, 0, 0, 0, 0, 0, 0, 65, 66, 67, 68, 69, 70, 0, 71, 72], [0, -10, -19, -26, -33, -42, -51, -58, -65, 0, 0, 0, 73, 74, 75, 76, 0, 77], [-2, 0, -20, -27, -34, -43, -52, -59, -66, 0, 0, 0, 78, 0, 0, 79, 80, 81], [-3, 0, 0, -28, -35, -44, -53, -60, -67, 0, 0, 0, 82, 83, 84, 85, 86, 87], [-4, -11, 0, 0, -36, -45, -54, -61, -68, -73, -78, -82, 0, 0, 0, 88, 89, 90], [-5, -12, -21, 0, -37, -46, -55, -62, -69, -74, 0, -83, 0, 0, 91, 92, 0, 93], [-6, -13, -22, -29, -38, -47, 0, 0, -70, -75, 0, -84, 0, -91, 0, 94, 0, 0], [-7, -14, -23, -30, -39, 0, -56, -63, 0, -76, -79, -85, -88, -92, -94, 0, 95, 96], [-8, -15, 0, -31, -40, -48, -57, -64, -71, 0, -80, -86, -89, 0, 0, -95, 0, 97], [-9, -16, -24, -32, -41, -49, 0, 0, -72, -77, -81, -87, -90, -93, 0, -96, -97, 0]], [[0, 0, 0, 0, 0, 0, 0, 0, 0, 0, 1, 2, 3, 4, 0, 5, 6, 7], [0, 0, 0, 0, 0, 0, 0, 0, 0, 8, 9, 10, 11, 0, 12, 13, 0, 14], [0, 0, 0, 0, 0, 0, 0, 0, 15, 16, 0, 17, 18, 19, 20, 21, 0, 22], [0, 0, 0, 0, 0, 0, 0, 0, 0, 0, 23, 24, 25, 0, 26, 0, 27, 28], [0, 0, 0, 0, 0, 0, 0, 29, 0, 30, 0, 31, 32, 33, 34, 0, 35, 36], [0, 0, 0, 0, 0, 0, 0, 0, 0, 37, 0, 38, 39, 0, 40, 0, 41, 42], [0, 0, 0, 0, 0, 0, 0, 0, 0, 43, 44, 45, 46, 47, 48, 49, 50, 51], [0, 0, 0, 0, -29, 0, 0, 0, 0, 52, 0, 53, 0, 54, 0, 0, 55, 56], [0, 0, -15, 0, 0, 0, 0, 0, 0, 57, 58, 59, 60, 61, 62, 63, 64, 65], [0, -8, -16, 0, -30, -37, -43, -52, -57, 0, 66, 67, 68, 69, 70, 0, 71, 72], [-1, -9, 0, -23, 0, 0, -44, 0, -58, -66, 0, 73, 74, 0, 75, 0, 76, 0], [-2, -10, -17, -24, -31, -38, -45, -53, -59, -67, -73, 0, 0, 77, 78, 0, 79, 80], [-3, -11, -18, -25, -32, -39, -46, 0, -60, -68, -74, 0, 0, 81, 82, 83, 84, 0], [-4, 0, -19, 0, -33, 0, -47, -54, -61, -69, 0, -77, -81, 0, 85, 86, 87, 88], [0, -12, -20, -26, -34, -40, -48, 0, -62, -70, -75, -78, -82, -85, 0, 0, 89, 90], [-5, -13, -21, 0, 0, 0, -49, 0, -63, 0, 0, 0, -83, -86, 0, 0, 91, 92], [-6, 0, 0, -27, -35, -41, -50, -55, -64, -71, -76, -79, -84, -87, -89, -91, 0, 0], [-7, -14, -22, -28, -36, -42, -51, -56, -65, -72, 0, -80, 0, -88, -90, -92, 0, 0]], [[0, 0, 0, 0, 0, 0, 0, 0, 0, 1, 2, 0, 3, 0, 4, 5, 6, 7], [0, 0, 0, 0, 0, 0, 0, 0, 0, 8, 9, 10, 0, 11, 12, 13, 14, 0], [0, 0, 0, 0, 0, 0, 0, 0, 0, 15, 16, 0, 0, 17, 18, 19, 20, 21], [0, 0, 0, 0, 0, 0, 0, 22, 0, 23, 24, 25, 26, 27, 0, 28, 29, 30], [0, 0, 0, 0, 0, 0, 0, 0, 0, 31, 0, 0, 32, 33, 34, 35, 36, 37], [0, 0, 0, 0, 0, 0, 0, 0, 0, 38, 39, 40, 41, 42, 43, 44, 0, 0], [0, 0, 0, 0, 0, 0, 0, 0, 0, 45, 46, 47, 48, 49, 0, 50, 51, 52], [0, 0, 0, -22, 0, 0, 0, 0, 0, 53, 54, 55, 56, 57, 0, 58, 59, 0], [0, 0, 0, 0, 0, 0, 0, 0, 0, 60, 61, 0, 62, 63, 0, 64, 65, 66], [-1, -8, -15, -23, -31, -38, -45, -53, -60, 0, 0, 67, 68, 69, 70, 71, 72, 0], [-2, -9, -16, -24, 0, -39, -46, -54, -61, 0, 0, 73, 0, 74, 75, 76, 77, 78], [0, -10, 0, -25, 0, -40, -47, -55, 0, -67, -73, 0, 79, 0, 80, 81, 82, 83], [-3, 0, 0, -26, -32, -41, -48, -56, -62, -68, 0, -79, 0, 84, 0, 85, 86, 87], [0, -11, -17, -27, -33, -42, -49, -57, -63, -69, -74, 0, -84, 0, 88, 89, 0, 0], [-4, -12, -18, 0, -34, -43, 0, 0, 0, -70, -75, -80, 0, -88, 0, 90, 91, 92], [-5, -13, -19, -28, -35, -44, -50, -58, -64, -71, -76, -81, -85, -89, -90, 0, 93, 94], [-6, -14, -20, -29, -36, 0, -51, -59, -65, -72, -77, -82, -86, 0, -91, -93, 0, 95], [-7, 0, -21, -30, -37, 0, -52, 0, -66, 0, -78, -83, -87, 0, -92, -94, -95, 0]], [[0, 0, 0, 0, 0, 0, 0, 0, 0, 1, 2, 3, 4, 5, 6, 7, 8, 9], [0, 0, 0, 0, 0, 0, 0, 0, 0, 10, 11, 12, 13, 14, 15, 16, 17, 0], [0, 0, 0, 0, 18, 0, 0, 0, 0, 0, 0, 19, 0, 20, 21, 22, 23, 24], [0, 0, 0, 0, 0, 25, 0, 0, 0, 0, 0, 26, 27, 28, 29, 30, 0, 31], [0, 0, -18, 0, 0, 0, 0, 0, 0, 32, 0, 33, 0, 34, 35, 36, 37, 38], [0, 0, 0, -25, 0, 0, 0, 0, 0, 0, 39, 40, 41, 42, 0, 43, 0, 0], [0, 0, 0, 0, 0, 0, 0, 0, 0, 44, 45, 0, 0, 46, 0, 47, 0, 0], [0, 0, 0, 0, 0, 0, 0, 0, 48, 49, 0, 50, 0, 51, 52, 53, 54, 0], [0, 0, 0, 0, 0, 0, 0, -48, 0, 55, 56, 57, 58, 59, 60, 61, 62, 63], [-1, -10, 0, 0, -32, 0, -44, -49, -55, 0, 64, 65, 66, 67, 68, 69, 70, 0], [-2, -11, 0, 0, 0, -39, -45, 0, -56, -64, 0, 71, 72, 73, 0, 74, 75, 0], [-3, -12, -19, -26, -33, -40, 0, -50, -57, -65, -71, 0, 76, 77, 0, 0, 78, 79], [-4, -13, 0, -27, 0, -41, 0, 0, -58, -66, -72, -76, 0, 0, 80, 81, 82, 83], [-5, -14, -20, -28, -34, -42, -46, -51, -59, -67, -73, -77, 0, 0, 0, 84, 85, 0], [-6, -15, -21, -29, -35, 0, 0, -52, -60, -68, 0, 0, -80, 0, 0, 86, 87, 88], [-7, -16, -22, -30, -36, -43, -47, -53, -61, -69, -74, 0, -81, -84, -86, 0, 89, 90], [-8, -17, -23, 0, -37, 0, 0, -54, -62, -70, -75, -78, -82, -85, -87, -89, 0, 91], [-9, 0, -24, -31, -38, 0, 0, 0, -63, 0, 0, -79, -83, 0, -88, -90, -91, 0]], [[0, 0, 0, 0, 0, 0, 0, 0, 0, 1, 2, 3, 4, 5, 0, 6, 7, 0], [0, 0, 0, 8, 0, 0, 0, 0, 0, 9, 10, 11, 0, 12, 13, 0, 14, 15], [0, 0, 0, 0, 0, 0, 0, 0, 16, 17, 18, 19, 0, 20, 21, 22, 23, 0], [0, -8, 0, 0, 0, 0, 0, 0, 0, 24, 25, 0, 26, 27, 28, 0, 29, 30], [0, 0, 0, 0, 0, 0, 0, 0, 0, 31, 32, 33, 34, 0, 35, 0, 36, 0], [0, 0, 0, 0, 0, 0, 0, 0, 0, 37, 38, 0, 39, 40, 41, 42, 43, 44], [0, 0, 0, 0, 0, 0, 0, 0, 0, 45, 46, 47, 48, 49, 0, 0, 50, 51], [0, 0, 0, 0, 0, 0, 0, 0, 52, 53, 54, 0, 55, 56, 57, 58, 0, 0], [0, 0, -16, 0, 0, 0, 0, -52, 0, 59, 60, 61, 62, 63, 0, 64, 0, 65], [-1, -9, -17, -24, -31, -37, -45, -53, -59, 0, 66, 67, 68, 69, 70, 71, 0, 72], [-2, -10, -18, -25, -32, -38, -46, -54, -60, -66, 0, 73, 74, 75, 76, 77, 78, 79], [-3, -11, -19, 0, -33, 0, -47, 0, -61, -67, -73, 0, 80, 81, 82, 83, 84, 85], [-4, 0, 0, -26, -34, -39, -48, -55, -62, -68, -74, -80, 0, 0, 86, 87, 88, 89], [-5, -12, -20, -27, 0, -40, -49, -56, -63, -69, -75, -81, 0, 0, 90, 91, 92, 93], [0, -13, -21, -28, -35, -41, 0, -57, 0, -70, -76, -82, -86, -90, 0, 94, 0, 95], [-6, 0, -22, 0, 0, -42, 0, -58, -64, -71, -77, -83, -87, -91, -94, 0, 96, 0], [-7, -14, -23, -29, -36, -43, -50, 0, 0, 0, -78, -84, -88, -92, 0, -96, 0, 97], [0, -15, 0, -30, 0, -44, -51, 0, -65, -72, -79, -85, -89, -93, -95, 0, -97, 0]], [[0, 0, 0, 0, 0, 0, 0, 0, 0, 1, 2, 3, 4, 5, 6, 7, 8, 9], [0, 0, 0, 0, 0, 0, 10, 0, 0, 11, 12, 13, 14, 15, 16, 17, 18, 19], [0, 0, 0, 0, 20, 0, 0, 0, 0, 21, 22, 23, 0, 24, 25, 0, 26, 27], [0, 0, 0, 0, 0, 0, 28, 0, 0, 29, 30, 31, 32, 33, 34, 35, 0, 36], [0, 0, -20, 0, 0, 0, 0, 0, 0, 0, 0, 37, 0, 0, 38, 0, 39, 40], [0, 0, 0, 0, 0, 0, 0, 41, 0, 42, 0, 43, 0, 44, 0, 0, 45, 46], [0, -10, 0, -28, 0, 0, 0, 0, 0, 47, 48, 49, 50, 51, 52, 53, 0, 54], [0, 0, 0, 0, 0, -41, 0, 0, 0, 0, 55, 56, 57, 58, 59, 60, 61, 62], [0, 0, 0, 0, 0, 0, 0, 0, 0, 0, 0, 63, 64, 65, 66, 67, 68, 69], [-1, -11, -21, -29, 0, -42, -47, 0, 0, 0, 70, 71, 72, 73, 74, 75, 76, 0], [-2, -12, -22, -30, 0, 0, -48, -55, 0, -70, 0, 77, 78, 79, 80, 81, 82, 83], [-3, -13, -23, -31, -37, -43, -49, -56, -63, -71, -77, 0, 0, 84, 0, 85, 86, 87], [-4, -14, 0, -32, 0, 0, -50, -57, -64, -72, -78, 0, 0, 88, 89, 90, 91, 0], [-5, -15, -24, -33, 0, -44, -51, -58, -65, -73, -79, -84, -88, 0, 92, 93, 94, 95], [-6, -16, -25, -34, -38, 0, -52, -59, -66, -74, -80, 0, -89, -92, 0, 96, 97, 98], [-7, -17, 0, -35, 0, 0, -53, -60, -67, -75, -81, -85, -90, -93, -96, 0, 0, 99], [-8, -18, -26, 0, -39, -45, 0, -61, -68, -76, -82, -86, -91, -94, -97, 0, 0, 0], [-9, -19, -27, -36, -40, -46, -54, -62, -69, 0, -83, -87, 0, -95, -98, -99, 0, 0]], [[0, 0, 0, 0, 0, 0, 0, 0, 0, 1, 2, 0, 3, 4, 5, 0, 0, 6], [0, 0, 0, 0, 0, 0, 0, 0, 0, 7, 8, 9, 10, 11, 12, 13, 14, 15], [0, 0, 0, 16, 0, 0, 0, 0, 0, 17, 18, 19, 20, 0, 0, 21, 22, 23], [0, 0, -16, 0, 24, 25, 0, 0, 0, 26, 27, 28, 0, 0, 29, 30, 31, 32], [0, 0, 0, -24, 0, 0, 0, 0, 0, 33, 34, 0, 0, 35, 36, 37, 38, 39], [0, 0, 0, -25, 0, 0, 0, 40, 0, 41, 42, 43, 44, 45, 46, 47, 48, 49], [0, 0, 0, 0, 0, 0, 0, 0, 0, 50, 51, 52, 53, 0, 54, 55, 56, 57], [0, 0, 0, 0, 0, -40, 0, 0, 0, 58, 59, 60, 61, 0, 0, 62, 63, 64], [0, 0, 0, 0, 0, 0, 0, 0, 0, 65, 66, 67, 0, 68, 69, 70, 71, 72], [-1, -7, -17, -26, -33, -41, -50, -58, -65, 0, 73, 74, 75, 76, 77, 78, 0, 79], [-2, -8, -18, -27, -34, -42, -51, -59, -66, -73, 0, 80, 81, 82, 0, 83, 0, 84], [0, -9, -19, -28, 0, -43, -52, -60, -67, -74, -80, 0, 85, 86, 0, 87, 0, 88], [-3, -10, -20, 0, 0, -44, -53, -61, 0, -75, -81, -85, 0, 89, 90, 0, 91, 0], [-4, -11, 0, 0, -35, -45, 0, 0, -68, -76, -82, -86, -89, 0, 92, 93, 0, 94], [-5, -12, 0, -29, -36, -46, -54, 0, -69, -77, 0, 0, -90, -92, 0, 95, 96, 97], [0, -13, -21, -30, -37, -47, -55, -62, -70, -78, -83, -87, 0, -93, -95, 0, 98, 99], [0, -14, -22, -31, -38, -48, -56, -63, -71, 0, 0, 0, -91, 0, -96, -98, 0, 100], [-6, -15, -23, -32, -39, -49, -57, -64, -72, -79, -84, -88, 0, -94, -97, -99, -100, 0]], [[0, 0, 0, 0, 0, 0, 0, 1, 0, 2, 3, 4, 5, 6, 0, 7, 8, 9], [0, 0, 0, 0, 0, 0, 10, 0, 0, 11, 12, 0, 13, 14, 15, 16, 17, 18], [0, 0, 0, 19, 0, 0, 0, 0, 0, 20, 21, 22, 23, 24, 25, 26, 27, 28], [0, 0, -19, 0, 0, 0, 0, 0, 0, 29, 30, 31, 32, 33, 34, 35, 0, 0], [0, 0, 0, 0, 0, 0, 0, 0, 0, 36, 37, 38, 39, 40, 41, 42, 0, 43], [0, 0, 0, 0, 0, 0, 0, 0, 44, 45, 46, 47, 0, 48, 49, 50, 51, 0], [0, -10, 0, 0, 0, 0, 0, 0, 0, 52, 0, 53, 54, 55, 56, 57, 58, 59], [-1, 0, 0, 0, 0, 0, 0, 0, 0, 0, 60, 61, 62, 63, 64, 65, 66, 0], [0, 0, 0, 0, 0, -44, 0, 0, 0, 0, 67, 68, 69, 0, 0, 70, 0, 0], [-2, -11, -20, -29, -36, -45, -52, 0, 0, 0, 71, 72, 73, 74, 75, 76, 77, 78], [-3, -12, -21, -30, -37, -46, 0, -60, -67, -71, 0, 79, 80, 81, 82, 83, 84, 85], [-4, 0, -22, -31, -38, -47, -53, -61, -68, -72, -79, 0, 0, 0, 86, 87, 88, 89], [-5, -13, -23, -32, -39, 0, -54, -62, -69, -73, -80, 0, 0, 0, 90, 91, 92, 93], [-6, -14, -24, -33, -40, -48, -55, -63, 0, -74, -81, 0, 0, 0, 0, 94, 95, 96], [0, -15, -25, -34, -41, -49, -56, -64, 0, -75, -82, -86, -90, 0, 0, 0, 97, 98], [-7, -16, -26, -35, -42, -50, -57, -65, -70, -76, -83, -87, -91, -94, 0, 0, 99, 100], [-8, -17, -27, 0, 0, -51, -58, -66, 0, -77, -84, -88, -92, -95, -97, -99, 0, 101], [-9, -18, -28, 0, -43, 0, -59, 0, 0, -78, -85, -89, -93, -96, -98, -100, -101, 0]], [[0, 0, 0, 0, 0, 0, 0, 0, 0, 1, 2, 3, 4, 5, 6, 7, 8, 9], [0, 0, 0, 0, 0, 0, 0, 0, 0, 0, 10, 11, 0, 12, 13, 14, 15, 16], [0, 0, 0, 0, 0, 0, 0, 0, 0, 17, 0, 18, 0, 19, 0, 20, 21, 22], [0, 0, 0, 0, 0, 0, 0, 23, 24, 25, 26, 27, 28, 0, 29, 30, 31, 32], [0, 0, 0, 0, 0, 0, 0, 33, 0, 34, 0, 0, 35, 36, 37, 38, 39, 40], [0, 0, 0, 0, 0, 0, 0, 0, 0, 0, 41, 42, 43, 44, 45, 46, 47, 48], [0, 0, 0, 0, 0, 0, 0, 0, 49, 50, 51, 52, 53, 54, 0, 0, 55, 56], [0, 0, 0, -23, -33, 0, 0, 0, 0, 0, 57, 58, 59, 60, 61, 62, 63, 64], [0, 0, 0, -24, 0, 0, -49, 0, 0, 65, 66, 67, 0, 68, 69, 0, 0, 70], [-1, 0, -17, -25, -34, 0, -50, 0, -65, 0, 71, 72, 0, 73, 74, 75, 76, 0], [-2, -10, 0, -26, 0, -41, -51, -57, -66, -71, 0, 77, 78, 79, 80, 81, 82, 83], [-3, -11, -18, -27, 0, -42, -52, -58, -67, -72, -77, 0, 84, 0, 85, 0, 86, 87], [-4, 0, 0, -28, -35, -43, -53, -59, 0, 0, -78, -84, 0, 0, 0, 88, 89, 0], [-5, -12, -19, 0, -36, -44, -54, -60, -68, -73, -79, 0, 0, 0, 90, 0, 0, 91], [-6, -13, 0, -29, -37, -45, 0, -61, -69, -74, -80, -85, 0, -90, 0, 92, 93, 94], [-7, -14, -20, -30, -38, -46, 0, -62, 0, -75, -81, 0, -88, 0, -92, 0, 95, 96], [-8, -15, -21, -31, -39, -47, -55, -63, 0, -76, -82, -86, -89, 0, -93, -95, 0, 0], [-9, -16, -22, -32, -40, -48, -56, -64, -70, 0, -83, -87, 0, -91, -94, -96, 0, 0]], [[0, 0, 0, 0, 0, 0, 0, 0, 0, 0, 1, 2, 3, 4, 5, 6, 0, 7], [0, 0, 0, 0, 0, 0, 0, 0, 0, 8, 9, 10, 11, 12, 13, 14, 15, 16], [0, 0, 0, 0, 0, 0, 0, 0, 0, 0, 17, 18, 19, 20, 21, 22, 23, 24], [0, 0, 0, 0, 0, 25, 0, 0, 0, 26, 27, 0, 28, 0, 29, 30, 31, 32], [0, 0, 0, 0, 0, 0, 0, 0, 0, 0, 33, 34, 35, 36, 0, 37, 38, 39], [0, 0, 0, -25, 0, 0, 0, 40, 0, 41, 42, 43, 44, 45, 46, 47, 48, 0], [0, 0, 0, 0, 0, 0, 0, 0, 0, 49, 50, 51, 52, 0, 53, 54, 0, 55], [0, 0, 0, 0, 0, -40, 0, 0, 0, 56, 57, 0, 58, 59, 60, 61, 62, 63], [0, 0, 0, 0, 0, 0, 0, 0, 0, 64, 65, 66, 0, 67, 68, 69, 70, 71], [0, -8, 0, -26, 0, -41, -49, -56, -64, 0, 72, 73, 74, 75, 76, 77, 78, 79], [-1, -9, -17, -27, -33, -42, -50, -57, -65, -72, 0, 80, 81, 0, 82, 83, 84, 85], [-2, -10, -18, 0, -34, -43, -51, 0, -66, -73, -80, 0, 86, 87, 88, 89, 90, 91], [-3, -11, -19, -28, -35, -44, -52, -58, 0, -74, -81, -86, 0, 92, 93, 0, 94, 95], [-4, -12, -20, 0, -36, -45, 0, -59, -67, -75, 0, -87, -92, 0, 0, 96, 97, 98], [-5, -13, -21, -29, 0, -46, -53, -60, -68, -76, -82, -88, -93, 0, 0, 99, 100, 0], [-6, -14, -22, -30, -37, -47, -54, -61, -69, -77, -83, -89, 0, -96, -99, 0, 101, 102], [0, -15, -23, -31, -38, -48, 0, -62, -70, -78, -84, -90, -94, -97, -100, -101, 0, 103], [-7, -16, -24, -32, -39, 0, -55, -63, -71, -79, -85, -91, -95, -98, 0, -102, -103, 0]], [[0, 1, 0, 0, 0, 0, 2, 0, 0, 0, 3, 4, 0, 0, 0, 5, 6, 7], [-1, 0, 0, 0, 0, 0, 0, 0, 0, 8, 9, 10, 0, 11, 12, 13, 14, 15], [0, 0, 0, 0, 0, 0, 16, 0, 0, 17, 18, 19, 20, 0, 21, 22, 23, 24], [0, 0, 0, 0, 0, 0, 0, 0, 0, 25, 26, 0, 0, 27, 28, 29, 30, 31], [0, 0, 0, 0, 0, 0, 0, 0, 0, 32, 33, 34, 35, 36, 37, 38, 39, 40], [0, 0, 0, 0, 0, 0, 0, 0, 41, 0, 42, 43, 44, 45, 0, 46, 47, 48], [-2, 0, -16, 0, 0, 0, 0, 0, 0, 49, 50, 51, 52, 0, 53, 54, 55, 56], [0, 0, 0, 0, 0, 0, 0, 0, 57, 58, 59, 60, 0, 61, 62, 63, 0, 64], [0, 0, 0, 0, 0, -41, 0, -57, 0, 65, 66, 67, 68, 69, 70, 71, 72, 73], [0, -8, -17, -25, -32, 0, -49, -58, -65, 0, 74, 0, 75, 76, 77, 0, 78, 79], [-3, -9, -18, -26, -33, -42, -50, -59, -66, -74, 0, 0, 80, 81, 82, 83, 0, 84], [-4, -10, -19, 0, -34, -43, -51, -60, -67, 0, 0, 0, 85, 86, 87, 0, 0, 88], [0, 0, -20, 0, -35, -44, -52, 0, -68, -75, -80, -85, 0, 89, 90, 0, 91, 0], [0, -11, 0, -27, -36, -45, 0, -61, -69, -76, -81, -86, -89, 0, 92, 0, 93, 94], [0, -12, -21, -28, -37, 0, -53, -62, -70, -77, -82, -87, -90, -92, 0, 95, 96, 97], [-5, -13, -22, -29, -38, -46, -54, -63, -71, 0, -83, 0, 0, 0, -95, 0, 98, 0], [-6, -14, -23, -30, -39, -47, -55, 0, -72, -78, 0, 0, -91, -93, -96, -98, 0, 0], [-7, -15, -24, -31, -40, -48, -56, -64, -73, -79, -84, -88, 0, -94, -97, 0, 0, 0]], [[0, 0, 0, 0, 0, 0, 0, 0, 0, 1, 0, 2, 3, 4, 5, 6, 7, 8], [0, 0, 0, 0, 0, 0, 0, 9, 0, 10, 11, 12, 0, 0, 13, 0, 14, 15], [0, 0, 0, 0, 0, 16, 17, 0, 0, 18, 19, 20, 21, 22, 23, 0, 0, 24], [0, 0, 0, 0, 0, 0, 25, 0, 0, 0, 26, 0, 27, 28, 29, 30, 31, 32], [0, 0, 0, 0, 0, 0, 0, 0, 0, 33, 34, 35, 36, 37, 38, 39, 40, 41], [0, 0, -16, 0, 0, 0, 0, 0, 42, 43, 44, 45, 0, 0, 46, 47, 0, 48], [0, 0, -17, -25, 0, 0, 0, 0, 0, 49, 0, 50, 51, 52, 53, 54, 55, 56], [0, -9, 0, 0, 0, 0, 0, 0, 0, 0, 57, 58, 59, 60, 0, 61, 62, 63], [0, 0, 0, 0, 0, -42, 0, 0, 0, 64, 0, 65, 66, 67, 68, 69, 70, 71], [-1, -10, -18, 0, -33, -43, -49, 0, -64, 0, 72, 73, 74, 75, 76, 77, 78, 0], [0, -11, -19, -26, -34, -44, 0, -57, 0, -72, 0, 79, 80, 81, 82, 0, 83, 84], [-2, -12, -20, 0, -35, -45, -50, -58, -65, -73, -79, 0, 85, 86, 87, 88, 89, 90], [-3, 0, -21, -27, -36, 0, -51, -59, -66, -74, -80, -85, 0, 91, 92, 93, 94, 95], [-4, 0, -22, -28, -37, 0, -52, -60, -67, -75, -81, -86, -91, 0, 96, 97, 98, 99], [-5, -13, -23, -29, -38, -46, -53, 0, -68, -76, -82, -87, -92, -96, 0, 100, 101, 0], [-6, 0, 0, -30, -39, -47, -54, -61, -69, -77, 0, -88, -93, -97, -100, 0, 0, 102], [-7, -14, 0, -31, -40, 0, -55, -62, -70, -78, -83, -89, -94, -98, -101, 0, 0, 103], [-8, -15, -24, -32, -41, -48, -56, -63, -71, 0, -84, -90, -95, -99, 0, -102, -103, 0]], [[0, 0, 0, 0, 1, 0, 2, 0, 0, 3, 4, 5, 6, 7, 0, 8, 9, 10], [0, 0, 0, 0, 0, 0, 0, 0, 0, 11, 0, 12, 13, 14, 0, 0, 15, 16], [0, 0, 0, 17, 0, 0, 0, 0, 0, 18, 0, 19, 20, 21, 22, 23, 24, 25], [0, 0, -17, 0, 0, 0, 0, 0, 0, 26, 27, 28, 0, 0, 29, 30, 0, 31], [-1, 0, 0, 0, 0, 0, 0, 0, 0, 32, 33, 34, 35, 0, 0, 36, 37, 38], [0, 0, 0, 0, 0, 0, 0, 0, 0, 39, 0, 40, 41, 42, 0, 43, 44, 45], [-2, 0, 0, 0, 0, 0, 0, 0, 0, 46, 0, 47, 48, 49, 50, 51, 52, 53], [0, 0, 0, 0, 0, 0, 0, 0, 54, 0, 55, 56, 57, 58, 59, 60, 61, 62], [0, 0, 0, 0, 0, 0, 0, -54, 0, 63, 0, 64, 0, 65, 0, 66, 67, 68], [-3, -11, -18, -26, -32, -39, -46, 0, -63, 0, 69, 70, 71, 72, 73, 74, 0, 75], [-4, 0, 0, -27, -33, 0, 0, -55, 0, -69, 0, 76, 77, 78, 79, 80, 81, 82], [-5, -12, -19, -28, -34, -40, -47, -56, -64, -70, -76, 0, 83, 0, 84, 85, 86, 87], [-6, -13, -20, 0, -35, -41, -48, -57, 0, -71, -77, -83, 0, 88, 89, 90, 91, 0], [-7, -14, -21, 0, 0, -42, -49, -58, -65, -72, -78, 0, -88, 0, 0, 92, 93, 94], [0, 0, -22, -29, 0, 0, -50, -59, 0, -73, -79, -84, -89, 0, 0, 95, 96, 97], [-8, 0, -23, -30, -36, -43, -51, -60, -66, -74, -80, -85, -90, -92, -95, 0, 98, 99], [-9, -15, -24, 0, -37, -44, -52, -61, -67, 0, -81, -86, -91, -93, -96, -98, 0, 0], [-10, -16, -25, -31, -38, -45, -53, -62, -68, -75, -82, -87, 0, -94, -97, -99, 0, 0]], [[0, 0, 0, 0, 0, 0, 0, 0, 0, 1, 2, 3, 4, 0, 5, 6, 7, 8], [0, 0, 0, 0, 9, 0, 0, 0, 0, 10, 0, 11, 12, 13, 14, 15, 16, 0], [0, 0, 0, 0, 0, 17, 0, 0, 18, 0, 19, 20, 0, 21, 0, 22, 0, 0], [0, 0, 0, 0, 0, 0, 0, 0, 0, 23, 24, 25, 26, 0, 27, 28, 29, 30], [0, -9, 0, 0, 0, 0, 0, 0, 0, 31, 32, 33, 34, 35, 36, 37, 38, 0], [0, 0, -17, 0, 0, 0, 0, 0, 39, 40, 41, 0, 42, 0, 43, 44, 0, 45], [0, 0, 0, 0, 0, 0, 0, 46, 0, 47, 0, 0, 48, 49, 50, 51, 0, 52], [0, 0, 0, 0, 0, 0, -46, 0, 0, 53, 54, 55, 56, 57, 58, 59, 60, 61], [0, 0, -18, 0, 0, -39, 0, 0, 0, 62, 63, 64, 65, 66, 67, 0, 68, 69], [-1, -10, 0, -23, -31, -40, -47, -53, -62, 0, 70, 0, 0, 71, 72, 73, 74, 75], [-2, 0, -19, -24, -32, -41, 0, -54, -63, -70, 0, 76, 77, 78, 79, 80, 81, 82], [-3, -11, -20, -25, -33, 0, 0, -55, -64, 0, -76, 0, 0, 83, 84, 85, 86, 87], [-4, -12, 0, -26, -34, -42, -48, -56, -65, 0, -77, 0, 0, 0, 0, 88, 0, 89], [0, -13, -21, 0, -35, 0, -49, -57, -66, -71, -78, -83, 0, 0, 90, 91, 92, 93], [-5, -14, 0, -27, -36, -43, -50, -58, -67, -72, -79, -84, 0, -90, 0, 94, 95, 96], [-6, -15, -22, -28, -37, -44, -51, -59, 0, -73, -80, -85, -88, -91, -94, 0, 0, 97], [-7, -16, 0, -29, -38, 0, 0, -60, -68, -74, -81, -86, 0, -92, -95, 0, 0, 98], [-8, 0, 0, -30, 0, -45, -52, -61, -69, -75, -82, -87, -89, -93, -96, -97, -98, 0]], [[0, 0, 0, 0, 0, 0, 0, 0, 1, 2, 0, 0, 0, 3, 4, 5, 6, 0], [0, 0, 0, 0, 0, 0, 0, 0, 0, 7, 8, 9, 10, 0, 0, 11, 12, 13], [0, 0, 0, 0, 0, 0, 0, 0, 0, 14, 15, 0, 16, 0, 17, 0, 18, 19], [0, 0, 0, 0, 0, 0, 0, 0, 0, 20, 21, 22, 23, 24, 25, 26, 0, 27], [0, 0, 0, 0, 0, 0, 0, 0, 0, 28, 29, 30, 31, 32, 33, 34, 35, 36], [0, 0, 0, 0, 0, 0, 0, 0, 0, 37, 38, 39, 40, 0, 41, 42, 43, 44], [0, 0, 0, 0, 0, 0, 0, 0, 0, 45, 46, 47, 48, 49, 50, 51, 52, 53], [0, 0, 0, 0, 0, 0, 0, 0, 0, 0, 54, 55, 56, 57, 0, 58, 0, 59], [-1, 0, 0, 0, 0, 0, 0, 0, 0, 0, 60, 61, 62, 63, 0, 0, 64, 0], [-2, -7, -14, -20, -28, -37, -45, 0, 0, 0, 65, 66, 67, 0, 68, 69, 70, 71], [0, -8, -15, -21, -29, -38, -46, -54, -60, -65, 0, 72, 73, 74, 0, 75, 76, 77], [0, -9, 0, -22, -30, -39, -47, -55, -61, -66, -72, 0, 78, 0, 0, 79, 80, 0], [0, -10, -16, -23, -31, -40, -48, -56, -62, -67, -73, -78, 0, 0, 81, 82, 83, 84], [-3, 0, 0, -24, -32, 0, -49, -57, -63, 0, -74, 0, 0, 0, 85, 86, 87, 88], [-4, 0, -17, -25, -33, -41, -50, 0, 0, -68, 0, 0, -81, -85, 0, 89, 90, 91], [-5, -11, 0, -26, -34, -42, -51, -58, 0, -69, -75, -79, -82, -86, -89, 0, 92, 93], [-6, -12, -18, 0, -35, -43, -52, 0, -64, -70, -76, -80, -83, -87, -90, -92, 0, 94], [0, -13, -19, -27, -36, -44, -53, -59, 0, -71, -77, 0, -84, -88, -91, -93, -94, 0]], [[0, 0, 0, 0, 0, 0, 0, 0, 0, 1, 2, 3, 4, 5, 6, 0, 7, 0], [0, 0, 0, 0, 0, 0, 0, 0, 0, 8, 9, 10, 11, 12, 13, 14, 15, 0], [0, 0, 0, 16, 0, 0, 0, 17, 0, 18, 0, 19, 20, 0, 0, 21, 22, 23], [0, 0, -16, 0, 24, 0, 0, 0, 0, 25, 26, 27, 28, 29, 30, 31, 32, 33], [0, 0, 0, -24, 0, 34, 0, 0, 0, 35, 36, 37, 38, 39, 40, 0, 41, 42], [0, 0, 0, 0, -34, 0, 0, 0, 0, 0, 43, 44, 45, 46, 47, 48, 49, 50], [0, 0, 0, 0, 0, 0, 0, 0, 0, 51, 52, 53, 54, 55, 56, 57, 0, 58], [0, 0, -17, 0, 0, 0, 0, 0, 0, 59, 60, 61, 62, 63, 64, 65, 66, 67], [0, 0, 0, 0, 0, 0, 0, 0, 0, 68, 0, 69, 70, 71, 72, 73, 74, 0], [-1, -8, -18, -25, -35, 0, -51, -59, -68, 0, 75, 76, 77, 78, 0, 79, 0, 80], [-2, -9, 0, -26, -36, -43, -52, -60, 0, -75, 0, 81, 82, 0, 83, 0, 84, 0], [-3, -10, -19, -27, -37, -44, -53, -61, -69, -76, -81, 0, 0, 85, 86, 0, 87, 0], [-4, -11, -20, -28, -38, -45, -54, -62, -70, -77, -82, 0, 0, 88, 89, 90, 91, 92], [-5, -12, 0, -29, -39, -46, -55, -63, -71, -78, 0, -85, -88, 0, 0, 93, 94, 95], [-6, -13, 0, -30, -40, -47, -56, -64, -72, 0, -83, -86, -89, 0, 0, 0, 96, 97], [0, -14, -21, -31, 0, -48, -57, -65, -73, -79, 0, 0, -90, -93, 0, 0, 98, 99], [-7, -15, -22, -32, -41, -49, 0, -66, -74, 0, -84, -87, -91, -94, -96, -98, 0, 100], [0, 0, -23, -33, -42, -50, -58, -67, 0, -80, 0, 0, -92, -95, -97, -99, -100, 0]], [[0, 0, 0, 0, 0, 0, 0, 0, 0, 1, 2, 3, 4, 5, 6, 7, 8, 9], [0, 0, 0, 10, 11, 0, 0, 0, 12, 13, 14, 0, 0, 15, 16, 0, 17, 18], [0, 0, 0, 0, 0, 0, 0, 0, 0, 0, 19, 0, 20, 21, 22, 23, 24, 25], [0, -10, 0, 0, 0, 0, 0, 0, 0, 26, 27, 28, 29, 0, 0, 0, 30, 31], [0, -11, 0, 0, 0, 0, 32, 0, 0, 33, 34, 35, 0, 36, 37, 38, 39, 40], [0, 0, 0, 0, 0, 0, 0, 0, 0, 41, 42, 43, 0, 0, 44, 45, 46, 47], [0, 0, 0, 0, -32, 0, 0, 0, 0, 48, 0, 49, 50, 51, 0, 0, 52, 53], [0, 0, 0, 0, 0, 0, 0, 0, 0, 0, 0, 54, 55, 56, 0, 57, 0, 58], [0, -12, 0, 0, 0, 0, 0, 0, 0, 59, 60, 61, 0, 0, 0, 62, 63, 64], [-1, -13, 0, -26, -33, -41, -48, 0, -59, 0, 0, 65, 66, 67, 68, 69, 70, 71], [-2, -14, -19, -27, -34, -42, 0, 0, -60, 0, 0, 72, 73, 74, 0, 75, 76, 77], [-3, 0, 0, -28, -35, -43, -49, -54, -61, -65, -72, 0, 78, 79, 80, 0, 81, 82], [-4, 0, -20, -29, 0, 0, -50, -55, 0, -66, -73, -78, 0, 0, 0, 83, 84, 85], [-5, -15, -21, 0, -36, 0, -51, -56, 0, -67, -74, -79, 0, 0, 0, 86, 87, 88], [-6, -16, -22, 0, -37, -44, 0, 0, 0, -68, 0, -80, 0, 0, 0, 89, 90, 91], [-7, 0, -23, 0, -38, -45, 0, -57, -62, -69, -75, 0, -83, -86, -89, 0, 92, 93], [-8, -17, -24, -30, -39, -46, -52, 0, -63, -70, -76, -81, -84, -87, -90, -92, 0, 94], [-9, -18, -25, -31, -40, -47, -53, -58, -64, -71, -77, -82, -85, -88, -91, -93, -94, 0]], [[0, 0, 0, 0, 0, 0, 0, 0, 0, 1, 2, 3, 0, 4, 0, 5, 6, 7], [0, 0, 0, 0, 0, 0, 0, 8, 0, 9, 10, 11, 12, 13, 14, 15, 0, 16], [0, 0, 0, 0, 0, 17, 0, 0, 0, 0, 18, 19, 20, 21, 22, 23, 24, 0], [0, 0, 0, 0, 0, 0, 0, 0, 0, 25, 26, 0, 27, 28, 29, 0, 30, 31], [0, 0, 0, 0, 0, 0, 0, 0, 0, 32, 33, 34, 35, 36, 37, 38, 0, 39], [0, 0, -17, 0, 0, 0, 0, 0, 0, 40, 41, 42, 43, 44, 45, 0, 46, 47], [0, 0, 0, 0, 0, 0, 0, 48, 49, 0, 50, 0, 51, 52, 53, 54, 0, 0], [0, -8, 0, 0, 0, 0, -48, 0, 0, 55, 56, 0, 0, 0, 57, 58, 59, 60], [0, 0, 0, 0, 0, 0, -49, 0, 0, 0, 61, 62, 63, 64, 65, 66, 67, 68], [-1, -9, 0, -25, -32, -40, 0, -55, 0, 0, 69, 70, 0, 0, 0, 0, 71, 72], [-2, -10, -18, -26, -33, -41, -50, -56, -61, -69, 0, 73, 0, 0, 74, 75, 76, 77], [-3, -11, -19, 0, -34, -42, 0, 0, -62, -70, -73, 0, 78, 79, 80, 81, 82, 83], [0, -12, -20, -27, -35, -43, -51, 0, -63, 0, 0, -78, 0, 0, 84, 85, 86, 87], [-4, -13, -21, -28, -36, -44, -52, 0, -64, 0, 0, -79, 0, 0, 88, 0, 0, 89], [0, -14, -22, -29, -37, -45, -53, -57, -65, 0, -74, -80, -84, -88, 0, 90, 91, 92], [-5, -15, -23, 0, -38, 0, -54, -58, -66, 0, -75, -81, -85, 0, -90, 0, 0, 93], [-6, 0, -24, -30, 0, -46, 0, -59, -67, -71, -76, -82, -86, 0, -91, 0, 0, 0], [-7, -16, 0, -31, -39, -47, 0, -60, -68, -72, -77, -83, -87, -89, -92, -93, 0, 0]]]