[[[0, 1, 0, 0, 0, 0, 0, 0, 2, 3, 4, 5, 6, 7], [-1, 0, 0, 0, 0, 0, 0, 8, 9, 10, 11, 12, 0, 13], [0, 0, 0, 0, 0, 0, 0, 14, 15, 16, 0, 17, 18, 19], [0, 0, 0, 0, 0, 20, 0, 0, 0, 21, 0, 22, 23, 24], [0, 0, 0, 0, 0, 0, 25, 0, 26, 0, 0, 27, 28, 0], [0, 0, 0, -20, 0, 0, 0, 29, 30, 31, 32, 33, 34, 35], [0, 0, 0, 0, -25, 0, 0, 36, 37, 38, 39, 40, 41, 0], [0, -8, -14, 0, 0, -29, -36, 0, 0, 42, 43, 44, 45, 46], [-2, -9, -15, 0, -26, -30, -37, 0, 0, 0, 47, 48, 49, 50], [-3, -10, -16, -21, 0, -31, -38, -42, 0, 0, 51, 52, 0, 53], [-4, -11, 0, 0, 0, -32, -39, -43, -47, -51, 0, 54, 0, 55], [-5, -12, -17, -22, -27, -33, -40, -44, -48, -52, -54, 0, 56, 57], [-6, 0, -18, -23, -28, -34, -41, -45, -49, 0, 0, -56, 0, 58], [-7, -13, -19, -24, 0, -35, 0, -46, -50, -53, -55, -57, -58, 0]], [[0, 0, 1, 0, 0, 0, 0, 2, 3, 0, 0, 4, 5, 6], [0, 0, 0, 0, 0, 0, 0, 7, 8, 9, 10, 0, 0, 11], [-1, 0, 0, 0, 0, 0, 0, 0, 12, 13, 0, 0, 14, 15], [0, 0, 0, 0, 0, 0, 0, 16, 17, 18, 19, 20, 21, 22], [0, 0, 0, 0, 0, 0, 0, 23, 24, 0, 25, 26, 27, 28], [0, 0, 0, 0, 0, 0, 0, 0, 29, 30, 0, 31, 0, 32], [0, 0, 0, 0, 0, 0, 0, 33, 34, 0, 35, 0, 0, 36], [-2, -7, 0, -16, -23, 0, -33, 0, 37, 0, 0, 38, 39, 40], [-3, -8, -12, -17, -24, -29, -34, -37, 0, 41, 42, 43, 44, 45], [0, -9, -13, -18, 0, -30, 0, 0, -41, 0, 46, 47, 48, 49], [0, -10, 0, -19, -25, 0, -35, 0, -42, -46, 0, 50, 51, 0], [-4, 0, 0, -20, -26, -31, 0, -38, -43, -47, -50, 0, 52, 53], [-5, 0, -14, -21, -27, 0, 0, -39, -44, -48, -51, -52, 0, 0], [-6, -11, -15, -22, -28, -32, -36, -40, -45, -49, 0, -53, 0, 0]], [[0, 0, 1, 0, 0, 0, 0, 2, 3, 4, 5, 6, 7, 0], [0, 0, 0, 0, 0, 8, 0, 9, 10, 11, 12, 13, 14, 15], [-1, 0, 0, 0, 0, 0, 0, 16, 0, 17, 18, 19, 20, 21], [0, 0, 0, 0, 0, 0, 0, 22, 23, 0, 24, 25, 26, 0], [0, 0, 0, 0, 0, 0, 0, 27, 0, 28, 29, 30, 31, 32], [0, -8, 0, 0, 0, 0, 33, 34, 35, 36, 37, 38, 39, 0], [0, 0, 0, 0, 0, -33, 0, 0, 0, 40, 41, 42, 43, 44], [-2, -9, -16, -22, -27, -34, 0, 0, 45, 46, 47, 48, 49, 50], [-3, -10, 0, -23, 0, -35, 0, -45, 0, 51, 52, 53, 54, 55], [-4, -11, -17, 0, -28, -36, -40, -46, -51, 0, 56, 57, 58, 59], [-5, -12, -18, -24, -29, -37, -41, -47, -52, -56, 0, 0, 60, 61], [-6, -13, -19, -25, -30, -38, -42, -48, -53, -57, 0, 0, 62, 63], [-7, -14, -20, -26, -31, -39, -43, -49, -54, -58, -60, -62, 0, 64], [0, -15, -21, 0, -32, 0, -44, -50, -55, -59, -61, -63, -64, 0]], [[0, 0, 0, 0, 0, 0, 0, 1, 2, 3, 4, 5, 6, 7], [0, 0, 0, 0, 0, 0, 0, 8, 9, 10, 0, 11, 12, 13], [0, 0, 0, 0, 0, 0, 0, 14, 15, 16, 17, 18, 19, 20], [0, 0, 0, 0, 0, 0, 0, 21, 22, 23, 24, 25, 26, 27], [0, 0, 0, 0, 0, 0, 0, 0, 28, 29, 30, 31, 32, 0], [0, 0, 0, 0, 0, 0, 0, 33, 34, 35, 36, 0, 37, 38], [0, 0, 0, 0, 0, 0, 0, 0, 39, 40, 41, 42, 43, 0], [-1, -8, -14, -21, 0, -33, 0, 0, 44, 45, 46, 47, 0, 48], [-2, -9, -15, -22, -28, -34, -39, -44, 0, 49, 50, 51, 52, 53], [-3, -10, -16, -23, -29, -35, -40, -45, -49, 0, 54, 55, 0, 56], [-4, 0, -17, -24, -30, -36, -41, -46, -50, -54, 0, 0, 57, 0], [-5, -11, -18, -25, -31, 0, -42, -47, -51, -55, 0, 0, 58, 59], [-6, -12, -19, -26, -32, -37, -43, 0, -52, 0, -57, -58, 0, 60], [-7, -13, -20, -27, 0, -38, 0, -48, -53, -56, 0, -59, -60, 0]], [[0, 0, 0, 0, 0, 1, 0, 2, 3, 4, 5, 6, 7, 8], [0, 0, 0, 0, 0, 0, 0, 9, 10, 11, 12, 13, 0, 14], [0, 0, 0, 15, 0, 0, 0, 16, 17, 18, 0, 19, 0, 0], [0, 0, -15, 0, 0, 0, 0, 20, 21, 22, 23, 0, 0, 24], [0, 0, 0, 0, 0, 0, 0, 25, 26, 27, 28, 0, 29, 30], [-1, 0, 0, 0, 0, 0, 0, 31, 32, 33, 34, 35, 36, 37], [0, 0, 0, 0, 0, 0, 0, 38, 39, 40, 41, 42, 43, 44], [-2, -9, -16, -20, -25, -31, -38, 0, 45, 46, 0, 47, 0, 48], [-3, -10, -17, -21, -26, -32, -39, -45, 0, 49, 0, 50, 0, 51], [-4, -11, -18, -22, -27, -33, -40, -46, -49, 0, 52, 53, 54, 55], [-5, -12, 0, -23, -28, -34, -41, 0, 0, -52, 0, 56, 57, 0], [-6, -13, -19, 0, 0, -35, -42, -47, -50, -53, -56, 0, 0, 58], [-7, 0, 0, 0, -29, -36, -43, 0, 0, -54, -57, 0, 0, 59], [-8, -14, 0, -24, -30, -37, -44, -48, -51, -55, 0, -58, -59, 0]], [[0, 0, 0, 0, 0, 0, 0, 1, 2, 3, 4, 5, 0, 0], [0, 0, 0, 6, 0, 0, 0, 7, 8, 0, 9, 10, 11, 0], [0, 0, 0, 0, 0, 0, 0, 0, 12, 13, 14, 15, 16, 17], [0, -6, 0, 0, 0, 0, 0, 0, 18, 0, 0, 19, 20, 21], [0, 0, 0, 0, 0, 22, 0, 0, 23, 0, 24, 25, 26, 27], [0, 0, 0, 0, -22, 0, 0, 0, 28, 0, 29, 30, 31, 0], [0, 0, 0, 0, 0, 0, 0, 32, 33, 0, 34, 35, 36, 37], [-1, -7, 0, 0, 0, 0, -32, 0, 38, 39, 40, 41, 42, 43], [-2, -8, -12, -18, -23, -28, -33, -38, 0, 44, 0, 45, 46, 47], [-3, 0, -13, 0, 0, 0, 0, -39, -44, 0, 48, 0, 49, 50], [-4, -9, -14, 0, -24, -29, -34, -40, 0, -48, 0, 51, 52, 53], [-5, -10, -15, -19, -25, -30, -35, -41, -45, 0, -51, 0, 54, 55], [0, -11, -16, -20, -26, -31, -36, -42, -46, -49, -52, -54, 0, 0], [0, 0, -17, -21, -27, 0, -37, -43, -47, -50, -53, -55, 0, 0]], [[0, 0, 0, 0, 0, 1, 0, 2, 3, 4, 0, 5, 6, 7], [0, 0, 0, 0, 0, 0, 0, 8, 9, 10, 0, 11, 0, 12], [0, 0, 0, 0, 0, 0, 0, 13, 14, 15, 16, 17, 18, 19], [0, 0, 0, 0, 0, 0, 0, 0, 20, 21, 22, 23, 24, 25], [0, 0, 0, 0, 0, 26, 0, 27, 28, 29, 30, 0, 31, 32], [-1, 0, 0, 0, -26, 0, 0, 33, 34, 35, 36, 37, 38, 39], [0, 0, 0, 0, 0, 0, 0, 0, 40, 41, 42, 0, 43, 44], [-2, -8, -13, 0, -27, -33, 0, 0, 45, 46, 47, 48, 49, 50], [-3, -9, -14, -20, -28, -34, -40, -45, 0, 51, 52, 53, 54, 0], [-4, -10, -15, -21, -29, -35, -41, -46, -51, 0, 55, 56, 57, 58], [0, 0, -16, -22, -30, -36, -42, -47, -52, -55, 0, 59, 60, 61], [-5, -11, -17, -23, 0, -37, 0, -48, -53, -56, -59, 0, 62, 63], [-6, 0, -18, -24, -31, -38, -43, -49, -54, -57, -60, -62, 0, 64], [-7, -12, -19, -25, -32, -39, -44, -50, 0, -58, -61, -63, -64, 0]], [[0, 0, 0, 0, 0, 0, 1, 2, 3, 4, 5, 0, 0, 6], [0, 0, 0, 0, 7, 0, 0, 8, 9, 10, 11, 12, 13, 14], [0, 0, 0, 0, 0, 0, 15, 16, 17, 0, 0, 18, 19, 20], [0, 0, 0, 0, 0, 0, 0, 21, 0, 22, 23, 0, 24, 25], [0, -7, 0, 0, 0, 0, 26, 27, 28, 29, 30, 31, 32, 0], [0, 0, 0, 0, 0, 0, 0, 33, 34, 0, 35, 36, 37, 0], [-1, 0, -15, 0, -26, 0, 0, 38, 39, 40, 41, 42, 43, 44], [-2, -8, -16, -21, -27, -33, -38, 0, 45, 46, 47, 48, 49, 50], [-3, -9, -17, 0, -28, -34, -39, -45, 0, 51, 0, 52, 53, 54], [-4, -10, 0, -22, -29, 0, -40, -46, -51, 0, 55, 56, 57, 58], [-5, -11, 0, -23, -30, -35, -41, -47, 0, -55, 0, 59, 0, 60], [0, -12, -18, 0, -31, -36, -42, -48, -52, -56, -59, 0, 61, 62], [0, -13, -19, -24, -32, -37, -43, -49, -53, -57, 0, -61, 0, 63], [-6, -14, -20, -25, 0, 0, -44, -50, -54, -58, -60, -62, -63, 0]], [[0, 0, 0, 0, 0, 0, 0, 1, 0, 2, 3, 0, 4, 5], [0, 0, 0, 0, 0, 0, 0, 6, 7, 8, 9, 10, 11, 12], [0, 0, 0, 0, 13, 0, 0, 14, 15, 16, 17, 18, 0, 19], [0, 0, 0, 0, 0, 0, 0, 20, 0, 21, 0, 22, 23, 24], [0, 0, -13, 0, 0, 0, 0, 25, 26, 0, 0, 27, 28, 29], [0, 0, 0, 0, 0, 0, 0, 30, 31, 0, 32, 33, 34, 35], [0, 0, 0, 0, 0, 0, 0, 36, 37, 0, 38, 39, 40, 0], [-1, -6, -14, -20, -25, -30, -36, 0, 41, 42, 43, 0, 0, 0], [0, -7, -15, 0, -26, -31, -37, -41, 0, 44, 45, 46, 47, 48], [-2, -8, -16, -21, 0, 0, 0, -42, -44, 0, 49, 50, 0, 51], [-3, -9, -17, 0, 0, -32, -38, -43, -45, -49, 0, 52, 53, 0], [0, -10, -18, -22, -27, -33, -39, 0, -46, -50, -52, 0, 54, 55], [-4, -11, 0, -23, -28, -34, -40, 0, -47, 0, -53, -54, 0, 56], [-5, -12, -19, -24, -29, -35, 0, 0, -48, -51, 0, -55, -56, 0]], [[0, 0, 0, 0, 0, 0, 0, 0, 1, 2, 3, 4, 5, 6], [0, 0, 0, 0, 0, 0, 0, 7, 8, 9, 10, 11, 0, 12], [0, 0, 0, 0, 0, 0, 0, 13, 14, 15, 16, 17, 18, 0], [0, 0, 0, 0, 0, 0, 0, 19, 20, 0, 21, 0, 22, 23], [0, 0, 0, 0, 0, 0, 0, 24, 25, 26, 27, 28, 29, 30], [0, 0, 0, 0, 0, 0, 0, 31, 32, 0, 0, 33, 0, 34], [0, 0, 0, 0, 0, 0, 0, 0, 35, 36, 37, 38, 39, 40], [0, -7, -13, -19, -24, -31, 0, 0, 41, 42, 43, 44, 45, 46], [-1, -8, -14, -20, -25, -32, -35, -41, 0, 47, 48, 49, 50, 0], [-2, -9, -15, 0, -26, 0, -36, -42, -47, 0, 0, 51, 52, 0], [-3, -10, -16, -21, -27, 0, -37, -43, -48, 0, 0, 53, 54, 0], [-4, -11, -17, 0, -28, -33, -38, -44, -49, -51, -53, 0, 55, 0], [-5, 0, -18, -22, -29, 0, -39, -45, -50, -52, -54, -55, 0, 56], [-6, -12, 0, -23, -30, -34, -40, -46, 0, 0, 0, 0, -56, 0]], [[0, 0, 0, 0, 0, 0, 0, 1, 2, 3, 4, 0, 5, 6], [0, 0, 0, 0, 0, 0, 0, 7, 8, 9, 10, 11, 12, 13], [0, 0, 0, 0, 0, 0, 0, 14, 15, 16, 0, 17, 18, 19], [0, 0, 0, 0, 0, 20, 0, 21, 22, 0, 23, 0, 24, 25], [0, 0, 0, 0, 0, 0, 0, 26, 27, 0, 28, 29, 30, 31], [0, 0, 0, -20, 0, 0, 0, 32, 33, 34, 0, 35, 36, 37], [0, 0, 0, 0, 0, 0, 0, 38, 39, 40, 41, 42, 43, 44], [-1, -7, -14, -21, -26, -32, -38, 0, 45, 46, 47, 48, 49, 0], [-2, -8, -15, -22, -27, -33, -39, -45, 0, 50, 0, 51, 52, 53], [-3, -9, -16, 0, 0, -34, -40, -46, -50, 0, 54, 55, 56, 0], [-4, -10, 0, -23, -28, 0, -41, -47, 0, -54, 0, 0, 57, 58], [0, -11, -17, 0, -29, -35, -42, -48, -51, -55, 0, 0, 59, 60], [-5, -12, -18, -24, -30, -36, -43, -49, -52, -56, -57, -59, 0, 61], [-6, -13, -19, -25, -31, -37, -44, 0, -53, 0, -58, -60, -61, 0]], [[0, 1, 0, 0, 0, 0, 0, 2, 3, 4, 5, 6, 0, 7], [-1, 0, 0, 0, 0, 0, 0, 8, 9, 10, 0, 11, 0, 0], [0, 0, 0, 0, 0, 0, 0, 12, 13, 0, 14, 15, 0, 0], [0, 0, 0, 0, 0, 0, 0, 16, 0, 17, 18, 19, 0, 0], [0, 0, 0, 0, 0, 0, 0, 20, 0, 0, 21, 22, 23, 0], [0, 0, 0, 0, 0, 0, 0, 24, 25, 26, 27, 28, 0, 29], [0, 0, 0, 0, 0, 0, 0, 0, 30, 31, 32, 33, 34, 35], [-2, -8, -12, -16, -20, -24, 0, 0, 36, 37, 38, 39, 0, 40], [-3, -9, -13, 0, 0, -25, -30, -36, 0, 41, 42, 43, 44, 0], [-4, -10, 0, -17, 0, -26, -31, -37, -41, 0, 0, 45, 46, 47], [-5, 0, -14, -18, -21, -27, -32, -38, -42, 0, 0, 48, 49, 50], [-6, -11, -15, -19, -22, -28, -33, -39, -43, -45, -48, 0, 51, 0], [0, 0, 0, 0, -23, 0, -34, 0, -44, -46, -49, -51, 0, 52], [-7, 0, 0, 0, 0, -29, -35, -40, 0, -47, -50, 0, -52, 0]], [[0, 0, 0, 1, 0, 0, 0, 2, 3, 0, 0, 4, 5, 6], [0, 0, 0, 0, 0, 0, 0, 7, 8, 9, 10, 11, 12, 13], [0, 0, 0, 0, 0, 0, 0, 14, 15, 16, 17, 18, 19, 0], [-1, 0, 0, 0, 0, 0, 0, 20, 21, 0, 22, 23, 24, 25], [0, 0, 0, 0, 0, 0, 0, 26, 27, 0, 28, 29, 0, 30], [0, 0, 0, 0, 0, 0, 0, 31, 0, 32, 33, 34, 0, 35], [0, 0, 0, 0, 0, 0, 0, 0, 36, 37, 38, 39, 40, 41], [-2, -7, -14, -20, -26, -31, 0, 0, 42, 43, 0, 0, 44, 45], [-3, -8, -15, -21, -27, 0, -36, -42, 0, 46, 0, 47, 0, 0], [0, -9, -16, 0, 0, -32, -37, -43, -46, 0, 0, 48, 49, 0], [0, -10, -17, -22, -28, -33, -38, 0, 0, 0, 0, 50, 51, 52], [-4, -11, -18, -23, -29, -34, -39, 0, -47, -48, -50, 0, 0, 0], [-5, -12, -19, -24, 0, 0, -40, -44, 0, -49, -51, 0, 0, 53], [-6, -13, 0, -25, -30, -35, -41, -45, 0, 0, -52, 0, -53, 0]], [[0, 0, 0, 0, 0, 0, 0, 1, 2, 0, 3, 4, 5, 6], [0, 0, 0, 7, 0, 0, 0, 0, 8, 9, 10, 11, 12, 0], [0, 0, 0, 0, 13, 0, 0, 14, 15, 16, 0, 17, 18, 19], [0, -7, 0, 0, 0, 0, 0, 20, 0, 21, 22, 23, 24, 0], [0, 0, -13, 0, 0, 0, 0, 25, 26, 27, 28, 29, 30, 31], [0, 0, 0, 0, 0, 0, 0, 0, 0, 32, 33, 34, 0, 35], [0, 0, 0, 0, 0, 0, 0, 36, 37, 38, 0, 39, 40, 41], [-1, 0, -14, -20, -25, 0, -36, 0, 42, 43, 44, 45, 46, 47], [-2, -8, -15, 0, -26, 0, -37, -42, 0, 0, 48, 0, 49, 50], [0, -9, -16, -21, -27, -32, -38, -43, 0, 0, 0, 0, 51, 52], [-3, -10, 0, -22, -28, -33, 0, -44, -48, 0, 0, 53, 54, 55], [-4, -11, -17, -23, -29, -34, -39, -45, 0, 0, -53, 0, 56, 57], [-5, -12, -18, -24, -30, 0, -40, -46, -49, -51, -54, -56, 0, 0], [-6, 0, -19, 0, -31, -35, -41, -47, -50, -52, -55, -57, 0, 0]], [[0, 0, 0, 0, 0, 0, 0, 0, 1, 2, 3, 4, 5, 6], [0, 0, 0, 0, 0, 0, 0, 7, 8, 0, 9, 10, 11, 12], [0, 0, 0, 0, 0, 0, 0, 13, 14, 15, 16, 17, 18, 19], [0, 0, 0, 0, 20, 0, 0, 21, 22, 23, 24, 25, 26, 0], [0, 0, 0, -20, 0, 0, 0, 0, 27, 28, 29, 30, 31, 0], [0, 0, 0, 0, 0, 0, 0, 32, 33, 34, 0, 0, 35, 0], [0, 0, 0, 0, 0, 0, 0, 36, 0, 37, 38, 39, 40, 41], [0, -7, -13, -21, 0, -32, -36, 0, 0, 42, 43, 44, 45, 46], [-1, -8, -14, -22, -27, -33, 0, 0, 0, 0, 0, 0, 47, 48], [-2, 0, -15, -23, -28, -34, -37, -42, 0, 0, 0, 0, 49, 50], [-3, -9, -16, -24, -29, 0, -38, -43, 0, 0, 0, 51, 52, 53], [-4, -10, -17, -25, -30, 0, -39, -44, 0, 0, -51, 0, 54, 55], [-5, -11, -18, -26, -31, -35, -40, -45, -47, -49, -52, -54, 0, 56], [-6, -12, -19, 0, 0, 0, -41, -46, -48, -50, -53, -55, -56, 0]], [[0, 0, 0, 0, 0, 0, 0, 0, 1, 2, 3, 0, 4, 5], [0, 0, 0, 0, 0, 0, 6, 7, 8, 9, 10, 0, 11, 12], [0, 0, 0, 0, 0, 0, 13, 0, 14, 15, 16, 17, 18, 19], [0, 0, 0, 0, 0, 0, 0, 20, 0, 21, 22, 0, 23, 24], [0, 0, 0, 0, 0, 0, 0, 25, 26, 27, 28, 0, 29, 30], [0, 0, 0, 0, 0, 0, 0, 31, 32, 33, 34, 35, 36, 37], [0, -6, -13, 0, 0, 0, 0, 38, 39, 40, 41, 42, 43, 0], [0, -7, 0, -20, -25, -31, -38, 0, 44, 45, 46, 47, 48, 0], [-1, -8, -14, 0, -26, -32, -39, -44, 0, 49, 0, 50, 51, 52], [-2, -9, -15, -21, -27, -33, -40, -45, -49, 0, 53, 54, 55, 0], [-3, -10, -16, -22, -28, -34, -41, -46, 0, -53, 0, 0, 56, 0], [0, 0, -17, 0, 0, -35, -42, -47, -50, -54, 0, 0, 57, 58], [-4, -11, -18, -23, -29, -36, -43, -48, -51, -55, -56, -57, 0, 59], [-5, -12, -19, -24, -30, -37, 0, 0, -52, 0, 0, -58, -59, 0]], [[0, 0, 0, 0, 0, 0, 0, 1, 2, 3, 4, 5, 0, 6], [0, 0, 0, 0, 0, 0, 7, 8, 0, 9, 10, 11, 0, 12], [0, 0, 0, 0, 0, 0, 0, 13, 14, 15, 16, 17, 0, 0], [0, 0, 0, 0, 0, 0, 0, 18, 19, 20, 21, 22, 23, 24], [0, 0, 0, 0, 0, 0, 25, 26, 27, 28, 29, 30, 31, 32], [0, 0, 0, 0, 0, 0, 0, 0, 33, 34, 35, 36, 37, 38], [0, -7, 0, 0, -25, 0, 0, 39, 0, 40, 41, 42, 43, 44], [-1, -8, -13, -18, -26, 0, -39, 0, 45, 46, 47, 48, 49, 50], [-2, 0, -14, -19, -27, -33, 0, -45, 0, 51, 52, 53, 54, 55], [-3, -9, -15, -20, -28, -34, -40, -46, -51, 0, 56, 57, 0, 58], [-4, -10, -16, -21, -29, -35, -41, -47, -52, -56, 0, 59, 60, 61], [-5, -11, -17, -22, -30, -36, -42, -48, -53, -57, -59, 0, 62, 63], [0, 0, 0, -23, -31, -37, -43, -49, -54, 0, -60, -62, 0, 64], [-6, -12, 0, -24, -32, -38, -44, -50, -55, -58, -61, -63, -64, 0]], [[0, 0, 0, 0, 1, 0, 0, 2, 0, 3, 4, 5, 0, 0], [0, 0, 0, 0, 0, 0, 0, 6, 7, 8, 9, 0, 0, 0], [0, 0, 0, 0, 0, 0, 0, 10, 11, 12, 13, 0, 14, 15], [0, 0, 0, 0, 16, 0, 0, 17, 18, 0, 19, 20, 21, 22], [-1, 0, 0, -16, 0, 0, 23, 24, 25, 26, 27, 0, 28, 29], [0, 0, 0, 0, 0, 0, 0, 30, 31, 32, 33, 34, 35, 36], [0, 0, 0, 0, -23, 0, 0, 37, 38, 39, 40, 41, 42, 43], [-2, -6, -10, -17, -24, -30, -37, 0, 44, 45, 46, 47, 48, 0], [0, -7, -11, -18, -25, -31, -38, -44, 0, 49, 50, 0, 51, 52], [-3, -8, -12, 0, -26, -32, -39, -45, -49, 0, 0, 53, 54, 0], [-4, -9, -13, -19, -27, -33, -40, -46, -50, 0, 0, 55, 56, 0], [-5, 0, 0, -20, 0, -34, -41, -47, 0, -53, -55, 0, 57, 58], [0, 0, -14, -21, -28, -35, -42, -48, -51, -54, -56, -57, 0, 59], [0, 0, -15, -22, -29, -36, -43, 0, -52, 0, 0, -58, -59, 0]], [[0, 0, 0, 0, 1, 0, 0, 2, 0, 3, 4, 0, 0, 5], [0, 0, 0, 0, 0, 0, 0, 6, 7, 0, 8, 9, 10, 11], [0, 0, 0, 0, 0, 12, 0, 13, 0, 14, 15, 16, 17, 18], [0, 0, 0, 0, 0, 0, 0, 19, 20, 21, 0, 22, 0, 23], [-1, 0, 0, 0, 0, 0, 0, 0, 24, 25, 26, 0, 27, 28], [0, 0, -12, 0, 0, 0, 0, 0, 29, 30, 31, 32, 33, 0], [0, 0, 0, 0, 0, 0, 0, 34, 0, 35, 0, 36, 37, 38], [-2, -6, -13, -19, 0, 0, -34, 0, 39, 40, 0, 41, 42, 43], [0, -7, 0, -20, -24, -29, 0, -39, 0, 44, 45, 46, 47, 48], [-3, 0, -14, -21, -25, -30, -35, -40, -44, 0, 49, 0, 50, 51], [-4, -8, -15, 0, -26, -31, 0, 0, -45, -49, 0, 52, 53, 54], [0, -9, -16, -22, 0, -32, -36, -41, -46, 0, -52, 0, 0, 55], [0, -10, -17, 0, -27, -33, -37, -42, -47, -50, -53, 0, 0, 56], [-5, -11, -18, -23, -28, 0, -38, -43, -48, -51, -54, -55, -56, 0]], [[0, 1, 0, 0, 0, 0, 0, 2, 3, 4, 5, 6, 7, 8], [-1, 0, 0, 0, 0, 9, 0, 10, 11, 12, 0, 0, 0, 13], [0, 0, 0, 0, 0, 0, 0, 14, 15, 16, 0, 17, 0, 18], [0, 0, 0, 0, 0, 0, 19, 0, 20, 21, 22, 23, 24, 25], [0, 0, 0, 0, 0, 0, 0, 26, 27, 28, 29, 30, 31, 32], [0, -9, 0, 0, 0, 0, 0, 0, 0, 33, 34, 35, 0, 36], [0, 0, 0, -19, 0, 0, 0, 37, 38, 39, 40, 0, 41, 42], [-2, -10, -14, 0, -26, 0, -37, 0, 43, 44, 0, 45, 46, 47], [-3, -11, -15, -20, -27, 0, -38, -43, 0, 48, 49, 50, 51, 52], [-4, -12, -16, -21, -28, -33, -39, -44, -48, 0, 53, 0, 54, 55], [-5, 0, 0, -22, -29, -34, -40, 0, -49, -53, 0, 0, 56, 0], [-6, 0, -17, -23, -30, -35, 0, -45, -50, 0, 0, 0, 57, 58], [-7, 0, 0, -24, -31, 0, -41, -46, -51, -54, -56, -57, 0, 59], [-8, -13, -18, -25, -32, -36, -42, -47, -52, -55, 0, -58, -59, 0]], [[0, 0, 0, 0, 0, 0, 0, 1, 2, 3, 0, 4, 0, 5], [0, 0, 0, 0, 0, 0, 0, 6, 7, 8, 0, 0, 9, 10], [0, 0, 0, 0, 0, 0, 0, 11, 12, 13, 14, 15, 16, 0], [0, 0, 0, 0, 0, 17, 0, 18, 0, 19, 20, 21, 0, 22], [0, 0, 0, 0, 0, 0, 0, 23, 24, 25, 26, 27, 28, 29], [0, 0, 0, -17, 0, 0, 0, 30, 31, 32, 33, 34, 35, 36], [0, 0, 0, 0, 0, 0, 0, 37, 38, 39, 40, 0, 41, 42], [-1, -6, -11, -18, -23, -30, -37, 0, 43, 0, 44, 45, 46, 47], [-2, -7, -12, 0, -24, -31, -38, -43, 0, 48, 0, 49, 50, 51], [-3, -8, -13, -19, -25, -32, -39, 0, -48, 0, 52, 0, 53, 0], [0, 0, -14, -20, -26, -33, -40, -44, 0, -52, 0, 0, 54, 55], [-4, 0, -15, -21, -27, -34, 0, -45, -49, 0, 0, 0, 56, 0], [0, -9, -16, 0, -28, -35, -41, -46, -50, -53, -54, -56, 0, 0], [-5, -10, 0, -22, -29, -36, -42, -47, -51, 0, -55, 0, 0, 0]], [[0, 0, 0, 0, 0, 0, 0, 1, 2, 3, 4, 5, 6, 7], [0, 0, 0, 0, 0, 0, 0, 8, 9, 10, 0, 11, 12, 0], [0, 0, 0, 0, 0, 0, 0, 0, 13, 14, 15, 16, 17, 0], [0, 0, 0, 0, 0, 0, 0, 0, 18, 0, 19, 20, 21, 22], [0, 0, 0, 0, 0, 0, 0, 23, 24, 25, 26, 27, 28, 29], [0, 0, 0, 0, 0, 0, 30, 31, 32, 33, 0, 34, 0, 35], [0, 0, 0, 0, 0, -30, 0, 36, 0, 37, 38, 39, 0, 40], [-1, -8, 0, 0, -23, -31, -36, 0, 41, 0, 42, 43, 44, 0], [-2, -9, -13, -18, -24, -32, 0, -41, 0, 0, 45, 0, 46, 47], [-3, -10, -14, 0, -25, -33, -37, 0, 0, 0, 48, 49, 50, 51], [-4, 0, -15, -19, -26, 0, -38, -42, -45, -48, 0, 52, 0, 53], [-5, -11, -16, -20, -27, -34, -39, -43, 0, -49, -52, 0, 54, 55], [-6, -12, -17, -21, -28, 0, 0, -44, -46, -50, 0, -54, 0, 56], [-7, 0, 0, -22, -29, -35, -40, 0, -47, -51, -53, -55, -56, 0]], [[0, 0, 0, 0, 0, 0, 0, 1, 2, 3, 4, 0, 5, 0], [0, 0, 0, 6, 0, 0, 0, 7, 8, 9, 10, 11, 12, 13], [0, 0, 0, 0, 0, 0, 0, 14, 15, 16, 17, 18, 19, 0], [0, -6, 0, 0, 0, 0, 0, 20, 0, 21, 22, 23, 24, 25], [0, 0, 0, 0, 0, 0, 0, 26, 27, 28, 0, 29, 30, 0], [0, 0, 0, 0, 0, 0, 0, 31, 32, 33, 34, 35, 0, 36], [0, 0, 0, 0, 0, 0, 0, 37, 38, 39, 40, 41, 42, 43], [-1, -7, -14, -20, -26, -31, -37, 0, 44, 45, 46, 47, 48, 49], [-2, -8, -15, 0, -27, -32, -38, -44, 0, 0, 50, 51, 52, 53], [-3, -9, -16, -21, -28, -33, -39, -45, 0, 0, 54, 0, 55, 56], [-4, -10, -17, -22, 0, -34, -40, -46, -50, -54, 0, 57, 0, 0], [0, -11, -18, -23, -29, -35, -41, -47, -51, 0, -57, 0, 58, 59], [-5, -12, -19, -24, -30, 0, -42, -48, -52, -55, 0, -58, 0, 0], [0, -13, 0, -25, 0, -36, -43, -49, -53, -56, 0, -59, 0, 0]], [[0, 0, 0, 0, 0, 0, 0, 1, 2, 3, 4, 5, 6, 7], [0, 0, 0, 0, 0, 8, 0, 9, 10, 11, 0, 12, 13, 14], [0, 0, 0, 15, 0, 0, 16, 0, 17, 18, 19, 20, 21, 0], [0, 0, -15, 0, 0, 0, 0, 22, 23, 24, 25, 0, 0, 0], [0, 0, 0, 0, 0, 0, 0, 26, 0, 27, 0, 28, 29, 30], [0, -8, 0, 0, 0, 0, 0, 31, 32, 33, 34, 35, 36, 37], [0, 0, -16, 0, 0, 0, 0, 0, 38, 0, 39, 40, 41, 42], [-1, -9, 0, -22, -26, -31, 0, 0, 43, 0, 44, 0, 45, 46], [-2, -10, -17, -23, 0, -32, -38, -43, 0, 47, 48, 0, 49, 50], [-3, -11, -18, -24, -27, -33, 0, 0, -47, 0, 51, 0, 52, 53], [-4, 0, -19, -25, 0, -34, -39, -44, -48, -51, 0, 54, 55, 56], [-5, -12, -20, 0, -28, -35, -40, 0, 0, 0, -54, 0, 0, 57], [-6, -13, -21, 0, -29, -36, -41, -45, -49, -52, -55, 0, 0, 58], [-7, -14, 0, 0, -30, -37, -42, -46, -50, -53, -56, -57, -58, 0]], [[0, 1, 2, 0, 0, 0, 0, 0, 3, 0, 4, 5, 6, 0], [-1, 0, 0, 0, 0, 0, 0, 7, 8, 9, 10, 11, 0, 12], [-2, 0, 0, 0, 0, 0, 0, 13, 14, 0, 15, 16, 17, 18], [0, 0, 0, 0, 0, 0, 0, 19, 20, 0, 21, 22, 0, 23], [0, 0, 0, 0, 0, 0, 0, 24, 25, 26, 27, 28, 29, 30], [0, 0, 0, 0, 0, 0, 0, 0, 31, 32, 33, 34, 35, 36], [0, 0, 0, 0, 0, 0, 0, 37, 38, 39, 40, 0, 41, 42], [0, -7, -13, -19, -24, 0, -37, 0, 43, 0, 0, 44, 45, 46], [-3, -8, -14, -20, -25, -31, -38, -43, 0, 47, 48, 49, 0, 50], [0, -9, 0, 0, -26, -32, -39, 0, -47, 0, 51, 52, 53, 0], [-4, -10, -15, -21, -27, -33, -40, 0, -48, -51, 0, 54, 55, 56], [-5, -11, -16, -22, -28, -34, 0, -44, -49, -52, -54, 0, 0, 57], [-6, 0, -17, 0, -29, -35, -41, -45, 0, -53, -55, 0, 0, 58], [0, -12, -18, -23, -30, -36, -42, -46, -50, 0, -56, -57, -58, 0]], [[0, 0, 0, 0, 0, 0, 0, 1, 2, 3, 4, 0, 5, 6], [0, 0, 0, 0, 0, 0, 0, 7, 0, 0, 8, 9, 10, 11], [0, 0, 0, 0, 0, 0, 0, 12, 13, 14, 0, 15, 16, 17], [0, 0, 0, 0, 0, 0, 0, 18, 19, 20, 21, 22, 23, 24], [0, 0, 0, 0, 0, 0, 0, 25, 26, 27, 28, 29, 30, 31], [0, 0, 0, 0, 0, 0, 0, 32, 33, 34, 35, 36, 37, 0], [0, 0, 0, 0, 0, 0, 0, 38, 0, 39, 40, 41, 42, 43], [-1, -7, -12, -18, -25, -32, -38, 0, 44, 45, 46, 47, 0, 48], [-2, 0, -13, -19, -26, -33, 0, -44, 0, 49, 0, 50, 51, 0], [-3, 0, -14, -20, -27, -34, -39, -45, -49, 0, 0, 52, 53, 54], [-4, -8, 0, -21, -28, -35, -40, -46, 0, 0, 0, 0, 0, 55], [0, -9, -15, -22, -29, -36, -41, -47, -50, -52, 0, 0, 0, 56], [-5, -10, -16, -23, -30, -37, -42, 0, -51, -53, 0, 0, 0, 0], [-6, -11, -17, -24, -31, 0, -43, -48, 0, -54, -55, -56, 0, 0]], [[0, 0, 0, 0, 0, 0, 0, 0, 1, 2, 3, 4, 0, 5], [0, 0, 0, 0, 0, 0, 0, 6, 0, 7, 8, 9, 10, 0], [0, 0, 0, 0, 0, 0, 0, 0, 11, 12, 0, 13, 14, 15], [0, 0, 0, 0, 0, 0, 0, 16, 17, 18, 19, 20, 21, 0], [0, 0, 0, 0, 0, 0, 0, 22, 23, 24, 25, 26, 27, 0], [0, 0, 0, 0, 0, 0, 28, 29, 30, 31, 32, 33, 34, 35], [0, 0, 0, 0, 0, -28, 0, 36, 37, 38, 39, 40, 41, 42], [0, -6, 0, -16, -22, -29, -36, 0, 43, 44, 45, 46, 47, 48], [-1, 0, -11, -17, -23, -30, -37, -43, 0, 49, 50, 51, 52, 0], [-2, -7, -12, -18, -24, -31, -38, -44, -49, 0, 53, 54, 55, 56], [-3, -8, 0, -19, -25, -32, -39, -45, -50, -53, 0, 0, 57, 58], [-4, -9, -13, -20, -26, -33, -40, -46, -51, -54, 0, 0, 59, 0], [0, -10, -14, -21, -27, -34, -41, -47, -52, -55, -57, -59, 0, 60], [-5, 0, -15, 0, 0, -35, -42, -48, 0, -56, -58, 0, -60, 0]], [[0, 0, 0, 0, 0, 0, 0, 1, 2, 3, 4, 5, 6, 0], [0, 0, 0, 0, 0, 0, 0, 7, 8, 9, 10, 11, 12, 13], [0, 0, 0, 0, 0, 0, 0, 14, 15, 16, 17, 18, 0, 19], [0, 0, 0, 0, 0, 0, 20, 21, 22, 23, 24, 25, 26, 0], [0, 0, 0, 0, 0, 0, 0, 27, 0, 28, 29, 30, 0, 31], [0, 0, 0, 0, 0, 0, 0, 32, 33, 0, 34, 35, 36, 0], [0, 0, 0, -20, 0, 0, 0, 0, 37, 38, 39, 40, 41, 0], [-1, -7, -14, -21, -27, -32, 0, 0, 42, 0, 0, 43, 44, 0], [-2, -8, -15, -22, 0, -33, -37, -42, 0, 45, 46, 47, 48, 49], [-3, -9, -16, -23, -28, 0, -38, 0, -45, 0, 50, 51, 52, 0], [-4, -10, -17, -24, -29, -34, -39, 0, -46, -50, 0, 53, 0, 54], [-5, -11, -18, -25, -30, -35, -40, -43, -47, -51, -53, 0, 0, 55], [-6, -12, 0, -26, 0, -36, -41, -44, -48, -52, 0, 0, 0, 0], [0, -13, -19, 0, -31, 0, 0, 0, -49, 0, -54, -55, 0, 0]], [[0, 1, 0, 0, 2, 0, 0, 3, 4, 0, 0, 5, 6, 0], [-1, 0, 0, 0, 0, 0, 0, 7, 8, 9, 10, 0, 0, 11], [0, 0, 0, 12, 0, 0, 0, 13, 14, 15, 0, 16, 0, 17], [0, 0, -12, 0, 0, 0, 18, 19, 20, 21, 22, 0, 23, 0], [-2, 0, 0, 0, 0, 0, 0, 0, 24, 25, 26, 27, 28, 29], [0, 0, 0, 0, 0, 0, 0, 30, 31, 32, 33, 34, 0, 35], [0, 0, 0, -18, 0, 0, 0, 36, 37, 38, 0, 39, 40, 41], [-3, -7, -13, -19, 0, -30, -36, 0, 42, 43, 44, 45, 0, 46], [-4, -8, -14, -20, -24, -31, -37, -42, 0, 47, 48, 49, 50, 51], [0, -9, -15, -21, -25, -32, -38, -43, -47, 0, 52, 53, 0, 54], [0, -10, 0, -22, -26, -33, 0, -44, -48, -52, 0, 0, 55, 56], [-5, 0, -16, 0, -27, -34, -39, -45, -49, -53, 0, 0, 57, 58], [-6, 0, 0, -23, -28, 0, -40, 0, -50, 0, -55, -57, 0, 59], [0, -11, -17, 0, -29, -35, -41, -46, -51, -54, -56, -58, -59, 0]], [[0, 0, 0, 0, 0, 0, 1, 2, 3, 4, 0, 5, 6, 7], [0, 0, 0, 0, 0, 0, 0, 8, 9, 10, 11, 12, 0, 0], [0, 0, 0, 0, 0, 0, 0, 13, 14, 15, 16, 17, 18, 0], [0, 0, 0, 0, 0, 0, 0, 19, 20, 21, 22, 23, 24, 25], [0, 0, 0, 0, 0, 0, 26, 27, 28, 29, 30, 31, 32, 33], [0, 0, 0, 0, 0, 0, 0, 34, 35, 0, 36, 0, 37, 38], [-1, 0, 0, 0, -26, 0, 0, 39, 40, 41, 42, 0, 0, 43], [-2, -8, -13, -19, -27, -34, -39, 0, 0, 44, 45, 46, 0, 47], [-3, -9, -14, -20, -28, -35, -40, 0, 0, 48, 49, 50, 51, 52], [-4, -10, -15, -21, -29, 0, -41, -44, -48, 0, 53, 54, 55, 56], [0, -11, -16, -22, -30, -36, -42, -45, -49, -53, 0, 57, 0, 58], [-5, -12, -17, -23, -31, 0, 0, -46, -50, -54, -57, 0, 0, 59], [-6, 0, -18, -24, -32, -37, 0, 0, -51, -55, 0, 0, 0, 0], [-7, 0, 0, -25, -33, -38, -43, -47, -52, -56, -58, -59, 0, 0]]]