[[[0, 0, 0, 0, 0, 0, 1, 0, 0, 0, 0, 0, 0, 0, 0, 0, 0, 0, 0, 0, 0, 0, 0, 0, 0, 0, 2, 0, 3, 4, 5, 6, 7, 0, 0, 8, 9, 10, 11, 12, 13, 0, 14, 15, 16, 17, 18, 0, 19, 20, 0, 21, 22, 23, 0, 24], [0, 0, 0, 0, 25, 26, 0, 0, 0, 0, 0, 0, 0, 0, 0, 0, 0, 0, 0, 0, 27, 0, 0, 0, 0, 0, 28, 0, 29, 30, 31, 32, 33, 34, 35, 36, 37, 38, 39, 40, 41, 0, 42, 43, 0, 44, 45, 46, 47, 48, 0, 49, 50, 0, 51, 0], [0, 0, 0, 0, 0, 0, 0, 0, 0, 0, 0, 0, 0, 0, 0, 0, 52, 0, 0, 0, 0, 0, 53, 0, 0, 0, 0, 0, 54, 55, 56, 57, 58, 59, 60, 61, 0, 62, 0, 63, 0, 64, 65, 66, 67, 0, 68, 0, 69, 70, 0, 0, 0, 71, 72, 0], [0, 0, 0, 0, 0, 0, 0, 0, 0, 0, 73, 0, 0, 0, 0, 0, 0, 0, 0, 0, 0, 74, 0, 0, 0, 75, 0, 0, 0, 76, 77, 78, 79, 80, 81, 82, 83, 84, 85, 86, 0, 87, 88, 89, 0, 0, 90, 91, 92, 93, 0, 94, 95, 96, 97, 98], [0, -25, 0, 0, 0, 99, 0, 0, 0, 0, 0, 0, 0, 0, 0, 0, 0, 0, 0, 0, 100, 0, 0, 0, 0, 0, 0, 0, 101, 102, 0, 103, 0, 104, 105, 0, 106, 107, 108, 109, 0, 0, 110, 111, 112, 113, 114, 0, 115, 116, 0, 0, 117, 118, 0, 0], [0, -26, 0, 0, -99, 0, 0, 0, 0, 0, 0, 0, 0, 119, 0, 0, 0, 0, 0, 0, 120, 121, 0, 0, 0, 0, 0, 0, 122, 123, 124, 125, 126, 0, 127, 128, 129, 130, 131, 0, 132, 133, 134, 135, 136, 0, 137, 138, 0, 139, 140, 0, 0, 0, 141, 142], [-1, 0, 0, 0, 0, 0, 0, 0, 143, 0, 0, 144, 0, 0, 0, 0, 0, 0, 0, 145, 0, 0, 0, 0, 146, 0, 0, 0, 147, 148, 149, 150, 151, 152, 153, 154, 155, 0, 156, 157, 158, 0, 159, 160, 0, 161, 162, 0, 0, 163, 0, 164, 165, 0, 166, 167], [0, 0, 0, 0, 0, 0, 0, 0, 0, 0, 0, 0, 0, 0, 0, 0, 0, 0, 0, 0, 0, 0, 0, 0, 0, 0, 0, 0, 168, 0, 169, 170, 171, 0, 172, 173, 174, 175, 176, 177, 0, 178, 179, 180, 181, 182, 183, 184, 185, 186, 187, 0, 188, 0, 0, 189], [0, 0, 0, 0, 0, 0, -143, 0, 0, 0, 0, 0, 0, 0, 0, 0, 0, 0, 0, 0, 0, 0, 0, 0, 0, 0, 190, 0, 191, 0, 0, 192, 193, 194, 0, 195, 196, 0, 197, 198, 199, 200, 201, 202, 203, 0, 204, 205, 206, 0, 207, 208, 209, 210, 211, 212], [0, 0, 0, 0, 0, 0, 0, 0, 0, 0, 0, 0, 0, 0, 0, 0, 0, 0, 0, 0, 0, 0, 0, 0, 0, 0, 0, 0, 0, 213, 214, 215, 216, 0, 217, 218, 219, 220, 0, 221, 222, 223, 224, 225, 226, 227, 228, 229, 230, 0, 231, 0, 232, 0, 233, 234], [0, 0, 0, -73, 0, 0, 0, 0, 0, 0, 0, 235, 236, 0, 0, 0, 0, 0, 0, 0, 0, 0, 0, 237, 0, 0, 0, 0, 238, 239, 240, 241, 242, 243, 244, 245, 246, 247, 248, 0, 0, 249, 250, 251, 0, 252, 253, 254, 255, 256, 257, 258, 0, 259, 260, 0], [0, 0, 0, 0, 0, 0, -144, 0, 0, 0, -235, 0, 0, 0, 0, 0, 0, 0, 0, 0, 0, 0, 0, 0, 0, 0, 0, 0, 261, 262, 263, 264, 265, 0, 266, 0, 267, 0, 0, 268, 269, 270, 271, 272, 273, 274, 275, 276, 0, 0, 0, 277, 278, 279, 280, 281], [0, 0, 0, 0, 0, 0, 0, 0, 0, 0, -236, 0, 0, 0, 0, 0, 0, 0, 0, 0, 0, 0, 282, 0, 0, 0, 0, 0, 283, 0, 284, 285, 286, 287, 0, 288, 289, 290, 291, 292, 0, 293, 294, 0, 295, 296, 297, 0, 298, 299, 300, 301, 302, 303, 304, 305], [0, 0, 0, 0, 0, -119, 0, 0, 0, 0, 0, 0, 0, 0, 0, 306, 0, 0, 0, 0, 0, 0, 0, 0, 0, 307, 0, 308, 309, 0, 310, 0, 311, 312, 313, 0, 314, 315, 0, 0, 316, 317, 318, 0, 319, 320, 321, 0, 322, 323, 324, 325, 326, 0, 327, 328], [0, 0, 0, 0, 0, 0, 0, 0, 0, 0, 0, 0, 0, 0, 0, 0, 0, 0, 0, 0, 0, 0, 0, 329, 0, 0, 0, 0, 0, 330, 331, 332, 333, 334, 0, 335, 336, 337, 338, 339, 340, 341, 342, 343, 0, 344, 0, 0, 345, 0, 346, 347, 348, 349, 350, 351], [0, 0, 0, 0, 0, 0, 0, 0, 0, 0, 0, 0, 0, -306, 0, 0, 352, 0, 353, 0, 0, 0, 0, 0, 0, 354, 0, 0, 355, 356, 357, 358, 359, 360, 361, 0, 362, 363, 364, 365, 366, 367, 368, 369, 370, 0, 371, 372, 0, 373, 374, 375, 376, 377, 378, 0], [0, 0, -52, 0, 0, 0, 0, 0, 0, 0, 0, 0, 0, 0, 0, -352, 0, 379, 0, 0, 0, 0, 0, 0, 0, 0, 0, 0, 0, 0, 380, 381, 382, 383, 384, 385, 386, 387, 388, 389, 390, 391, 392, 393, 394, 395, 396, 397, 0, 0, 0, 398, 399, 400, 401, 402], [0, 0, 0, 0, 0, 0, 0, 0, 0, 0, 0, 0, 0, 0, 0, 0, -379, 0, 0, 0, 0, 0, 0, 0, 0, 0, 0, 0, 0, 0, 403, 404, 405, 406, 407, 0, 408, 409, 410, 411, 412, 0, 413, 414, 415, 0, 416, 417, 418, 419, 420, 421, 0, 422, 423, 424], [0, 0, 0, 0, 0, 0, 0, 0, 0, 0, 0, 0, 0, 0, 0, -353, 0, 0, 0, 0, 0, 0, 0, 0, 0, 0, 0, 0, 425, 426, 427, 428, 429, 0, 430, 431, 0, 432, 433, 434, 435, 436, 437, 438, 439, 440, 441, 442, 0, 0, 0, 443, 444, 445, 446, 447], [0, 0, 0, 0, 0, 0, -145, 0, 0, 0, 0, 0, 0, 0, 0, 0, 0, 0, 0, 0, 0, 0, 0, 0, 448, 0, 0, 0, 449, 450, 451, 452, 453, 454, 0, 455, 456, 0, 457, 458, 459, 460, 461, 462, 463, 464, 465, 466, 467, 468, 469, 470, 471, 472, 473, 474], [0, -27, 0, 0, -100, -120, 0, 0, 0, 0, 0, 0, 0, 0, 0, 0, 0, 0, 0, 0, 0, 0, 0, 0, 0, 0, 0, 0, 475, 476, 0, 477, 0, 478, 479, 480, 481, 482, 483, 0, 484, 0, 485, 0, 486, 487, 488, 0, 489, 490, 491, 492, 493, 494, 495, 496], [0, 0, 0, -74, 0, -121, 0, 0, 0, 0, 0, 0, 0, 0, 0, 0, 0, 0, 0, 0, 0, 0, 0, 0, 497, 0, 0, 0, 498, 499, 0, 0, 500, 501, 502, 0, 503, 504, 0, 505, 506, 507, 508, 509, 510, 0, 0, 511, 512, 513, 514, 515, 516, 0, 517, 518], [0, 0, -53, 0, 0, 0, 0, 0, 0, 0, 0, 0, -282, 0, 0, 0, 0, 0, 0, 0, 0, 0, 0, 0, 0, 0, 0, 0, 0, 519, 520, 0, 0, 521, 522, 0, 523, 524, 525, 526, 0, 527, 0, 528, 529, 530, 531, 532, 533, 534, 0, 0, 535, 536, 0, 537], [0, 0, 0, 0, 0, 0, 0, 0, 0, 0, -237, 0, 0, 0, -329, 0, 0, 0, 0, 0, 0, 0, 0, 0, 0, 0, 0, 0, 538, 0, 539, 540, 541, 542, 0, 543, 0, 544, 545, 546, 547, 548, 0, 549, 550, 551, 552, 553, 554, 555, 556, 0, 557, 558, 559, 0], [0, 0, 0, 0, 0, 0, -146, 0, 0, 0, 0, 0, 0, 0, 0, 0, 0, 0, 0, -448, 0, -497, 0, 0, 0, 0, 0, 0, 560, 561, 562, 563, 564, 565, 0, 566, 567, 0, 568, 569, 570, 571, 572, 573, 0, 574, 575, 0, 0, 576, 577, 578, 579, 580, 0, 0], [0, 0, 0, -75, 0, 0, 0, 0, 0, 0, 0, 0, 0, -307, 0, -354, 0, 0, 0, 0, 0, 0, 0, 0, 0, 0, 0, 0, 581, 0, 582, 0, 583, 584, 0, 585, 586, 587, 588, 589, 590, 591, 592, 593, 0, 594, 595, 596, 0, 0, 0, 597, 598, 599, 600, 601], [-2, -28, 0, 0, 0, 0, 0, 0, -190, 0, 0, 0, 0, 0, 0, 0, 0, 0, 0, 0, 0, 0, 0, 0, 0, 0, 0, 0, 602, 603, 604, 605, 606, 607, 0, 608, 609, 610, 611, 612, 613, 614, 615, 616, 617, 618, 619, 620, 621, 622, 623, 624, 625, 626, 0, 627], [0, 0, 0, 0, 0, 0, 0, 0, 0, 0, 0, 0, 0, -308, 0, 0, 0, 0, 0, 0, 0, 0, 0, 0, 0, 0, 0, 0, 0, 0, 628, 629, 630, 631, 632, 633, 634, 635, 636, 0, 637, 0, 638, 639, 0, 640, 641, 642, 643, 644, 645, 646, 647, 0, 648, 649], [-3, -29, -54, 0, -101, -122, -147, -168, -191, 0, -238, -261, -283, -309, 0, -355, 0, 0, -425, -449, -475, -498, 0, -538, -560, -581, -602, 0, 0, 0, 650, 651, 0, 0, 652, 653, 654, 655, 656, 657, 0, 658, 659, 660, 0, 661, 0, 662, 0, 663, 664, 665, 666, 667, 0, 0], [-4, -30, -55, -76, -102, -123, -148, 0, 0, -213, -239, -262, 0, 0, -330, -356, 0, 0, -426, -450, -476, -499, -519, 0, -561, 0, -603, 0, 0, 0, 0, 668, 669, 670, 671, 672, 673, 674, 675, 676, 0, 0, 677, 678, 679, 680, 681, 682, 683, 684, 685, 686, 687, 688, 689, 690], [-5, -31, -56, -77, 0, -124, -149, -169, 0, -214, -240, -263, -284, -310, -331, -357, -380, -403, -427, -451, 0, 0, -520, -539, -562, -582, -604, -628, -650, 0, 0, 691, 692, 693, 694, 695, 0, 696, 697, 698, 699, 700, 701, 702, 703, 0, 704, 705, 706, 707, 708, 709, 710, 0, 711, 712], [-6, -32, -57, -78, -103, -125, -150, -170, -192, -215, -241, -264, -285, 0, -332, -358, -381, -404, -428, -452, -477, 0, 0, -540, -563, 0, -605, -629, -651, -668, -691, 0, 713, 714, 0, 715, 716, 717, 0, 718, 719, 0, 720, 0, 721, 0, 722, 723, 0, 724, 725, 726, 727, 728, 0, 0], [-7, -33, -58, -79, 0, -126, -151, -171, -193, -216, -242, -265, -286, -311, -333, -359, -382, -405, -429, -453, 0, -500, 0, -541, -564, -583, -606, -630, 0, -669, -692, -713, 0, 729, 730, 731, 732, 733, 734, 735, 736, 737, 738, 739, 740, 741, 742, 743, 744, 745, 746, 747, 748, 0, 749, 750], [0, -34, -59, -80, -104, 0, -152, 0, -194, 0, -243, 0, -287, -312, -334, -360, -383, -406, 0, -454, -478, -501, -521, -542, -565, -584, -607, -631, 0, -670, -693, -714, -729, 0, 751, 752, 0, 753, 754, 755, 756, 0, 757, 758, 0, 0, 0, 759, 760, 761, 762, 763, 764, 765, 766, 767], [0, -35, -60, -81, -105, -127, -153, -172, 0, -217, -244, -266, 0, -313, 0, -361, -384, -407, -430, 0, -479, -502, -522, 0, 0, 0, 0, -632, -652, -671, -694, 0, -730, -751, 0, 768, 0, 769, 770, 771, 772, 773, 0, 774, 775, 776, 777, 0, 778, 779, 780, 781, 782, 783, 0, 784], [-8, -36, -61, -82, 0, -128, -154, -173, -195, -218, -245, 0, -288, 0, -335, 0, -385, 0, -431, -455, -480, 0, 0, -543, -566, -585, -608, -633, -653, -672, -695, -715, -731, -752, -768, 0, 785, 786, 787, 788, 789, 790, 791, 792, 0, 0, 0, 793, 0, 0, 794, 795, 796, 797, 0, 798], [-9, -37, 0, -83, -106, -129, -155, -174, -196, -219, -246, -267, -289, -314, -336, -362, -386, -408, 0, -456, -481, -503, -523, 0, -567, -586, -609, -634, -654, -673, 0, -716, -732, 0, 0, -785, 0, 799, 0, 0, 800, 801, 802, 803, 804, 0, 805, 806, 807, 808, 809, 810, 811, 0, 812, 813], [-10, -38, -62, -84, -107, -130, 0, -175, 0, -220, -247, 0, -290, -315, -337, -363, -387, -409, -432, 0, -482, -504, -524, -544, 0, -587, -610, -635, -655, -674, -696, -717, -733, -753, -769, -786, -799, 0, 814, 815, 816, 817, 818, 819, 820, 821, 822, 823, 824, 825, 826, 827, 0, 828, 829, 830], [-11, -39, 0, -85, -108, -131, -156, -176, -197, 0, -248, 0, -291, 0, -338, -364, -388, -410, -433, -457, -483, 0, -525, -545, -568, -588, -611, -636, -656, -675, -697, 0, -734, -754, -770, -787, 0, -814, 0, 831, 832, 833, 834, 835, 836, 837, 0, 838, 839, 840, 841, 0, 842, 843, 844, 845], [-12, -40, -63, -86, -109, 0, -157, -177, -198, -221, 0, -268, -292, 0, -339, -365, -389, -411, -434, -458, 0, -505, -526, -546, -569, -589, -612, 0, -657, -676, -698, -718, -735, -755, -771, -788, 0, -815, -831, 0, 0, 846, 0, 847, 848, 849, 850, 851, 852, 853, 854, 855, 856, 0, 857, 858], [-13, -41, 0, 0, 0, -132, -158, 0, -199, -222, 0, -269, 0, -316, -340, -366, -390, -412, -435, -459, -484, -506, 0, -547, -570, -590, -613, -637, 0, 0, -699, -719, -736, -756, -772, -789, -800, -816, -832, 0, 0, 0, 859, 0, 860, 861, 862, 863, 0, 864, 865, 866, 867, 868, 869, 0], [0, 0, -64, -87, 0, -133, 0, -178, -200, -223, -249, -270, -293, -317, -341, -367, -391, 0, -436, -460, 0, -507, -527, -548, -571, -591, -614, 0, -658, 0, -700, 0, -737, 0, -773, -790, -801, -817, -833, -846, 0, 0, 870, 871, 872, 873, 874, 875, 876, 877, 878, 879, 0, 880, 881, 882], [-14, -42, -65, -88, -110, -134, -159, -179, -201, -224, -250, -271, -294, -318, -342, -368, -392, -413, -437, -461, -485, -508, 0, 0, -572, -592, -615, -638, -659, -677, -701, -720, -738, -757, 0, -791, -802, -818, -834, 0, -859, -870, 0, 883, 0, 0, 0, 884, 885, 886, 0, 0, 887, 0, 888, 889], [-15, -43, -66, -89, -111, -135, -160, -180, -202, -225, -251, -272, 0, 0, -343, -369, -393, -414, -438, -462, 0, -509, -528, -549, -573, -593, -616, -639, -660, -678, -702, 0, -739, -758, -774, -792, -803, -819, -835, -847, 0, -871, -883, 0, 890, 0, 891, 892, 893, 894, 895, 896, 897, 898, 899, 900], [-16, 0, -67, 0, -112, -136, 0, -181, -203, -226, 0, -273, -295, -319, 0, -370, -394, -415, -439, -463, -486, -510, -529, -550, 0, 0, -617, 0, 0, -679, -703, -721, -740, 0, -775, 0, -804, -820, -836, -848, -860, -872, 0, -890, 0, 901, 902, 0, 903, 904, 0, 905, 0, 906, 0, 907], [-17, -44, 0, 0, -113, 0, -161, -182, 0, -227, -252, -274, -296, -320, -344, 0, -395, 0, -440, -464, -487, 0, -530, -551, -574, -594, -618, -640, -661, -680, 0, 0, -741, 0, -776, 0, 0, -821, -837, -849, -861, -873, 0, 0, -901, 0, 0, 908, 909, 910, 911, 0, 912, 913, 914, 0], [-18, -45, -68, -90, -114, -137, -162, -183, -204, -228, -253, -275, -297, -321, 0, -371, -396, -416, -441, -465, -488, 0, -531, -552, -575, -595, -619, -641, 0, -681, -704, -722, -742, 0, -777, 0, -805, -822, 0, -850, -862, -874, 0, -891, -902, 0, 0, 0, 915, 0, 916, 917, 0, 0, 918, 919], [0, -46, 0, -91, 0, -138, 0, -184, -205, -229, -254, -276, 0, 0, 0, -372, -397, -417, -442, -466, 0, -511, -532, -553, 0, -596, -620, -642, -662, -682, -705, -723, -743, -759, 0, -793, -806, -823, -838, -851, -863, -875, -884, -892, 0, -908, 0, 0, 920, 921, 922, 0, 923, 924, 0, 925], [-19, -47, -69, -92, -115, 0, 0, -185, -206, -230, -255, 0, -298, -322, -345, 0, 0, -418, 0, -467, -489, -512, -533, -554, 0, 0, -621, -643, 0, -683, -706, 0, -744, -760, -778, 0, -807, -824, -839, -852, 0, -876, -885, -893, -903, -909, -915, -920, 0, 926, 927, 0, 0, 928, 929, 930], [-20, -48, -70, -93, -116, -139, -163, -186, 0, 0, -256, 0, -299, -323, 0, -373, 0, -419, 0, -468, -490, -513, -534, -555, -576, 0, -622, -644, -663, -684, -707, -724, -745, -761, -779, 0, -808, -825, -840, -853, -864, -877, -886, -894, -904, -910, 0, -921, -926, 0, 931, 932, 933, 934, 935, 936], [0, 0, 0, 0, 0, -140, 0, -187, -207, -231, -257, 0, -300, -324, -346, -374, 0, -420, 0, -469, -491, -514, 0, -556, -577, 0, -623, -645, -664, -685, -708, -725, -746, -762, -780, -794, -809, -826, -841, -854, -865, -878, 0, -895, 0, -911, -916, -922, -927, -931, 0, 937, 938, 939, 940, 0], [-21, -49, 0, -94, 0, 0, -164, 0, -208, 0, -258, -277, -301, -325, -347, -375, -398, -421, -443, -470, -492, -515, 0, 0, -578, -597, -624, -646, -665, -686, -709, -726, -747, -763, -781, -795, -810, -827, 0, -855, -866, -879, 0, -896, -905, 0, -917, 0, 0, -932, -937, 0, 941, 942, 943, 0], [-22, -50, 0, -95, -117, 0, -165, -188, -209, -232, 0, -278, -302, -326, -348, -376, -399, 0, -444, -471, -493, -516, -535, -557, -579, -598, -625, -647, -666, -687, -710, -727, -748, -764, -782, -796, -811, 0, -842, -856, -867, 0, -887, -897, 0, -912, 0, -923, 0, -933, -938, -941, 0, 944, 945, 946], [-23, 0, -71, -96, -118, 0, 0, 0, -210, 0, -259, -279, -303, 0, -349, -377, -400, -422, -445, -472, -494, 0, -536, -558, -580, -599, -626, 0, -667, -688, 0, -728, 0, -765, -783, -797, 0, -828, -843, 0, -868, -880, 0, -898, -906, -913, 0, -924, -928, -934, -939, -942, -944, 0, 947, 0], [0, -51, -72, -97, 0, -141, -166, 0, -211, -233, -260, -280, -304, -327, -350, -378, -401, -423, -446, -473, -495, -517, 0, -559, 0, -600, 0, -648, 0, -689, -711, 0, -749, -766, 0, 0, -812, -829, -844, -857, -869, -881, -888, -899, 0, -914, -918, 0, -929, -935, -940, -943, -945, -947, 0, 948], [-24, 0, 0, -98, 0, -142, -167, -189, -212, -234, 0, -281, -305, -328, -351, 0, -402, -424, -447, -474, -496, -518, -537, 0, 0, -601, -627, -649, 0, -690, -712, 0, -750, -767, -784, -798, -813, -830, -845, -858, 0, -882, -889, -900, -907, 0, -919, -925, -930, -936, 0, 0, -946, 0, -948, 0]], [[0, 0, 0, 0, 0, 0, 0, 0, 0, 0, 0, 0, 1, 0, 0, 0, 0, 0, 0, 0, 0, 0, 0, 0, 0, 0, 0, 2, 0, 0, 3, 4, 0, 5, 6, 7, 8, 0, 9, 10, 11, 0, 12, 13, 14, 0, 0, 15, 16, 17, 18, 0, 19, 20, 21, 0], [0, 0, 22, 0, 0, 0, 0, 0, 23, 0, 0, 0, 0, 0, 0, 0, 0, 0, 0, 24, 0, 0, 0, 0, 0, 0, 0, 25, 26, 27, 28, 29, 30, 31, 32, 0, 33, 34, 0, 35, 0, 36, 37, 38, 39, 40, 41, 42, 43, 44, 45, 46, 47, 48, 49, 50], [0, -22, 0, 0, 0, 0, 0, 0, 0, 51, 0, 0, 0, 0, 0, 52, 0, 53, 0, 0, 0, 0, 0, 0, 0, 0, 0, 0, 54, 55, 56, 57, 58, 59, 60, 61, 62, 63, 64, 0, 65, 66, 0, 67, 0, 68, 69, 0, 0, 70, 0, 71, 72, 0, 73, 74], [0, 0, 0, 0, 0, 0, 0, 0, 0, 0, 0, 75, 0, 0, 0, 76, 0, 0, 0, 0, 0, 0, 0, 0, 0, 0, 0, 0, 77, 78, 79, 80, 0, 81, 82, 83, 84, 85, 0, 86, 0, 87, 0, 0, 88, 89, 90, 91, 92, 93, 94, 0, 0, 95, 96, 97], [0, 0, 0, 0, 0, 0, 0, 0, 0, 0, 0, 0, 0, 0, 0, 0, 0, 0, 0, 0, 0, 0, 0, 0, 0, 0, 0, 0, 98, 99, 100, 101, 102, 103, 104, 105, 106, 107, 108, 0, 109, 0, 110, 111, 112, 113, 114, 115, 116, 117, 118, 0, 119, 120, 121, 122], [0, 0, 0, 0, 0, 0, 123, 0, 0, 0, 124, 0, 0, 0, 0, 0, 125, 0, 126, 0, 0, 0, 0, 0, 127, 0, 0, 0, 128, 129, 130, 0, 131, 132, 0, 133, 134, 135, 136, 137, 138, 139, 140, 141, 142, 143, 144, 0, 145, 0, 146, 147, 148, 149, 0, 150], [0, 0, 0, 0, 0, -123, 0, 0, 0, 0, 0, 151, 0, 0, 0, 152, 0, 0, 0, 0, 0, 0, 0, 153, 154, 155, 0, 0, 156, 157, 158, 0, 159, 160, 161, 162, 163, 0, 0, 0, 164, 165, 166, 167, 168, 169, 170, 0, 0, 0, 0, 171, 172, 173, 174, 175], [0, 0, 0, 0, 0, 0, 0, 0, 0, 0, 0, 0, 176, 0, 0, 0, 0, 0, 0, 0, 177, 0, 0, 0, 0, 0, 0, 0, 178, 179, 0, 180, 0, 0, 181, 182, 0, 183, 184, 185, 186, 187, 188, 189, 190, 191, 0, 192, 193, 194, 0, 195, 0, 196, 197, 198], [0, -23, 0, 0, 0, 0, 0, 0, 0, 0, 0, 199, 0, 0, 0, 0, 0, 0, 0, 0, 0, 0, 200, 0, 0, 0, 0, 0, 201, 202, 0, 203, 204, 0, 0, 205, 0, 0, 206, 207, 208, 209, 0, 210, 211, 212, 213, 214, 0, 0, 215, 216, 217, 218, 219, 220], [0, 0, -51, 0, 0, 0, 0, 0, 0, 0, 0, 221, 0, 0, 0, 0, 0, 222, 0, 0, 0, 0, 0, 0, 0, 0, 0, 0, 0, 223, 224, 225, 226, 227, 228, 229, 230, 231, 232, 233, 234, 235, 236, 237, 238, 239, 240, 0, 241, 242, 243, 244, 245, 246, 247, 248], [0, 0, 0, 0, 0, -124, 0, 0, 0, 0, 0, 0, 0, 0, 0, 0, 0, 0, 249, 0, 0, 0, 0, 0, 0, 0, 0, 0, 250, 251, 252, 253, 0, 254, 255, 256, 257, 0, 0, 0, 258, 0, 259, 0, 260, 0, 261, 262, 263, 264, 265, 0, 0, 266, 267, 268], [0, 0, 0, -75, 0, 0, -151, 0, -199, -221, 0, 0, 0, 269, 0, 0, 0, 0, 270, 0, 0, 0, 0, 0, 271, 0, 0, 0, 272, 0, 273, 274, 275, 276, 0, 277, 278, 279, 280, 281, 282, 283, 0, 284, 0, 285, 286, 287, 288, 0, 289, 0, 0, 290, 0, 291], [-1, 0, 0, 0, 0, 0, 0, -176, 0, 0, 0, 0, 0, 0, 0, 0, 292, 293, 0, 0, 0, 0, 294, 0, 0, 0, 0, 0, 295, 296, 297, 0, 298, 299, 300, 0, 0, 0, 0, 301, 302, 0, 0, 0, 303, 304, 305, 306, 307, 308, 309, 310, 311, 312, 313, 314], [0, 0, 0, 0, 0, 0, 0, 0, 0, 0, 0, -269, 0, 0, 0, 0, 0, 0, 0, 0, 0, 0, 0, 0, 0, 0, 0, 0, 315, 316, 0, 0, 317, 318, 319, 320, 321, 0, 0, 322, 0, 323, 324, 325, 326, 327, 328, 329, 330, 331, 332, 333, 334, 335, 336, 337], [0, 0, 0, 0, 0, 0, 0, 0, 0, 0, 0, 0, 0, 0, 0, 0, 0, 0, 0, 0, 0, 0, 0, 0, 0, 0, 0, 0, 338, 339, 340, 341, 342, 343, 344, 345, 346, 347, 348, 349, 0, 0, 350, 0, 0, 351, 352, 0, 353, 354, 355, 0, 356, 357, 358, 359], [0, 0, -52, -76, 0, 0, -152, 0, 0, 0, 0, 0, 0, 0, 0, 0, 0, 0, 0, 0, 0, 0, 0, 0, 0, 0, 0, 0, 360, 361, 362, 363, 364, 365, 0, 0, 366, 367, 368, 0, 369, 370, 371, 372, 373, 374, 375, 376, 377, 0, 378, 379, 380, 381, 0, 382], [0, 0, 0, 0, 0, -125, 0, 0, 0, 0, 0, 0, -292, 0, 0, 0, 0, 0, 0, 0, 0, 0, 0, 0, 0, 383, 0, 0, 384, 385, 386, 0, 387, 388, 389, 390, 391, 392, 393, 394, 395, 396, 397, 398, 399, 400, 401, 402, 0, 0, 403, 404, 0, 405, 406, 0], [0, 0, -53, 0, 0, 0, 0, 0, 0, -222, 0, 0, -293, 0, 0, 0, 0, 0, 0, 0, 0, 0, 0, 0, 0, 0, 0, 0, 407, 408, 409, 410, 411, 0, 412, 413, 414, 0, 415, 416, 0, 417, 418, 419, 420, 421, 422, 423, 424, 425, 426, 427, 428, 429, 0, 430], [0, 0, 0, 0, 0, -126, 0, 0, 0, 0, -249, -270, 0, 0, 0, 0, 0, 0, 0, 0, 0, 0, 0, 0, 0, 0, 0, 0, 0, 431, 432, 433, 434, 0, 435, 436, 437, 438, 439, 440, 441, 442, 443, 444, 0, 445, 446, 447, 0, 448, 449, 450, 451, 452, 0, 453], [0, -24, 0, 0, 0, 0, 0, 0, 0, 0, 0, 0, 0, 0, 0, 0, 0, 0, 0, 0, 0, 0, 0, 0, 454, 0, 0, 0, 455, 0, 456, 457, 458, 459, 460, 461, 462, 463, 464, 465, 0, 466, 467, 468, 0, 469, 470, 471, 472, 473, 474, 475, 476, 477, 0, 478], [0, 0, 0, 0, 0, 0, 0, -177, 0, 0, 0, 0, 0, 0, 0, 0, 0, 0, 0, 0, 0, 0, 0, 0, 0, 0, 0, 0, 479, 480, 481, 0, 0, 482, 0, 483, 0, 0, 0, 484, 485, 486, 0, 0, 487, 488, 489, 490, 0, 491, 492, 493, 494, 495, 496, 497], [0, 0, 0, 0, 0, 0, 0, 0, 0, 0, 0, 0, 0, 0, 0, 0, 0, 0, 0, 0, 0, 0, 0, 0, 498, 0, 0, 0, 499, 500, 0, 501, 502, 503, 504, 505, 506, 507, 508, 509, 0, 510, 511, 512, 513, 514, 515, 516, 517, 518, 519, 520, 521, 522, 0, 523], [0, 0, 0, 0, 0, 0, 0, 0, -200, 0, 0, 0, -294, 0, 0, 0, 0, 0, 0, 0, 0, 0, 0, 0, 0, 0, 0, 0, 524, 525, 526, 527, 528, 529, 530, 0, 531, 532, 0, 0, 533, 534, 535, 536, 537, 538, 539, 0, 540, 541, 542, 543, 544, 545, 546, 547], [0, 0, 0, 0, 0, 0, -153, 0, 0, 0, 0, 0, 0, 0, 0, 0, 0, 0, 0, 0, 0, 0, 0, 0, 0, 0, 0, 0, 548, 549, 550, 551, 0, 552, 553, 554, 555, 556, 557, 558, 559, 560, 561, 562, 563, 0, 564, 565, 0, 566, 567, 568, 569, 570, 571, 572], [0, 0, 0, 0, 0, -127, -154, 0, 0, 0, 0, -271, 0, 0, 0, 0, 0, 0, 0, -454, 0, -498, 0, 0, 0, 0, 0, 0, 573, 0, 574, 0, 0, 575, 576, 0, 577, 0, 578, 0, 579, 580, 0, 0, 581, 582, 583, 584, 585, 0, 586, 0, 587, 588, 589, 0], [0, 0, 0, 0, 0, 0, -155, 0, 0, 0, 0, 0, 0, 0, 0, 0, -383, 0, 0, 0, 0, 0, 0, 0, 0, 0, 0, 590, 591, 592, 593, 594, 595, 596, 597, 598, 599, 600, 601, 602, 603, 604, 605, 606, 607, 608, 609, 0, 0, 610, 611, 612, 0, 613, 614, 615], [0, 0, 0, 0, 0, 0, 0, 0, 0, 0, 0, 0, 0, 0, 0, 0, 0, 0, 0, 0, 0, 0, 0, 0, 0, 0, 0, 0, 616, 617, 618, 619, 620, 621, 622, 0, 623, 624, 0, 0, 0, 0, 0, 0, 625, 626, 0, 627, 628, 629, 0, 0, 0, 630, 631, 0], [-2, -25, 0, 0, 0, 0, 0, 0, 0, 0, 0, 0, 0, 0, 0, 0, 0, 0, 0, 0, 0, 0, 0, 0, 0, -590, 0, 0, 632, 633, 634, 0, 635, 636, 637, 638, 639, 640, 641, 642, 643, 644, 645, 646, 0, 647, 648, 0, 649, 0, 650, 651, 0, 0, 652, 653], [0, -26, -54, -77, -98, -128, -156, -178, -201, 0, -250, -272, -295, -315, -338, -360, -384, -407, 0, -455, -479, -499, -524, -548, -573, -591, -616, -632, 0, 654, 0, 655, 656, 657, 658, 0, 659, 660, 661, 662, 0, 663, 664, 665, 666, 667, 668, 669, 670, 0, 671, 0, 0, 0, 672, 673], [0, -27, -55, -78, -99, -129, -157, -179, -202, -223, -251, 0, -296, -316, -339, -361, -385, -408, -431, 0, -480, -500, -525, -549, 0, -592, -617, -633, -654, 0, 674, 0, 675, 676, 677, 678, 0, 679, 680, 681, 682, 683, 0, 684, 685, 0, 686, 687, 688, 689, 0, 690, 691, 0, 692, 693], [-3, -28, -56, -79, -100, -130, -158, 0, 0, -224, -252, -273, -297, 0, -340, -362, -386, -409, -432, -456, -481, 0, -526, -550, -574, -593, -618, -634, 0, -674, 0, 694, 0, 695, 696, 697, 0, 698, 699, 700, 701, 702, 703, 704, 705, 706, 0, 707, 708, 0, 709, 710, 711, 0, 712, 713], [-4, -29, -57, -80, -101, 0, 0, -180, -203, -225, -253, -274, 0, 0, -341, -363, 0, -410, -433, -457, 0, -501, -527, -551, 0, -594, -619, 0, -655, 0, -694, 0, 0, 714, 715, 716, 717, 718, 719, 720, 721, 0, 722, 723, 724, 725, 0, 726, 727, 728, 729, 730, 731, 732, 733, 0], [0, -30, -58, 0, -102, -131, -159, 0, -204, -226, 0, -275, -298, -317, -342, -364, -387, -411, -434, -458, 0, -502, -528, 0, 0, -595, -620, -635, -656, -675, 0, 0, 0, 734, 0, 735, 736, 0, 0, 737, 0, 738, 739, 740, 741, 742, 743, 0, 744, 745, 746, 747, 748, 749, 0, 750], [-5, -31, -59, -81, -103, -132, -160, 0, 0, -227, -254, -276, -299, -318, -343, -365, -388, 0, 0, -459, -482, -503, -529, -552, -575, -596, -621, -636, -657, -676, -695, -714, -734, 0, 0, 751, 752, 753, 754, 755, 756, 0, 757, 758, 759, 760, 761, 762, 0, 763, 764, 765, 766, 767, 768, 769], [-6, -32, -60, -82, -104, 0, -161, -181, 0, -228, -255, 0, -300, -319, -344, 0, -389, -412, -435, -460, 0, -504, -530, -553, -576, -597, -622, -637, -658, -677, -696, -715, 0, 0, 0, 770, 771, 772, 0, 773, 774, 775, 776, 777, 778, 779, 780, 0, 781, 782, 0, 783, 784, 0, 785, 0], [-7, 0, -61, -83, -105, -133, -162, -182, -205, -229, -256, -277, 0, -320, -345, 0, -390, -413, -436, -461, -483, -505, 0, -554, 0, -598, 0, -638, 0, -678, -697, -716, -735, -751, -770, 0, 786, 787, 788, 789, 790, 791, 792, 793, 794, 795, 796, 797, 798, 799, 0, 800, 0, 801, 802, 0], [-8, -33, -62, -84, -106, -134, -163, 0, 0, -230, -257, -278, 0, -321, -346, -366, -391, -414, -437, -462, 0, -506, -531, -555, -577, -599, -623, -639, -659, 0, 0, -717, -736, -752, -771, -786, 0, 803, 804, 805, 0, 806, 807, 0, 808, 0, 809, 810, 811, 812, 813, 814, 815, 816, 817, 818], [0, -34, -63, -85, -107, -135, 0, -183, 0, -231, 0, -279, 0, 0, -347, -367, -392, 0, -438, -463, 0, -507, -532, -556, 0, -600, -624, -640, -660, -679, -698, -718, 0, -753, -772, -787, -803, 0, 819, 820, 821, 822, 823, 824, 0, 0, 0, 825, 0, 826, 827, 828, 829, 830, 831, 832], [-9, 0, -64, 0, -108, -136, 0, -184, -206, -232, 0, -280, 0, 0, -348, -368, -393, -415, -439, -464, 0, -508, 0, -557, -578, -601, 0, -641, -661, -680, -699, -719, 0, -754, 0, -788, -804, -819, 0, 833, 834, 835, 836, 837, 838, 839, 840, 841, 842, 843, 844, 845, 846, 847, 848, 0], [-10, -35, 0, -86, 0, -137, 0, -185, -207, -233, 0, -281, -301, -322, -349, 0, -394, -416, -440, -465, -484, -509, 0, -558, 0, -602, 0, -642, -662, -681, -700, -720, -737, -755, -773, -789, -805, -820, -833, 0, 849, 0, 850, 851, 852, 853, 0, 854, 855, 856, 857, 0, 858, 0, 0, 859], [-11, 0, -65, 0, -109, -138, -164, -186, -208, -234, -258, -282, -302, 0, 0, -369, -395, 0, -441, 0, -485, 0, -533, -559, -579, -603, 0, -643, 0, -682, -701, -721, 0, -756, -774, -790, 0, -821, -834, -849, 0, 860, 861, 862, 863, 864, 865, 866, 867, 868, 0, 0, 869, 870, 871, 872], [0, -36, -66, -87, 0, -139, -165, -187, -209, -235, 0, -283, 0, -323, 0, -370, -396, -417, -442, -466, -486, -510, -534, -560, -580, -604, 0, -644, -663, -683, -702, 0, -738, 0, -775, -791, -806, -822, -835, 0, -860, 0, 873, 874, 875, 876, 877, 878, 879, 880, 881, 882, 883, 884, 885, 0], [-12, -37, 0, 0, -110, -140, -166, -188, 0, -236, -259, 0, 0, -324, -350, -371, -397, -418, -443, -467, 0, -511, -535, -561, 0, -605, 0, -645, -664, 0, -703, -722, -739, -757, -776, -792, -807, -823, -836, -850, -861, -873, 0, 886, 887, 888, 889, 890, 891, 892, 893, 894, 895, 0, 896, 0], [-13, -38, -67, 0, -111, -141, -167, -189, -210, -237, 0, -284, 0, -325, 0, -372, -398, -419, -444, -468, 0, -512, -536, -562, 0, -606, 0, -646, -665, -684, -704, -723, -740, -758, -777, -793, 0, -824, -837, -851, -862, -874, -886, 0, 897, 0, 0, 898, 899, 900, 0, 901, 902, 903, 904, 0], [-14, -39, 0, -88, -112, -142, -168, -190, -211, -238, -260, 0, -303, -326, 0, -373, -399, -420, 0, 0, -487, -513, -537, -563, -581, -607, -625, 0, -666, -685, -705, -724, -741, -759, -778, -794, -808, 0, -838, -852, -863, -875, -887, -897, 0, 905, 906, 0, 907, 908, 909, 0, 910, 0, 911, 0], [0, -40, -68, -89, -113, -143, -169, -191, -212, -239, 0, -285, -304, -327, -351, -374, -400, -421, -445, -469, -488, -514, -538, 0, -582, -608, -626, -647, -667, 0, -706, -725, -742, -760, -779, -795, 0, 0, -839, -853, -864, -876, -888, 0, -905, 0, 912, 913, 914, 0, 915, 916, 917, 0, 918, 919], [0, -41, -69, -90, -114, -144, -170, 0, -213, -240, -261, -286, -305, -328, -352, -375, -401, -422, -446, -470, -489, -515, -539, -564, -583, -609, 0, -648, -668, -686, 0, 0, -743, -761, -780, -796, -809, 0, -840, 0, -865, -877, -889, 0, -906, -912, 0, 920, 921, 922, 923, 924, 925, 926, 927, 928], [-15, -42, 0, -91, -115, 0, 0, -192, -214, 0, -262, -287, -306, -329, 0, -376, -402, -423, -447, -471, -490, -516, 0, -565, -584, 0, -627, 0, -669, -687, -707, -726, 0, -762, 0, -797, -810, -825, -841, -854, -866, -878, -890, -898, 0, -913, -920, 0, 929, 930, 0, 0, 931, 932, 933, 934], [-16, -43, 0, -92, -116, -145, 0, -193, 0, -241, -263, -288, -307, -330, -353, -377, 0, -424, 0, -472, 0, -517, -540, 0, -585, 0, -628, -649, -670, -688, -708, -727, -744, 0, -781, -798, -811, 0, -842, -855, -867, -879, -891, -899, -907, -914, -921, -929, 0, 935, 936, 937, 938, 0, 939, 940], [-17, -44, -70, -93, -117, 0, 0, -194, 0, -242, -264, 0, -308, -331, -354, 0, 0, -425, -448, -473, -491, -518, -541, -566, 0, -610, -629, 0, 0, -689, 0, -728, -745, -763, -782, -799, -812, -826, -843, -856, -868, -880, -892, -900, -908, 0, -922, -930, -935, 0, 941, 942, 943, 0, 944, 945], [-18, -45, 0, -94, -118, -146, 0, 0, -215, -243, -265, -289, -309, -332, -355, -378, -403, -426, -449, -474, -492, -519, -542, -567, -586, -611, 0, -650, -671, 0, -709, -729, -746, -764, 0, 0, -813, -827, -844, -857, 0, -881, -893, 0, -909, -915, -923, 0, -936, -941, 0, 946, 947, 948, 949, 950], [0, -46, -71, 0, 0, -147, -171, -195, -216, -244, 0, 0, -310, -333, 0, -379, -404, -427, -450, -475, -493, -520, -543, -568, 0, -612, 0, -651, 0, -690, -710, -730, -747, -765, -783, -800, -814, -828, -845, 0, 0, -882, -894, -901, 0, -916, -924, 0, -937, -942, -946, 0, 951, 952, 953, 954], [-19, -47, -72, 0, -119, -148, -172, 0, -217, -245, 0, 0, -311, -334, -356, -380, 0, -428, -451, -476, -494, -521, -544, -569, -587, 0, 0, 0, 0, -691, -711, -731, -748, -766, -784, 0, -815, -829, -846, -858, -869, -883, -895, -902, -910, -917, -925, -931, -938, -943, -947, -951, 0, 955, 956, 957], [-20, -48, 0, -95, -120, -149, -173, -196, -218, -246, -266, -290, -312, -335, -357, -381, -405, -429, -452, -477, -495, -522, -545, -570, -588, -613, -630, 0, 0, 0, 0, -732, -749, -767, 0, -801, -816, -830, -847, 0, -870, -884, 0, -903, 0, 0, -926, -932, 0, 0, -948, -952, -955, 0, 958, 0], [-21, -49, -73, -96, -121, 0, -174, -197, -219, -247, -267, 0, -313, -336, -358, 0, -406, 0, 0, 0, -496, 0, -546, -571, -589, -614, -631, -652, -672, -692, -712, -733, 0, -768, -785, -802, -817, -831, -848, 0, -871, -885, -896, -904, -911, -918, -927, -933, -939, -944, -949, -953, -956, -958, 0, 959], [0, -50, -74, -97, -122, -150, -175, -198, -220, -248, -268, -291, -314, -337, -359, -382, 0, -430, -453, -478, -497, -523, -547, -572, 0, -615, 0, -653, -673, -693, -713, 0, -750, -769, 0, 0, -818, -832, 0, -859, -872, 0, 0, 0, 0, -919, -928, -934, -940, -945, -950, -954, -957, 0, -959, 0]], [[0, 0, 0, 0, 0, 0, 0, 0, 0, 0, 0, 0, 0, 0, 0, 0, 0, 0, 0, 0, 0, 0, 0, 0, 0, 0, 1, 0, 2, 3, 0, 4, 5, 0, 6, 7, 8, 9, 0, 10, 0, 11, 0, 12, 13, 14, 15, 16, 0, 17, 18, 19, 20, 21, 22, 23], [0, 0, 24, 0, 0, 25, 0, 0, 26, 0, 0, 0, 0, 0, 0, 27, 0, 0, 0, 0, 0, 28, 29, 0, 30, 0, 0, 0, 31, 32, 33, 34, 35, 36, 37, 38, 39, 40, 41, 42, 0, 43, 44, 45, 46, 0, 47, 0, 0, 48, 0, 49, 50, 51, 0, 52], [0, -24, 0, 0, 53, 0, 0, 0, 0, 0, 54, 0, 55, 0, 0, 0, 0, 0, 0, 0, 0, 0, 0, 0, 0, 0, 0, 0, 0, 56, 57, 58, 59, 60, 61, 62, 63, 0, 64, 0, 65, 66, 67, 68, 69, 0, 70, 71, 72, 73, 74, 75, 76, 77, 78, 79], [0, 0, 0, 0, 0, 0, 0, 0, 0, 0, 80, 0, 0, 0, 0, 0, 0, 0, 0, 0, 0, 0, 0, 0, 81, 0, 0, 0, 82, 83, 0, 84, 85, 86, 87, 0, 88, 89, 90, 91, 92, 93, 94, 95, 96, 0, 97, 98, 0, 99, 100, 101, 0, 102, 103, 104], [0, 0, -53, 0, 0, 0, 105, 0, 0, 0, 0, 0, 0, 106, 0, 0, 0, 0, 0, 0, 0, 0, 0, 0, 0, 0, 0, 0, 0, 0, 107, 108, 0, 0, 109, 110, 111, 112, 113, 114, 115, 116, 117, 118, 119, 120, 121, 122, 123, 124, 125, 126, 127, 128, 129, 0], [0, -25, 0, 0, 0, 0, 0, 0, 0, 130, 0, 0, 0, 0, 0, 0, 0, 0, 0, 0, 0, 0, 0, 0, 0, 0, 0, 0, 131, 132, 133, 134, 135, 136, 137, 138, 139, 0, 140, 141, 142, 143, 144, 145, 146, 147, 0, 148, 0, 149, 150, 151, 152, 153, 154, 0], [0, 0, 0, 0, -105, 0, 0, 0, 0, 0, 0, 0, 0, 0, 0, 0, 0, 0, 0, 0, 0, 0, 0, 0, 155, 0, 0, 0, 156, 0, 157, 158, 159, 160, 161, 162, 163, 164, 0, 165, 166, 0, 167, 0, 168, 169, 170, 171, 172, 173, 0, 174, 175, 0, 176, 0], [0, 0, 0, 0, 0, 0, 0, 0, 0, 0, 0, 0, 0, 0, 0, 0, 0, 0, 0, 0, 0, 0, 0, 0, 0, 0, 0, 0, 177, 178, 0, 179, 180, 181, 0, 182, 183, 184, 185, 0, 186, 187, 188, 189, 190, 191, 192, 0, 193, 194, 195, 196, 197, 0, 198, 199], [0, -26, 0, 0, 0, 0, 0, 0, 0, 0, 0, 0, 0, 0, 0, 0, 0, 0, 200, 0, 201, 0, 0, 0, 0, 0, 0, 0, 0, 0, 202, 203, 0, 204, 205, 0, 0, 206, 207, 208, 209, 0, 210, 0, 211, 212, 213, 0, 214, 215, 0, 0, 216, 217, 0, 218], [0, 0, 0, 0, 0, -130, 0, 0, 0, 0, 0, 0, 219, 0, 0, 0, 0, 0, 0, 0, 0, 0, 0, 0, 0, 0, 0, 0, 220, 221, 222, 223, 224, 225, 226, 227, 228, 229, 230, 0, 231, 232, 233, 234, 235, 0, 236, 237, 238, 239, 240, 241, 242, 243, 244, 245], [0, 0, -54, -80, 0, 0, 0, 0, 0, 0, 0, 0, 0, 246, 0, 0, 0, 0, 0, 247, 0, 248, 0, 0, 0, 0, 0, 0, 249, 250, 251, 252, 253, 254, 255, 256, 0, 257, 258, 0, 259, 260, 261, 262, 0, 263, 0, 264, 0, 265, 266, 267, 268, 269, 0, 270], [0, 0, 0, 0, 0, 0, 0, 0, 0, 0, 0, 0, 271, 272, 0, 0, 0, 0, 0, 0, 0, 0, 0, 0, 0, 0, 0, 0, 273, 274, 275, 276, 277, 278, 279, 280, 0, 0, 281, 0, 0, 282, 283, 284, 285, 0, 286, 287, 0, 288, 289, 290, 291, 292, 293, 0], [0, 0, -55, 0, 0, 0, 0, 0, 0, -219, 0, -271, 0, 0, 0, 0, 0, 0, 0, 0, 0, 0, 0, 0, 0, 0, 0, 294, 295, 296, 297, 298, 0, 299, 300, 301, 302, 303, 304, 305, 306, 0, 307, 308, 309, 310, 0, 0, 311, 312, 313, 0, 314, 315, 316, 317], [0, 0, 0, 0, -106, 0, 0, 0, 0, 0, -246, -272, 0, 0, 0, 0, 0, 0, 0, 0, 0, 0, 318, 0, 0, 0, 0, 0, 0, 319, 320, 321, 322, 323, 324, 325, 0, 0, 0, 0, 326, 327, 328, 329, 330, 331, 332, 333, 334, 335, 336, 0, 337, 338, 339, 340], [0, 0, 0, 0, 0, 0, 0, 0, 0, 0, 0, 0, 0, 0, 0, 0, 0, 0, 0, 0, 0, 0, 0, 0, 0, 0, 0, 0, 341, 342, 0, 343, 344, 345, 346, 0, 347, 348, 349, 350, 351, 352, 353, 0, 354, 355, 356, 357, 0, 358, 359, 0, 0, 360, 361, 362], [0, -27, 0, 0, 0, 0, 0, 0, 0, 0, 0, 0, 0, 0, 0, 0, 0, 0, 0, 0, 0, 0, 0, 0, 363, 0, 364, 0, 365, 366, 367, 368, 0, 0, 369, 370, 371, 372, 373, 374, 375, 376, 377, 378, 379, 380, 381, 382, 383, 384, 0, 385, 386, 387, 388, 389], [0, 0, 0, 0, 0, 0, 0, 0, 0, 0, 0, 0, 0, 0, 0, 0, 0, 0, 0, 0, 0, 0, 0, 0, 0, 0, 390, 0, 391, 392, 393, 0, 394, 0, 395, 396, 0, 397, 398, 399, 400, 401, 402, 403, 404, 0, 405, 406, 407, 408, 0, 409, 410, 411, 412, 413], [0, 0, 0, 0, 0, 0, 0, 0, 0, 0, 0, 0, 0, 0, 0, 0, 0, 0, 0, 0, 414, 0, 0, 0, 0, 0, 415, 0, 416, 417, 418, 419, 0, 420, 421, 0, 0, 422, 423, 424, 425, 0, 426, 427, 428, 429, 430, 431, 432, 433, 434, 435, 436, 437, 438, 439], [0, 0, 0, 0, 0, 0, 0, 0, -200, 0, 0, 0, 0, 0, 0, 0, 0, 0, 0, 0, 0, 0, 0, 0, 0, 0, 440, 0, 441, 442, 443, 444, 445, 446, 447, 448, 449, 450, 451, 452, 453, 454, 455, 456, 457, 458, 459, 460, 461, 462, 463, 0, 464, 0, 0, 465], [0, 0, 0, 0, 0, 0, 0, 0, 0, 0, -247, 0, 0, 0, 0, 0, 0, 0, 0, 0, 0, 0, 0, 0, 0, 0, 0, 0, 466, 467, 468, 469, 0, 470, 0, 471, 472, 473, 474, 475, 0, 476, 477, 0, 478, 479, 480, 481, 482, 483, 0, 484, 485, 486, 487, 488], [0, 0, 0, 0, 0, 0, 0, 0, -201, 0, 0, 0, 0, 0, 0, 0, 0, -414, 0, 0, 0, 0, 0, 0, 0, 0, 0, 0, 489, 490, 491, 492, 493, 494, 495, 496, 497, 498, 499, 500, 501, 502, 0, 503, 504, 0, 505, 506, 507, 508, 509, 0, 0, 510, 511, 512], [0, -28, 0, 0, 0, 0, 0, 0, 0, 0, -248, 0, 0, 0, 0, 0, 0, 0, 0, 0, 0, 0, 0, 513, 0, 0, 0, 0, 514, 515, 516, 517, 518, 519, 0, 520, 521, 522, 523, 524, 525, 526, 0, 527, 528, 529, 530, 0, 0, 531, 0, 0, 532, 533, 534, 535], [0, -29, 0, 0, 0, 0, 0, 0, 0, 0, 0, 0, 0, -318, 0, 0, 0, 0, 0, 0, 0, 0, 0, 536, 0, 0, 0, 0, 537, 538, 0, 539, 540, 541, 0, 542, 543, 0, 544, 0, 545, 546, 547, 548, 549, 550, 551, 552, 553, 554, 555, 556, 557, 558, 559, 560], [0, 0, 0, 0, 0, 0, 0, 0, 0, 0, 0, 0, 0, 0, 0, 0, 0, 0, 0, 0, 0, -513, -536, 0, 0, 0, 0, 0, 561, 562, 563, 564, 565, 566, 567, 0, 568, 569, 570, 571, 572, 573, 574, 0, 575, 0, 0, 576, 577, 0, 578, 579, 580, 581, 582, 583], [0, -30, 0, -81, 0, 0, -155, 0, 0, 0, 0, 0, 0, 0, 0, -363, 0, 0, 0, 0, 0, 0, 0, 0, 0, 584, 0, 0, 0, 585, 0, 586, 587, 588, 589, 590, 0, 591, 592, 0, 593, 594, 595, 596, 597, 0, 598, 599, 600, 601, 0, 602, 0, 603, 604, 605], [0, 0, 0, 0, 0, 0, 0, 0, 0, 0, 0, 0, 0, 0, 0, 0, 0, 0, 0, 0, 0, 0, 0, 0, -584, 0, 606, 0, 607, 608, 609, 0, 610, 611, 612, 613, 614, 615, 616, 617, 618, 619, 620, 621, 622, 623, 624, 625, 626, 627, 628, 629, 630, 631, 632, 633], [-1, 0, 0, 0, 0, 0, 0, 0, 0, 0, 0, 0, 0, 0, 0, -364, -390, -415, -440, 0, 0, 0, 0, 0, 0, -606, 0, 0, 634, 635, 636, 637, 638, 639, 640, 0, 641, 642, 643, 644, 645, 646, 647, 648, 649, 650, 0, 651, 652, 0, 653, 654, 655, 656, 657, 0], [0, 0, 0, 0, 0, 0, 0, 0, 0, 0, 0, 0, -294, 0, 0, 0, 0, 0, 0, 0, 0, 0, 0, 0, 0, 0, 0, 0, 658, 0, 659, 660, 661, 662, 663, 664, 665, 666, 0, 667, 0, 0, 668, 669, 670, 671, 0, 672, 673, 0, 674, 675, 0, 676, 677, 678], [-2, -31, 0, -82, 0, -131, -156, -177, 0, -220, -249, -273, -295, 0, -341, -365, -391, -416, -441, -466, -489, -514, -537, -561, 0, -607, -634, -658, 0, 679, 680, 681, 682, 683, 684, 0, 0, 685, 0, 686, 687, 688, 0, 0, 689, 690, 0, 691, 0, 692, 0, 693, 694, 695, 696, 697], [-3, -32, -56, -83, 0, -132, 0, -178, 0, -221, -250, -274, -296, -319, -342, -366, -392, -417, -442, -467, -490, -515, -538, -562, -585, -608, -635, 0, -679, 0, 698, 699, 700, 0, 701, 702, 703, 704, 705, 0, 706, 707, 708, 709, 710, 711, 712, 0, 0, 713, 0, 0, 714, 715, 716, 717], [0, -33, -57, 0, -107, -133, -157, 0, -202, -222, -251, -275, -297, -320, 0, -367, -393, -418, -443, -468, -491, -516, 0, -563, 0, -609, -636, -659, -680, -698, 0, 718, 0, 719, 720, 721, 722, 723, 0, 0, 724, 725, 0, 726, 727, 728, 729, 0, 730, 731, 732, 733, 734, 735, 736, 737], [-4, -34, -58, -84, -108, -134, -158, -179, -203, -223, -252, -276, -298, -321, -343, -368, 0, -419, -444, -469, -492, -517, -539, -564, -586, 0, -637, -660, -681, -699, -718, 0, 738, 739, 740, 741, 742, 0, 743, 744, 745, 746, 747, 0, 748, 749, 750, 751, 752, 0, 753, 754, 755, 0, 756, 757], [-5, -35, -59, -85, 0, -135, -159, -180, 0, -224, -253, -277, 0, -322, -344, 0, -394, 0, -445, 0, -493, -518, -540, -565, -587, -610, -638, -661, -682, -700, 0, -738, 0, 758, 0, 759, 760, 761, 762, 763, 0, 764, 765, 766, 767, 768, 769, 0, 770, 771, 772, 773, 774, 775, 0, 776], [0, -36, -60, -86, 0, -136, -160, -181, -204, -225, -254, -278, -299, -323, -345, 0, 0, -420, -446, -470, -494, -519, -541, -566, -588, -611, -639, -662, -683, 0, -719, -739, -758, 0, 777, 778, 0, 779, 780, 781, 0, 782, 0, 783, 784, 785, 786, 787, 0, 0, 788, 789, 790, 791, 792, 793], [-6, -37, -61, -87, -109, -137, -161, 0, -205, -226, -255, -279, -300, -324, -346, -369, -395, -421, -447, 0, -495, 0, 0, -567, -589, -612, -640, -663, -684, -701, -720, -740, 0, -777, 0, 794, 795, 796, 0, 797, 798, 799, 0, 800, 801, 802, 803, 804, 805, 0, 0, 806, 0, 0, 807, 808], [-7, -38, -62, 0, -110, -138, -162, -182, 0, -227, -256, -280, -301, -325, 0, -370, -396, 0, -448, -471, -496, -520, -542, 0, -590, -613, 0, -664, 0, -702, -721, -741, -759, -778, -794, 0, 809, 0, 810, 811, 812, 813, 814, 815, 816, 817, 818, 0, 819, 820, 0, 821, 822, 823, 0, 824], [-8, -39, -63, -88, -111, -139, -163, -183, 0, -228, 0, 0, -302, 0, -347, -371, 0, 0, -449, -472, -497, -521, -543, -568, 0, -614, -641, -665, 0, -703, -722, -742, -760, 0, -795, -809, 0, 825, 0, 826, 827, 828, 829, 0, 830, 0, 831, 832, 833, 834, 835, 836, 837, 838, 839, 840], [-9, -40, 0, -89, -112, 0, -164, -184, -206, -229, -257, 0, -303, 0, -348, -372, -397, -422, -450, -473, -498, -522, 0, -569, -591, -615, -642, -666, -685, -704, -723, 0, -761, -779, -796, 0, -825, 0, 841, 842, 843, 844, 845, 846, 847, 848, 849, 850, 851, 852, 853, 854, 855, 0, 0, 856], [0, -41, -64, -90, -113, -140, 0, -185, -207, -230, -258, -281, -304, 0, -349, -373, -398, -423, -451, -474, -499, -523, -544, -570, -592, -616, -643, 0, 0, -705, 0, -743, -762, -780, 0, -810, 0, -841, 0, 857, 858, 859, 860, 861, 862, 863, 864, 865, 866, 867, 0, 0, 868, 869, 870, 871], [-10, -42, 0, -91, -114, -141, -165, 0, -208, 0, 0, 0, -305, 0, -350, -374, -399, -424, -452, -475, -500, -524, 0, -571, 0, -617, -644, -667, -686, 0, 0, -744, -763, -781, -797, -811, -826, -842, -857, 0, 0, 872, 873, 874, 875, 876, 877, 878, 879, 880, 881, 882, 883, 884, 885, 886], [0, 0, -65, -92, -115, -142, -166, -186, -209, -231, -259, 0, -306, -326, -351, -375, -400, -425, -453, 0, -501, -525, -545, -572, -593, -618, -645, 0, -687, -706, -724, -745, 0, 0, -798, -812, -827, -843, -858, 0, 0, 887, 888, 889, 890, 891, 0, 892, 893, 894, 895, 896, 897, 898, 899, 900], [-11, -43, -66, -93, -116, -143, 0, -187, 0, -232, -260, -282, 0, -327, -352, -376, -401, 0, -454, -476, -502, -526, -546, -573, -594, -619, -646, 0, -688, -707, -725, -746, -764, -782, -799, -813, -828, -844, -859, -872, -887, 0, 901, 902, 0, 0, 903, 904, 905, 906, 907, 908, 0, 909, 910, 911], [0, -44, -67, -94, -117, -144, -167, -188, -210, -233, -261, -283, -307, -328, -353, -377, -402, -426, -455, -477, 0, 0, -547, -574, -595, -620, -647, -668, 0, -708, 0, -747, -765, 0, 0, -814, -829, -845, -860, -873, -888, -901, 0, 0, 912, 913, 914, 915, 916, 917, 918, 0, 919, 920, 921, 922], [-12, -45, -68, -95, -118, -145, 0, -189, 0, -234, -262, -284, -308, -329, 0, -378, -403, -427, -456, 0, -503, -527, -548, 0, -596, -621, -648, -669, 0, -709, -726, 0, -766, -783, -800, -815, 0, -846, -861, -874, -889, -902, 0, 0, 923, 924, 925, 926, 927, 928, 929, 0, 930, 931, 932, 933], [-13, -46, -69, -96, -119, -146, -168, -190, -211, -235, 0, -285, -309, -330, -354, -379, -404, -428, -457, -478, -504, -528, -549, -575, -597, -622, -649, -670, -689, -710, -727, -748, -767, -784, -801, -816, -830, -847, -862, -875, -890, 0, -912, -923, 0, 934, 935, 936, 937, 0, 938, 939, 0, 940, 941, 0], [-14, 0, 0, 0, -120, -147, -169, -191, -212, 0, -263, 0, -310, -331, -355, -380, 0, -429, -458, -479, 0, -529, -550, 0, 0, -623, -650, -671, -690, -711, -728, -749, -768, -785, -802, -817, 0, -848, -863, -876, -891, 0, -913, -924, -934, 0, 0, 942, 943, 0, 944, 945, 946, 947, 0, 948], [-15, -47, -70, -97, -121, 0, -170, -192, -213, -236, 0, -286, 0, -332, -356, -381, -405, -430, -459, -480, -505, -530, -551, 0, -598, -624, 0, 0, 0, -712, -729, -750, -769, -786, -803, -818, -831, -849, -864, -877, 0, -903, -914, -925, -935, 0, 0, 949, 950, 951, 952, 0, 953, 0, 954, 955], [-16, 0, -71, -98, -122, -148, -171, 0, 0, -237, -264, -287, 0, -333, -357, -382, -406, -431, -460, -481, -506, 0, -552, -576, -599, -625, -651, -672, -691, 0, 0, -751, 0, -787, -804, 0, -832, -850, -865, -878, -892, -904, -915, -926, -936, -942, -949, 0, 956, 957, 958, 0, 959, 960, 961, 962], [0, 0,