[[[0, 0, 0, 0, 0, 0, 0, 0, 0, 0, 0, 0, 0, 0, 0, 0, 1, 0, 0, 0, 2, 0, 0, 0, 3, 4, 5, 0, 6, 7, 0, 8, 0, 0, 9, 0, 10, 11, 12, 13, 0, 14, 0, 15, 16, 17, 18, 19], [0, 0, 0, 0, 0, 0, 0, 0, 0, 0, 0, 0, 0, 0, 0, 0, 0, 0, 0, 0, 0, 0, 0, 0, 20, 21, 22, 0, 23, 24, 25, 26, 27, 0, 28, 29, 30, 0, 0, 31, 32, 33, 34, 35, 36, 37, 38, 0], [0, 0, 0, 0, 0, 0, 0, 0, 0, 0, 0, 0, 39, 0, 0, 0, 40, 0, 0, 0, 0, 0, 0, 0, 41, 42, 43, 44, 45, 46, 47, 48, 49, 0, 50, 51, 52, 0, 53, 54, 55, 56, 57, 58, 59, 60, 61, 62], [0, 0, 0, 0, 0, 0, 0, 0, 63, 0, 0, 0, 0, 0, 0, 0, 0, 0, 0, 64, 0, 0, 0, 0, 0, 0, 65, 66, 67, 68, 0, 69, 0, 70, 71, 72, 73, 0, 0, 0, 0, 0, 74, 75, 76, 77, 78, 0], [0, 0, 0, 0, 0, 79, 0, 0, 0, 0, 0, 0, 80, 0, 0, 81, 0, 0, 0, 0, 0, 0, 82, 0, 83, 84, 85, 0, 86, 87, 88, 89, 0, 90, 0, 91, 92, 93, 94, 95, 96, 97, 98, 0, 99, 100, 101, 0], [0, 0, 0, 0, -79, 0, 0, 0, 0, 102, 0, 0, 0, 0, 0, 0, 0, 0, 0, 0, 0, 103, 104, 0, 105, 106, 107, 108, 0, 109, 110, 111, 0, 112, 113, 114, 115, 116, 117, 118, 119, 120, 121, 122, 123, 124, 125, 126], [0, 0, 0, 0, 0, 0, 0, 0, 0, 0, 0, 0, 0, 0, 0, 0, 0, 0, 0, 0, 0, 127, 0, 0, 128, 129, 130, 131, 132, 133, 134, 0, 135, 136, 137, 0, 138, 139, 0, 0, 140, 141, 142, 143, 144, 145, 146, 0], [0, 0, 0, 0, 0, 0, 0, 0, 0, 0, 0, 0, 0, 0, 147, 0, 0, 0, 0, 0, 0, 0, 0, 0, 148, 0, 0, 149, 150, 151, 152, 153, 154, 155, 156, 157, 158, 0, 159, 160, 161, 162, 163, 164, 165, 166, 0, 167], [0, 0, 0, -63, 0, 0, 0, 0, 0, 0, 0, 0, 0, 0, 0, 0, 0, 0, 0, 0, 0, 0, 0, 0, 168, 169, 170, 171, 172, 173, 174, 175, 176, 0, 177, 0, 178, 179, 180, 181, 0, 182, 183, 184, 185, 186, 187, 188], [0, 0, 0, 0, 0, -102, 0, 0, 0, 0, 0, 0, 0, 0, 0, 0, 0, 0, 0, 0, 0, 0, 0, 189, 190, 0, 0, 0, 191, 192, 193, 194, 195, 196, 197, 198, 199, 200, 201, 0, 0, 202, 203, 0, 204, 205, 206, 207], [0, 0, 0, 0, 0, 0, 0, 0, 0, 0, 0, 0, 0, 0, 208, 0, 0, 0, 0, 209, 0, 0, 0, 210, 211, 0, 212, 213, 0, 214, 215, 0, 216, 0, 0, 0, 217, 218, 219, 220, 221, 222, 223, 0, 224, 225, 226, 227], [0, 0, 0, 0, 0, 0, 0, 0, 0, 0, 0, 0, 0, 0, 0, 0, 0, 0, 0, 0, 0, 228, 0, 0, 229, 0, 230, 0, 231, 232, 233, 234, 0, 235, 236, 0, 0, 237, 0, 238, 239, 0, 240, 0, 0, 241, 242, 243], [0, 0, -39, 0, -80, 0, 0, 0, 0, 0, 0, 0, 0, 0, 244, 0, 0, 245, 0, 0, 0, 0, 246, 0, 247, 248, 0, 249, 250, 251, 252, 253, 254, 255, 256, 0, 0, 0, 257, 258, 259, 260, 0, 261, 262, 263, 264, 265], [0, 0, 0, 0, 0, 0, 0, 0, 0, 0, 0, 0, 0, 0, 0, 0, 0, 0, 0, 0, 0, 0, 0, 266, 267, 268, 269, 270, 0, 271, 0, 272, 0, 273, 274, 0, 275, 276, 277, 0, 278, 0, 279, 280, 0, 0, 0, 281], [0, 0, 0, 0, 0, 0, 0, -147, 0, 0, -208, 0, -244, 0, 0, 0, 282, 0, 0, 283, 0, 0, 0, 0, 0, 0, 284, 285, 286, 0, 287, 288, 289, 290, 0, 0, 291, 292, 293, 0, 294, 295, 296, 297, 298, 299, 300, 301], [0, 0, 0, 0, -81, 0, 0, 0, 0, 0, 0, 0, 0, 0, 0, 0, 0, 0, 0, 0, 0, 0, 0, 0, 302, 303, 304, 305, 306, 307, 308, 309, 0, 310, 311, 312, 313, 314, 315, 0, 316, 0, 317, 318, 319, 320, 0, 0], [-1, 0, -40, 0, 0, 0, 0, 0, 0, 0, 0, 0, 0, 0, -282, 0, 0, 0, 0, 0, 0, 0, 0, 321, 322, 323, 324, 325, 326, 327, 328, 329, 330, 331, 332, 333, 0, 334, 0, 335, 336, 337, 338, 339, 340, 341, 342, 343], [0, 0, 0, 0, 0, 0, 0, 0, 0, 0, 0, 0, -245, 0, 0, 0, 0, 0, 344, 0, 0, 0, 0, 0, 345, 346, 347, 348, 349, 0, 0, 350, 351, 352, 353, 0, 0, 354, 355, 0, 356, 357, 358, 359, 360, 0, 0, 361], [0, 0, 0, 0, 0, 0, 0, 0, 0, 0, 0, 0, 0, 0, 0, 0, 0, -344, 0, 0, 0, 0, 0, 0, 362, 0, 0, 363, 364, 0, 0, 365, 366, 367, 368, 369, 370, 371, 372, 0, 373, 374, 0, 0, 375, 376, 377, 378], [0, 0, 0, -64, 0, 0, 0, 0, 0, 0, -209, 0, 0, 0, -283, 0, 0, 0, 0, 0, 0, 0, 0, 0, 379, 380, 381, 382, 0, 383, 384, 385, 0, 0, 386, 387, 388, 389, 390, 391, 0, 392, 393, 394, 395, 396, 397, 398], [-2, 0, 0, 0, 0, 0, 0, 0, 0, 0, 0, 0, 0, 0, 0, 0, 0, 0, 0, 0, 0, 0, 0, 0, 0, 399, 400, 0, 401, 402, 403, 404, 0, 0, 405, 406, 407, 408, 409, 410, 411, 0, 412, 413, 414, 415, 416, 417], [0, 0, 0, 0, 0, -103, -127, 0, 0, 0, 0, -228, 0, 0, 0, 0, 0, 0, 0, 0, 0, 0, 0, 0, 418, 419, 420, 0, 421, 422, 423, 0, 424, 425, 426, 0, 427, 428, 429, 430, 431, 432, 433, 434, 435, 0, 436, 437], [0, 0, 0, 0, -82, -104, 0, 0, 0, 0, 0, 0, -246, 0, 0, 0, 0, 0, 0, 0, 0, 0, 0, 438, 439, 0, 440, 0, 0, 441, 442, 443, 0, 444, 0, 445, 446, 447, 448, 449, 450, 451, 452, 453, 0, 454, 0, 455], [0, 0, 0, 0, 0, 0, 0, 0, 0, -189, -210, 0, 0, -266, 0, 0, -321, 0, 0, 0, 0, 0, -438, 0, 456, 0, 457, 458, 459, 460, 461, 462, 463, 464, 465, 466, 0, 0, 0, 467, 468, 0, 0, 469, 0, 470, 471, 472], [-3, -20, -41, 0, -83, -105, -128, -148, -168, -190, -211, -229, -247, -267, 0, -302, -322, -345, -362, -379, 0, -418, -439, -456, 0, 473, 474, 0, 475, 476, 477, 478, 479, 480, 0, 481, 0, 482, 483, 484, 485, 0, 486, 487, 0, 488, 0, 489], [-4, -21, -42, 0, -84, -106, -129, 0, -169, 0, 0, 0, -248, -268, 0, -303, -323, -346, 0, -380, -399, -419, 0, 0, -473, 0, 490, 0, 491, 492, 0, 493, 494, 495, 496, 497, 498, 499, 500, 0, 501, 502, 0, 503, 504, 505, 506, 507], [-5, -22, -43, -65, -85, -107, -130, 0, -170, 0, -212, -230, 0, -269, -284, -304, -324, -347, 0, -381, -400, -420, -440, -457, -474, -490, 0, 0, 508, 509, 510, 0, 511, 512, 513, 514, 515, 516, 517, 518, 519, 520, 521, 0, 522, 523, 0, 0], [0, 0, -44, -66, 0, -108, -131, -149, -171, 0, -213, 0, -249, -270, -285, -305, -325, -348, -363, -382, 0, 0, 0, -458, 0, 0, 0, 0, 524, 525, 526, 527, 0, 528, 529, 530, 531, 532, 533, 0, 0, 0, 534, 535, 536, 537, 538, 539], [-6, -23, -45, -67, -86, 0, -132, -150, -172, -191, 0, -231, -250, 0, -286, -306, -326, -349, -364, 0, -401, -421, 0, -459, -475, -491, -508, -524, 0, 0, 540, 0, 541, 542, 543, 544, 545, 546, 0, 547, 548, 549, 550, 0, 551, 552, 553, 554], [-7, -24, -46, -68, -87, -109, -133, -151, -173, -192, -214, -232, -251, -271, 0, -307, -327, 0, 0, -383, -402, -422, -441, -460, -476, -492, -509, -525, 0, 0, 0, 555, 556, 557, 558, 559, 560, 561, 0, 562, 563, 564, 565, 566, 0, 0, 0, 0], [0, -25, -47, 0, -88, -110, -134, -152, -174, -193, -215, -233, -252, 0, -287, -308, -328, 0, 0, -384, -403, -423, -442, -461, -477, 0, -510, -526, -540, 0, 0, 567, 568, 569, 570, 0, 571, 572, 573, 574, 575, 0, 576, 577, 0, 578, 579, 0], [-8, -26, -48, -69, -89, -111, 0, -153, -175, -194, 0, -234, -253, -272, -288, -309, -329, -350, -365, -385, -404, 0, -443, -462, -478, -493, 0, -527, 0, -555, -567, 0, 580, 581, 582, 583, 584, 585, 586, 0, 587, 588, 589, 590, 591, 592, 593, 594], [0, -27, -49, 0, 0, 0, -135, -154, -176, -195, -216, 0, -254, 0, -289, 0, -330, -351, -366, 0, 0, -424, 0, -463, -479, -494, -511, 0, -541, -556, -568, -580, 0, 0, 595, 596, 0, 597, 0, 598, 599, 600, 0, 601, 0, 602, 603, 604], [0, 0, 0, -70, -90, -112, -136, -155, 0, -196, 0, -235, -255, -273, -290, -310, -331, -352, -367, 0, 0, -425, -444, -464, -480, -495, -512, -528, -542, -557, -569, -581, 0, 0, 605, 606, 0, 607, 608, 609, 610, 611, 612, 613, 614, 615, 616, 617], [-9, -28, -50, -71, 0, -113, -137, -156, -177, -197, 0, -236, -256, -274, 0, -311, -332, -353, -368, -386, -405, -426, 0, -465, 0, -496, -513, -529, -543, -558, -570, -582, -595, -605, 0, 0, 618, 0, 619, 620, 621, 622, 623, 624, 625, 626, 0, 627], [0, -29, -51, -72, -91, -114, 0, -157, 0, -198, 0, 0, 0, 0, 0, -312, -333, 0, -369, -387, -406, 0, -445, -466, -481, -497, -514, -530, -544, -559, 0, -583, -596, -606, 0, 0, 628, 629, 630, 631, 0, 632, 633, 634, 635, 636, 637, 638], [-10, -30, -52, -73, -92, -115, -138, -158, -178, -199, -217, 0, 0, -275, -291, -313, 0, 0, -370, -388, -407, -427, -446, 0, 0, -498, -515, -531, -545, -560, -571, -584, 0, 0, -618, -628, 0, 639, 640, 641, 642, 0, 643, 644, 645, 646, 0, 0], [-11, 0, 0, 0, -93, -116, -139, 0, -179, -200, -218, -237, 0, -276, -292, -314, -334, -354, -371, -389, -408, -428, -447, 0, -482, -499, -516, -532, -546, -561, -572, -585, -597, -607, 0, -629, -639, 0, 647, 0, 648, 649, 650, 651, 652, 653, 0, 654], [-12, 0, -53, 0, -94, -117, 0, -159, -180, -201, -219, 0, -257, -277, -293, -315, 0, -355, -372, -390, -409, -429, -448, 0, -483, -500, -517, -533, 0, 0, -573, -586, 0, -608, -619, -630, -640, -647, 0, 0, 655, 656, 657, 0, 658, 0, 0, 659], [-13, -31, -54, 0, -95, -118, 0, -160, -181, 0, -220, -238, -258, 0, 0, 0, -335, 0, 0, -391, -410, -430, -449, -467, -484, 0, -518, 0, -547, -562, -574, 0, -598, -609, -620, -631, -641, 0, 0, 0, 660, 661, 662, 663, 664, 665, 666, 667], [0, -32, -55, 0, -96, -119, -140, -161, 0, 0, -221, -239, -259, -278, -294, -316, -336, -356, -373, 0, -411, -431, -450, -468, -485, -501, -519, 0, -548, -563, -575, -587, -599, -610, -621, 0, -642, -648, -655, -660, 0, 668, 669, 670, 0, 671, 672, 0], [-14, -33, -56, 0, -97, -120, -141, -162, -182, -202, -222, 0, -260, 0, -295, 0, -337, -357, -374, -392, 0, -432, -451, 0, 0, -502, -520, 0, -549, -564, 0, -588, -600, -611, -622, -632, 0, -649, -656, -661, -668, 0, 673, 674, 0, 675, 676, 677], [0, -34, -57, -74, -98, -121, -142, -163, -183, -203, -223, -240, 0, -279, -296, -317, -338, -358, 0, -393, -412, -433, -452, 0, -486, 0, -521, -534, -550, -565, -576, -589, 0, -612, -623, -633, -643, -650, -657, -662, -669, -673, 0, 678, 679, 680, 0, 0], [-15, -35, -58, -75, 0, -122, -143, -164, -184, 0, 0, 0, -261, -280, -297, -318, -339, -359, 0, -394, -413, -434, -453, -469, -487, -503, 0, -535, 0, -566, -577, -590, -601, -613, -624, -634, -644, -651, 0, -663, -670, -674, -678, 0, 681, 682, 0, 0], [-16, -36, -59, -76, -99, -123, -144, -165, -185, -204, -224, 0, -262, 0, -298, -319, -340, -360, -375, -395, -414, -435, 0, 0, 0, -504, -522, -536, -551, 0, 0, -591, 0, -614, -625, -635, -645, -652, -658, -664, 0, 0, -679, -681, 0, 683, 684, 0], [-17, -37, -60, -77, -100, -124, -145, -166, -186, -205, -225, -241, -263, 0, -299, -320, -341, 0, -376, -396, -415, 0, -454, -470, -488, -505, -523, -537, -552, 0, -578, -592, -602, -615, -626, -636, -646, -653, 0, -665, -671, -675, -680, -682, -683, 0, 685, 686], [-18, -38, -61, -78, -101, -125, -146, 0, -187, -206, -226, -242, -264, 0, -300, 0, -342, 0, -377, -397, -416, -436, 0, -471, 0, -506, 0, -538, -553, 0, -579, -593, -603, -616, 0, -637, 0, 0, 0, -666, -672, -676, 0, 0, -684, -685, 0, 687], [-19, 0, -62, 0, 0, -126, 0, -167, -188, -207, -227, -243, -265, -281, -301, 0, -343, -361, -378, -398, -417, -437, -455, -472, -489, -507, 0, -539, -554, 0, 0, -594, -604, -617, -627, -638, 0, -654, -659, -667, 0, -677, 0, 0, 0, -686, -687, 0]], [[0, 0, 0, 0, 0, 0, 0, 0, 0, 0, 0, 1, 0, 0, 0, 0, 0, 0, 2, 0, 0, 3, 0, 4, 5, 6, 7, 0, 8, 9, 0, 10, 11, 12, 13, 14, 15, 16, 17, 18, 19, 20, 0, 21, 22, 23, 24, 25], [0, 0, 0, 0, 0, 0, 0, 0, 0, 0, 0, 0, 0, 26, 0, 27, 0, 0, 0, 28, 0, 0, 0, 0, 29, 0, 0, 30, 31, 32, 0, 33, 34, 35, 36, 37, 0, 38, 39, 40, 41, 42, 43, 0, 44, 0, 45, 46], [0, 0, 0, 0, 0, 0, 0, 0, 0, 0, 0, 0, 0, 0, 0, 0, 0, 0, 0, 0, 0, 0, 0, 0, 47, 48, 49, 0, 0, 50, 51, 52, 53, 0, 54, 55, 0, 56, 57, 58, 59, 60, 0, 0, 61, 62, 63, 64], [0, 0, 0, 0, 0, 0, 0, 0, 0, 65, 0, 0, 0, 0, 0, 0, 0, 0, 0, 0, 66, 0, 0, 0, 67, 68, 69, 0, 70, 71, 72, 0, 0, 73, 74, 75, 76, 77, 78, 0, 0, 79, 80, 81, 82, 0, 83, 84], [0, 0, 0, 0, 0, 0, 0, 0, 0, 0, 0, 0, 0, 0, 0, 0, 0, 0, 85, 0, 86, 0, 0, 0, 87, 88, 89, 0, 90, 0, 91, 92, 93, 94, 0, 95, 96, 97, 98, 0, 0, 99, 0, 100, 101, 102, 103, 0], [0, 0, 0, 0, 0, 0, 0, 104, 0, 0, 0, 105, 0, 0, 0, 0, 106, 0, 0, 107, 108, 0, 0, 0, 109, 110, 111, 112, 113, 0, 114, 115, 116, 117, 118, 119, 120, 0, 121, 122, 123, 124, 125, 126, 127, 128, 129, 130], [0, 0, 0, 0, 0, 0, 0, 0, 0, 0, 0, 0, 0, 0, 0, 131, 0, 0, 0, 0, 0, 0, 0, 0, 132, 133, 134, 0, 135, 136, 137, 138, 139, 140, 141, 142, 0, 143, 0, 144, 0, 145, 146, 0, 147, 148, 149, 150], [0, 0, 0, 0, 0, -104, 0, 0, 0, 151, 0, 0, 152, 0, 0, 153, 0, 0, 0, 0, 0, 0, 0, 0, 154, 155, 156, 157, 0, 158, 159, 160, 161, 162, 163, 164, 165, 0, 166, 167, 168, 0, 169, 170, 171, 0, 172, 173], [0, 0, 0, 0, 0, 0, 0, 0, 0, 0, 0, 0, 0, 0, 0, 0, 0, 0, 0, 174, 0, 0, 0, 0, 175, 0, 176, 177, 178, 179, 180, 181, 182, 183, 0, 0, 184, 185, 0, 186, 187, 188, 0, 189, 190, 191, 192, 193], [0, 0, 0, -65, 0, 0, 0, -151, 0, 0, 194, 0, 0, 0, 0, 0, 0, 0, 0, 0, 0, 0, 0, 0, 195, 196, 197, 198, 199, 200, 0, 201, 202, 203, 204, 205, 206, 0, 0, 207, 208, 209, 210, 0, 211, 212, 213, 214], [0, 0, 0, 0, 0, 0, 0, 0, 0, -194, 0, 215, 0, 0, 0, 0, 0, 0, 0, 0, 0, 0, 0, 0, 0, 216, 217, 218, 0, 219, 220, 221, 222, 223, 224, 225, 226, 0, 0, 227, 228, 229, 230, 231, 232, 233, 0, 234], [-1, 0, 0, 0, 0, -105, 0, 0, 0, 0, -215, 0, 235, 0, 0, 0, 0, 0, 0, 0, 0, 0, 0, 0, 236, 237, 238, 239, 240, 241, 242, 0, 243, 0, 244, 245, 246, 247, 248, 249, 250, 251, 252, 253, 254, 0, 255, 256], [0, 0, 0, 0, 0, 0, 0, -152, 0, 0, 0, -235, 0, 0, 257, 0, 0, 0, 0, 258, 0, 0, 0, 0, 259, 0, 260, 261, 262, 263, 264, 265, 266, 0, 267, 268, 269, 270, 0, 271, 272, 273, 274, 275, 0, 276, 277, 278], [0, -26, 0, 0, 0, 0, 0, 0, 0, 0, 0, 0, 0, 0, 0, 0, 0, 0, 0, 0, 0, 0, 0, 0, 279, 280, 281, 0, 282, 0, 283, 284, 285, 0, 286, 287, 288, 0, 289, 290, 291, 292, 293, 294, 295, 296, 297, 298], [0, 0, 0, 0, 0, 0, 0, 0, 0, 0, 0, 0, -257, 0, 0, 0, 0, 0, 299, 0, 0, 0, 0, 0, 300, 301, 0, 302, 303, 0, 304, 0, 0, 305, 306, 307, 308, 309, 310, 0, 311, 0, 312, 313, 314, 315, 316, 0], [0, -27, 0, 0, 0, 0, -131, -153, 0, 0, 0, 0, 0, 0, 0, 0, 0, 0, 317, 0, 0, 0, 0, 0, 0, 0, 318, 319, 0, 320, 0, 321, 322, 323, 324, 0, 325, 0, 326, 327, 328, 329, 330, 331, 332, 333, 334, 335], [0, 0, 0, 0, 0, -106, 0, 0, 0, 0, 0, 0, 0, 0, 0, 0, 0, 0, 0, 0, 0, 0, 0, 0, 336, 337, 338, 339, 340, 0, 341, 342, 343, 344, 345, 346, 347, 348, 349, 350, 351, 352, 353, 354, 355, 356, 357, 358], [0, 0, 0, 0, 0, 0, 0, 0, 0, 0, 0, 0, 0, 0, 0, 0, 0, 0, 0, 0, 0, 359, 0, 0, 0, 0, 360, 361, 362, 363, 364, 365, 0, 366, 367, 0, 0, 0, 368, 369, 0, 370, 0, 0, 0, 371, 372, 373], [-2, 0, 0, 0, -85, 0, 0, 0, 0, 0, 0, 0, 0, 0, -299, -317, 0, 0, 0, 0, 0, 0, 0, 0, 374, 375, 376, 377, 378, 379, 380, 381, 382, 383, 384, 0, 385, 0, 386, 387, 0, 388, 389, 390, 391, 392, 393, 0], [0, -28, 0, 0, 0, -107, 0, 0, -174, 0, 0, 0, -258, 0, 0, 0, 0, 0, 0, 0, 0, 0, 0, 0, 394, 0, 0, 395, 396, 397, 398, 399, 400, 401, 402, 403, 404, 0, 405, 406, 407, 408, 409, 410, 411, 0, 412, 0], [0, 0, 0, -66, -86, -108, 0, 0, 0, 0, 0, 0, 0, 0, 0, 0, 0, 0, 0, 0, 0, 0, 0, 0, 413, 0, 414, 0, 415, 416, 417, 418, 419, 420, 421, 422, 423, 424, 425, 426, 427, 0, 428, 429, 0, 430, 431, 432], [-3, 0, 0, 0, 0, 0, 0, 0, 0, 0, 0, 0, 0, 0, 0, 0, 0, -359, 0, 0, 0, 0, 0, 0, 0, 433, 434, 0, 0, 435, 436, 437, 438, 0, 439, 440, 441, 442, 443, 444, 445, 446, 0, 447, 0, 448, 449, 450], [0, 0, 0, 0, 0, 0, 0, 0, 0, 0, 0, 0, 0, 0, 0, 0, 0, 0, 0, 0, 0, 0, 0, 0, 451, 0, 0, 452, 453, 454, 455, 456, 0, 457, 458, 459, 460, 461, 0, 462, 463, 464, 465, 466, 467, 468, 469, 470], [-4, 0, 0, 0, 0, 0, 0, 0, 0, 0, 0, 0, 0, 0, 0, 0, 0, 0, 0, 0, 0, 0, 0, 0, 0, 471, 0, 0, 472, 0, 473, 474, 0, 475, 476, 477, 0, 478, 479, 480, 481, 482, 483, 0, 0, 0, 484, 485], [-5, -29, -47, -67, -87, -109, -132, -154, -175, -195, 0, -236, -259, -279, -300, 0, -336, 0, -374, -394, -413, 0, -451, 0, 0, 486, 487, 0, 488, 0, 489, 490, 491, 492, 493, 494, 495, 496, 497, 498, 499, 500, 0, 501, 502, 503, 504, 505], [-6, 0, -48, -68, -88, -110, -133, -155, 0, -196, -216, -237, 0, -280, -301, 0, -337, 0, -375, 0, 0, -433, 0, -471, -486, 0, 506, 507, 508, 509, 510, 511, 0, 512, 513, 514, 515, 516, 517, 518, 519, 520, 521, 0, 0, 522, 523, 524], [-7, 0, -49, -69, -89, -111, -134, -156, -176, -197, -217, -238, -260, -281, 0, -318, -338, -360, -376, 0, -414, -434, 0, 0, -487, -506, 0, 525, 526, 527, 528, 0, 529, 530, 0, 531, 532, 0, 533, 534, 535, 0, 536, 537, 538, 539, 540, 541], [0, -30, 0, 0, 0, -112, 0, -157, -177, -198, -218, -239, -261, 0, -302, -319, -339, -361, -377, -395, 0, 0, -452, 0, 0, -507, -525, 0, 0, 542, 0, 543, 544, 0, 545, 0, 546, 547, 548, 549, 550, 551, 552, 553, 0, 554, 555, 0], [-8, -31, 0, -70, -90, -113, -135, 0, -178, -199, 0, -240, -262, -282, -303, 0, -340, -362, -378, -396, -415, 0, -453, -472, -488, -508, -526, 0, 0, 556, 0, 0, 557, 0, 558, 0, 559, 560, 0, 561, 562, 563, 564, 0, 565, 566, 0, 567], [-9, -32, -50, -71, 0, 0, -136, -158, -179, -200, -219, -241, -263, 0, 0, -320, 0, -363, -379, -397, -416, -435, -454, 0, 0, -509, -527, -542, -556, 0, 568, 569, 0, 570, 571, 572, 573, 574, 575, 576, 577, 578, 579, 0, 580, 0, 581, 582], [0, 0, -51, -72, -91, -114, -137, -159, -180, 0, -220, -242, -264, -283, -304, 0, -341, -364, -380, -398, -417, -436, -455, -473, -489, -510, -528, 0, 0, -568, 0, 583, 584, 585, 586, 587, 588, 589, 590, 591, 592, 593, 0, 594, 595, 596, 0, 597], [-10, -33, -52, 0, -92, -115, -138, -160, -181, -201, -221, 0, -265, -284, 0, -321, -342, -365, -381, -399, -418, -437, -456, -474, -490, -511, 0, -543, 0, -569, -583, 0, 598, 599, 600, 601, 0, 0, 602, 603, 604, 605, 606, 607, 0, 608, 609, 610], [-11, -34, -53, 0, -93, -116, -139, -161, -182, -202, -222, -243, -266, -285, 0, -322, -343, 0, -382, -400, -419, -438, 0, 0, -491, 0, -529, -544, -557, 0, -584, -598, 0, 611, 612, 0, 613, 614, 0, 615, 0, 616, 617, 618, 0, 619, 620, 621], [-12, -35, 0, -73, -94, -117, -140, -162, -183, -203, -223, 0, 0, 0, -305, -323, -344, -366, -383, -401, -420, 0, -457, -475, -492, -512, -530, 0, 0, -570, -585, -599, -611, 0, 0, 622, 623, 0, 0, 624, 625, 626, 0, 627, 0, 628, 629, 630], [-13, -36, -54, -74, 0, -118, -141, -163, 0, -204, -224, -244, -267, -286, -306, -324, -345, -367, -384, -402, -421, -439, -458, -476, -493, -513, 0, -545, -558, -571, -586, -600, -612, 0, 0, 631, 632, 633, 634, 635, 636, 637, 638, 0, 639, 640, 0, 641], [-14, -37, -55, -75, -95, -119, -142, -164, 0, -205, -225, -245, -268, -287, -307, 0, -346, 0, 0, -403, -422, -440, -459, -477, -494, -514, -531, 0, 0, -572, -587, -601, 0, -622, -631, 0, 642, 0, 643, 644, 645, 0, 646, 0, 647, 648, 649, 650], [-15, 0, 0, -76, -96, -120, 0, -165, -184, -206, -226, -246, -269, -288, -308, -325, -347, 0, -385, -404, -423, -441, -460, 0, -495, -515, -532, -546, -559, -573, -588, 0, -613, -623, -632, -642, 0, 651, 652, 653, 0, 654, 655, 656, 657, 0, 658, 659], [-16, -38, -56, -77, -97, 0, -143, 0, -185, 0, 0, -247, -270, 0, -309, 0, -348, 0, 0, 0, -424, -442, -461, -478, -496, -516, 0, -547, -560, -574, -589, 0, -614, 0, -633, 0, -651, 0, 660, 661, 662, 663, 664, 665, 0, 666, 667, 668], [-17, -39, -57, -78, -98, -121, 0, -166, 0, 0, 0, -248, 0, -289, -310, -326, -349, -368, -386, -405, -425, -443, 0, -479, -497, -517, -533, -548, 0, -575, -590, -602, 0, 0, -634, -643, -652, -660, 0, 0, 669, 670, 671, 672, 0, 673, 0, 674], [-18, -40, -58, 0, 0, -122, -144, -167, -186, -207, -227, -249, -271, -290, 0, -327, -350, -369, -387, -406, -426, -444, -462, -480, -498, -518, -534, -549, -561, -576, -591, -603, -615, -624, -635, -644, -653, -661, 0, 0, 675, 676, 677, 678, 679, 680, 681, 682], [-19, -41, -59, 0, 0, -123, 0, -168, -187, -208, -228, -250, -272, -291, -311, -328, -351, 0, 0, -407, -427, -445, -463, -481, -499, -519, -535, -550, -562, -577, -592, -604, 0, -625, -636, -645, 0, -662, -669, -675, 0, 683, 0, 0, 0, 684, 685, 686], [-20, -42, -60, -79, -99, -124, -145, 0, -188, -209, -229, -251, -273, -292, 0, -329, -352, -370, -388, -408, 0, -446, -464, -482, -500, -520, 0, -551, -563, -578, -593, -605, -616, -626, -637, 0, -654, -663, -670, -676, -683, 0, 687, 688, 689, 690, 691, 692], [0, -43, 0, -80, 0, -125, -146, -169, 0, -210, -230, -252, -274, -293, -312, -330, -353, 0, -389, -409, -428, 0, -465, -483, 0, -521, -536, -552, -564, -579, 0, -606, -617, 0, -638, -646, -655, -664, -671, -677, 0, -687, 0, 693, 694, 0, 0, 695], [-21, 0, 0, -81, -100, -126, 0, -170, -189, 0, -231, -253, -275, -294, -313, -331, -354, 0, -390, -410, -429, -447, -466, 0, -501, 0, -537, -553, 0, 0, -594, -607, -618, -627, 0, 0, -656, -665, -672, -678, 0, -688, -693, 0, 696, 697, 0, 698], [-22, -44, -61, -82, -101, -127, -147, -171, -190, -211, -232, -254, 0, -295, -314, -332, -355, 0, -391, -411, 0, 0, -467, 0, -502, 0, -538, 0, -565, -580, -595, 0, 0, 0, -639, -647, -657, 0, 0, -679, 0, -689, -694, -696, 0, 699, 700, 0], [-23, 0, -62, 0, -102, -128, -148, 0, -191, -212, -233, 0, -276, -296, -315, -333, -356, -371, -392, 0, -430, -448, -468, 0, -503, -522, -539, -554, -566, 0, -596, -608, -619, -628, -640, -648, 0, -666, -673, -680, -684, -690, 0, -697, -699, 0, 701, 0], [-24, -45, -63, -83, -103, -129, -149, -172, -192, -213, 0, -255, -277, -297, -316, -334, -357, -372, -393, -412, -431, -449, -469, -484, -504, -523, -540, -555, 0, -581, 0, -609, -620, -629, 0, -649, -658, -667, 0, -681, -685, -691, 0, 0, -700, -701, 0, 702], [-25, -46, -64, -84, 0, -130, -150, -173, -193, -214, -234, -256, -278, -298, 0, -335, -358, -373, 0, 0, -432, -450, -470, -485, -505, -524, -541, 0, -567, -582, -597, -610, -621, -630, -641, -650, -659, -668, -674, -682, -686, -692, -695, -698, 0, 0, -702, 0]], [[0, 0, 0, 0, 0, 0, 1, 0, 0, 2, 0, 0, 0, 0, 0, 0, 0, 0, 0, 0, 0, 0, 0, 3, 4, 5, 0, 6, 7, 8, 9, 10, 0, 11, 12, 0, 13, 14, 0, 15, 0, 0, 16, 17, 18, 19, 0, 20], [0, 0, 0, 0, 0, 0, 0, 0, 0, 0, 0, 0, 0, 21, 0, 0, 0, 0, 0, 0, 0, 0, 0, 0, 0, 22, 23, 24, 25, 26, 27, 28, 29, 30, 31, 32, 0, 33, 34, 35, 0, 36, 37, 38, 39, 40, 41, 42], [0, 0, 0, 0, 0, 0, 0, 0, 0, 43, 0, 0, 0, 0, 0, 0, 0, 0, 0, 0, 0, 44, 45, 46, 47, 48, 49, 50, 51, 52, 53, 54, 55, 56, 57, 58, 59, 60, 61, 62, 0, 63, 0, 64, 65, 66, 0, 67], [0, 0, 0, 0, 68, 0, 0, 0, 0, 0, 0, 0, 0, 0, 0, 0, 0, 0, 0, 0, 0, 0, 0, 0, 69, 70, 0, 71, 0, 72, 73, 74, 0, 75, 76, 77, 78, 79, 80, 81, 82, 83, 0, 84, 85, 86, 87, 0], [0, 0, 0, -68, 0, 0, 0, 88, 0, 0, 0, 0, 0, 0, 0, 0, 0, 0, 0, 0, 89, 0, 0, 0, 90, 0, 91, 92, 93, 94, 0, 95, 96, 97, 0, 98, 99, 100, 101, 102, 103, 104, 0, 0, 0, 0, 0, 105], [0, 0, 0, 0, 0, 0, 0, 0, 0, 0, 0, 0, 106, 0, 107, 0, 0, 0, 0, 0, 0, 0, 0, 0, 108, 0, 0, 109, 0, 110, 111, 112, 113, 114, 115, 116, 117, 118, 119, 0, 120, 121, 122, 123, 124, 125, 126, 127], [-1, 0, 0, 0, 0, 0, 0, 0, 0, 0, 0, 0, 0, 0, 0, 0, 0, 0, 0, 0, 0, 0, 0, 0, 128, 129, 130, 131, 132, 133, 0, 134, 0, 135, 136, 137, 138, 139, 140, 141, 0, 0, 142, 143, 144, 0, 145, 146], [0, 0, 0, 0, -88, 0, 0, 0, 0, 0, 0, 0, 0, 0, 147, 0, 0, 0, 0, 0, 0, 0, 0, 0, 148, 0, 0, 0, 149, 150, 151, 152, 153, 154, 155, 156, 157, 158, 159, 160, 161, 162, 0, 163, 164, 165, 166, 167], [0, 0, 0, 0, 0, 0, 0, 0, 0, 0, 0, 0, 0, 0, 0, 0, 0, 0, 0, 0, 0, 0, 0, 0, 0, 168, 169, 170, 171, 0, 172, 173, 0, 174, 175, 176, 177, 178, 179, 180, 181, 182, 183, 184, 185, 186, 187, 188], [-2, 0, -43, 0, 0, 0, 0, 0, 0, 0, 0, 189, 0, 0, 190, 0, 0, 0, 0, 0, 0, 0, 0, 0, 191, 0, 192, 193, 194, 195, 196, 0, 197, 0, 198, 199, 200, 201, 202, 0, 203, 204, 205, 0, 206, 207, 208, 209], [0, 0, 0, 0, 0, 0, 0, 0, 0, 0, 0, 0, 210, 0, 0, 0, 211, 0, 0, 0, 0, 0, 0, 0, 212, 213, 214, 215, 216, 217, 218, 219, 220, 221, 222, 223, 0, 224, 225, 226, 0, 227, 228, 229, 230, 231, 232, 233], [0, 0, 0, 0, 0, 0, 0, 0, 0, -189, 0, 0, 0, 0, 0, 0, 0, 0, 0, 0, 0, 0, 0, 0, 234, 235, 236, 237, 0, 238, 239, 0, 240, 241, 242, 243, 0, 0, 244, 245, 246, 247, 248, 249, 250, 251, 252, 253], [0, 0, 0, 0, 0, -106, 0, 0, 0, 0, -210, 0, 0, 0, 0, 0, 0, 0, 0, 0, 0, 0, 0, 0, 254, 255, 0, 256, 257, 258, 259, 260, 0, 261, 262, 263, 264, 265, 0, 266, 0, 267, 268, 269, 270, 271, 272, 273], [0, -21, 0, 0, 0, 0, 0, 0, 0, 0, 0, 0, 0, 0, 0, 0, 0, 0, 0, 0, 0, 274, 0, 0, 275, 276, 277, 278, 279, 280, 0, 281, 282, 283, 284, 285, 286, 287, 0, 288, 289, 290, 0, 291, 292, 293, 294, 295], [0, 0, 0, 0, 0, -107, 0, -147, 0, -190, 0, 0, 0, 0, 0, 0, 0, 0, 0, 0, 0, 0, 0, 0, 296, 0, 297, 298, 299, 300, 301, 0, 302, 303, 304, 305, 0, 306, 0, 307, 308, 309, 0, 310, 311, 312, 313, 314], [0, 0, 0, 0, 0, 0, 0, 0, 0, 0, 0, 0, 0, 0, 0, 0, 0, 0, 0, 0, 0, 0, 0, 0, 315, 316, 317, 318, 0, 319, 320, 0, 321, 322, 0, 323, 324, 325, 326, 327, 328, 0, 0, 0, 0, 0, 329, 0], [0, 0, 0, 0, 0, 0, 0, 0, 0, 0, -211, 0, 0, 0, 0, 0, 0, 0, 0, 0, 0, 0, 0, 0, 330, 331, 332, 333, 334, 0, 335, 336, 337, 338, 339, 340, 341, 0, 0, 0, 342, 343, 344, 345, 346, 347, 348, 0], [0, 0, 0, 0, 0, 0, 0, 0, 0, 0, 0, 0, 0, 0, 0, 0, 0, 0, 0, 0, 0, 349, 350, 0, 351, 352, 353, 354, 355, 356, 357, 358, 359, 360, 361, 362, 363, 0, 364, 365, 366, 0, 0, 367, 368, 369, 0, 370], [0, 0, 0, 0, 0, 0, 0, 0, 0, 0, 0, 0, 0, 0, 0, 0, 0, 0, 0, 0, 0, 0, 0, 371, 372, 373, 374, 375, 376, 377, 378, 379, 380, 381, 382, 383, 384, 385, 386, 0, 387, 388, 389, 390, 391, 392, 393, 394], [0, 0, 0, 0, 0, 0, 0, 0, 0, 0, 0, 0, 0, 0, 0, 0, 0, 0, 0, 0, 0, 0, 395, 0, 396, 0, 397, 398, 399, 0, 400, 0, 401, 402, 0, 403, 404, 405, 406, 0, 407, 408, 409, 410, 0, 411, 412, 413], [0, 0, 0, 0, -89, 0, 0, 0, 0, 0, 0, 0, 0, 0, 0, 0, 0, 0, 0, 0, 0, 0, 0, 414, 415, 416, 417, 418, 419, 420, 421, 0, 0, 422, 0, 423, 424, 425, 426, 427, 428, 0, 0, 429, 430, 431, 432, 433], [0, 0, -44, 0, 0, 0, 0, 0, 0, 0, 0, 0, 0, -274, 0, 0, 0, -349, 0, 0, 0, 0, 0, 0, 434, 435, 436, 437, 438, 0, 439, 0, 440, 441, 442, 443, 0, 444, 445, 446, 447, 448, 449, 450, 451, 452, 453, 454], [0, 0, -45, 0, 0, 0, 0, 0, 0, 0, 0, 0, 0, 0, 0, 0, 0, -350, 0, -395, 0, 0, 0, 455, 456, 457, 458, 0, 459, 460, 461, 462, 463, 464, 465, 466, 467, 468, 469, 470, 471, 472, 473, 0, 474, 0, 475, 476], [-3, 0, -46, 0, 0, 0, 0, 0, 0, 0, 0, 0, 0, 0, 0, 0, 0, 0, -371, 0, -414, 0, -455, 0, 0, 477, 478, 479, 480, 481, 482, 483, 484, 485, 486, 487, 0, 488, 489, 490, 491, 492, 493, 494, 495, 496, 497, 498], [-4, 0, -47, -69, -90, -108, -128, -148, 0, -191, -212, -234, -254, -275, -296, -315, -330, -351, -372, -396, -415, -434, -456, 0, 0, 499, 500, 501, 502, 503, 504, 0, 505, 506, 507, 508, 509, 510, 0, 511, 512, 513, 514, 515, 516, 517, 518, 519], [-5, -22, -48, -70, 0, 0, -129, 0, -168, 0, -213, -235, -255, -276, 0, -316, -331, -352, -373, 0, -416, -435, -457, -477, -499, 0, 520, 0, 521, 522, 523, 524, 0, 525, 526, 0, 527, 528, 529, 530, 531, 532, 533, 0, 534, 535, 536, 537], [0, -23, -49, 0, -91, 0, -130, 0, -169, -192, -214, -236, 0, -277, -297, -317, -332, -353, -374, -397, -417, -436, -458, -478, -500, -520, 0, 0, 538, 0, 539, 0, 540, 541, 542, 543, 544, 545, 0, 546, 547, 0, 548, 549, 550, 0, 551, 552], [-6, -24, -50, -71, -92, -109, -131, 0, -170, -193, -215, -237, -256, -278, -298, -318, -333, -354, -375, -398, -418, -437, 0, -479, -501, 0, 0, 0, 553, 554, 0, 555, 556, 0, 557, 558, 559, 560, 561, 562, 563, 564, 565, 566, 567, 568, 0, 569], [-7, -25, -51, 0, -93, 0, -132, -149, -171, -194, -216, 0, -257, -279, -299, 0, -334, -355, -376, -399, -419, -438, -459, -480, -502, -521, -538, -553, 0, 570, 571, 572, 573, 574, 575, 576, 577, 578, 579, 580, 0, 0, 581, 582, 0, 0, 583, 584], [-8, -26, -52, -72, -94, -110, -133, -150, 0, -195, -217, -238, -258, -280, -300, -319, 0, -356, -377, 0, -420, 0, -460, -481, -503, -522, 0, -554, -570, 0, 585, 586, 587, 588, 589, 590, 591, 592, 593, 594, 0, 595, 596, 597, 598, 599, 600, 601], [-9, -27, -53, -73, 0, -111, 0, -151, -172, -196, -218, -239, -259, 0, -301, -320, -335, -357, -378, -400, -421, -439, -461, -482, -504, -523, -539, 0, -571, -585, 0, 602, 603, 0, 604, 605, 606, 0, 607, 608, 609, 610, 611, 612, 0, 613, 0, 614], [-10, -28, -54, -74, -95, -112, -134, -152, -173, 0, -219, 0, -260, -281, 0, 0, -336, -358, -379, 0, 0, 0, -462, -483, 0, -524, 0, -555, -572, -586, -602, 0, 615, 616, 0, 617, 0, 618, 619, 0, 620, 621, 0, 622, 623, 624, 625, 626], [0, -29, -55, 0, -96, -113, 0, -153, 0, -197, -220, -240, 0, -282, -302, -321, -337, -359, -380, -401, 0, -440, -463, -484, -505, 0, -540, -556, -573, -587, -603, -615, 0, 627, 628, 629, 0, 630, 631, 0, 632, 633, 634, 635, 636, 637, 638, 639], [-11, -30, -56, -75, -97, -114, -135, -154, -174, 0, -221, -241, -261, -283, -303, -322, -338, -360, -381, -402, -422, -441, -464, -485, -506, -525, -541, 0, -574, -588, 0, -616, -627, 0, 0, 640, 641, 0, 642, 643, 644, 645, 646, 647, 648, 649, 650, 651], [-12, -31, -57, -76, 0, -115, -136, -155, -175, -198, -222, -242, -262, -284, -304, 0, -339, -361, -382, 0, 0, -442, -465, -486, -507, -526, -542, -557, -575, -589, -604, 0, -628, 0, 0, 652, 653, 654, 655, 656, 657, 658, 0, 659, 660, 661, 662, 663], [0, -32, -58, -77, -98, -116, -137, -156, -176, -199, -223, -243, -263, -285, -305, -323, -340, -362, -383, -403, -423, -443, -466, -487, -508, 0, -543, -558, -576, -590, -605, -617, -629, -640, -652, 0, 664, 665, 666, 0, 667, 668, 669, 670, 671, 672, 673, 0], [-13, 0, -59, -78, -99, -117, -138, -157, -177, -200, 0, 0, -264, -286, 0, -324, -341, -363, -384, -404, -424, 0, -467, 0, -509, -527, -544, -559, -577, -591, -606, 0, 0, -641, -653, -664, 0, 674, 675, 0, 676, 677, 0, 678, 679, 680, 0, 681], [-14, -33, -60, -79, -100, -118, -139, -158, -178, -201, -224, 0, -265, -287, -306, -325, 0, 0, -385, -405, -425, -444, -468, -488, -510, -528, -545, -560, -578, -592, 0, -618, -630, 0, -654, -665, -674, 0, 682, 683, 0, 684, 685, 0, 686, 687, 0, 688], [0, -34, -61, -80, -101, -119, -140, -159, -179, -202, -225, -244, 0, 0, 0, -326, 0, -364, -386, -406, -426, -445, -469, -489, 0, -529, 0, -561, -579, -593, -607, -619, -631, -642, -655, -666, -675, -682, 0, 0, 689, 690, 691, 0, 692, 693, 694, 695], [-15, -35, -62, -81, -102, 0, -141, -160, -180, 0, -226, -245, -266, -288, -307, -327, 0, -365, 0, 0, -427, -446, -470, -490, -511, -530, -546, -562, -580, -594, -608, 0, 0, -643, -656, 0, 0, -683, 0, 0, 0, 696, 0, 697, 698, 699, 700, 701], [0, 0, 0, -82, -103, -120, 0, -161, -181, -203, 0, -246, 0, -289, -308, -328, -342, -366, -387, -407, -428, -447, -471, -491, -512, -531, -547, -563, 0, 0, -609, -620, -632, -644, -657, -667, -676, 0, -689, 0, 0, 702, 703, 704, 705, 706, 707, 708], [0, -36, -63, -83, -104, -121, 0, -162, -182, -204, -227, -247, -267, -290, -309, 0, -343, 0, -388, -408, 0, -448, -472, -492, -513, -532, 0, -564, 0, -595, -610, -621, -633, -645, -658, -668, -677, -684, -690, -696, -702, 0, 0, 709, 0, 710, 711, 712], [-16, -37, 0, 0, 0, -122, -142, 0, -183, -205, -228, -248, -268, 0, 0, 0, -344, 0, -389, -409, 0, -449, -473, -493, -514, -533, -548, -565, -581, -596, -611, 0, -634, -646, 0, -669, 0, -685, -691, 0, -703, 0, 0, 713, 714, 715, 716, 717], [-17, -38, -64, -84, 0, -123, -143, -163, -184, 0, -229, -249, -269, -291, -310, 0, -345, -367, -390, -410, -429, -450, 0, -494, -515, 0, -549, -566, -582, -597, -612, -622, -635, -647, -659, -670, -678, 0, 0, -697, -704, -709, -713, 0, 718, 719, 0, 0], [-18, -39, -65, -85, 0, -124, -144, -164, -185, -206, -230, -250, -270, -292, -311, 0, -346, -368, -391, 0, -430, -451, -474, -495, -516, -534, -550, -567, 0, -598, 0, -623, -636, -648, -660, -671, -679, -686, -692, -698, -705, 0, -714, -718, 0, 720, 721, 722], [-19, -40, -66, -86, 0, -125, 0, -165, -186, -207, -231, -251, -271, -293, -312, 0, -347, -369, -392, -411, -431, -452, 0, -496, -517, -535, 0, -568, 0, -599, -613, -624, -637, -649, -661, -672, -680, -687, -693, -699, -706, -710, -715, -719, -720, 0, 723, 724], [0, -41, 0, -87, 0, -126, -145, -166, -187, -208, -232, -252, -272, -294, -313, -329, -348, 0, -393, -412, -432, -453, -475, -497, -518, -536, -551, 0, -583, -600, 0, -625, -638, -650, -662, -673, 0, 0, -694, -700, -707, -711, -716, 0, -721, -723, 0, 725], [-20, -42, -67, 0, -105, -127, -146, -167, -188, -209, -233, -253, -273, -295, -314, 0, 0, -370, -394, -413, -433, -454, -476, -498, -519, -537, -552, -569, -584, -601, -614, -626, -639, -651, -663, 0, -681, -688, -695, -701, -708, -712, -717, 0, -722, -724, -725, 0]], [[0, 0, 0, 0, 0, 0, 0, 0, 0, 0, 0, 0, 0, 0, 0, 0, 1, 0, 0, 0, 2, 0, 0, 0, 3, 4, 5, 6, 0, 7, 8, 9, 10, 11, 12, 13, 0, 14, 15, 0, 16, 17, 18, 19, 0, 20, 21, 22], [0, 0, 0, 0, 0, 0, 0, 0, 0, 0, 23, 24, 0, 0, 0, 0, 0, 25, 0, 0, 0, 0, 0, 0, 26, 27, 28, 29, 0, 30, 31, 32, 0, 33, 34, 35, 36, 37, 38, 39, 0, 40, 41, 42, 43, 44, 45, 46], [0, 0, 0, 0, 0, 0, 0, 0, 0, 0, 0, 0, 0, 0, 47, 0, 0, 0, 48, 0, 0, 0, 0, 0, 49, 50, 0, 51, 0, 52, 53, 54, 55, 56, 0, 57, 58, 59, 60, 61, 62, 63, 0, 64, 0, 65, 66, 67], [0, 0, 0, 0, 0, 0, 0, 0, 0, 0, 68, 0, 69, 0, 0, 0, 70, 0, 0, 0, 0, 0, 0, 0, 71, 72, 73, 74, 75, 76, 0, 0, 77, 78, 79, 80, 81, 82, 83, 84, 85, 0, 86, 87, 0, 88, 89, 90], [0, 0, 0, 0, 0, 0, 0, 0, 0, 0, 0, 0, 0, 0, 0, 0, 0, 0, 0, 0, 0, 0, 91, 0, 92, 93, 94, 95, 96, 0, 97, 98, 99, 100, 101, 102, 103, 104, 105, 106, 107, 108, 0, 109, 0, 0, 110, 111], [0, 0, 0, 0, 0, 0, 0, 0, 0, 0, 0, 0, 0, 0, 0, 0, 0, 0, 0, 0, 0, 0, 0, 0, 112, 113, 114, 115, 116, 117, 0, 118, 0, 0, 119, 120, 121, 122, 123, 124, 0, 125, 0, 126, 127, 128, 129, 130], [0, 0, 0, 0, 0, 0, 0, 0, 0, 0, 131, 0, 0, 0, 0, 0, 0, 0, 0, 0, 0, 0, 0, 0, 0, 132, 133, 134, 135, 136, 0, 137, 138, 139, 0, 0, 140, 141, 142, 143, 144, 145, 146, 0, 147, 148, 149, 150], [0, 0, 0, 0, 0, 0, 0, 0, 0, 0, 0, 0, 0, 0, 0, 0, 0, 0, 0, 0, 0, 0, 0, 151, 152, 153, 154, 155, 0, 156, 0, 0, 157, 158, 159, 160, 161, 162, 163, 164, 165, 0, 166, 0, 167, 0, 168, 169], [0, 0, 0, 0, 0, 0, 0, 0, 0, 0, 0, 0, 0, 0, 0, 0, 0, 0, 0, 0, 0, 0, 0, 0, 170, 171, 0, 172, 173, 174, 175, 0, 176, 177, 178, 179, 0, 180, 181, 182, 183, 184, 185, 186, 187, 0, 188, 189], [0, 0, 0, 0, 0, 0, 0, 0, 0, 0, 0, 0, 0, 0, 0, 0, 0, 0, 0, 0, 190, 0, 0, 0, 191, 192, 193, 194, 195, 0, 196, 0, 197, 198, 199, 200, 201, 202, 0, 0, 203, 204, 205, 206, 207, 0, 0, 208], [0, -23, 0, -68, 0, 0, -131, 0, 0, 0, 0, 0, 0, 0, 0, 0, 0, 0, 0, 0, 0, 0, 0, 0, 0, 209, 210, 211, 0, 212, 213, 214, 0, 215, 216, 0, 217, 218, 0, 219, 220, 221, 222, 223, 0, 0, 224, 225], [0, -24, 0, 0, 0, 0, 0, 0, 0, 0, 0, 0, 0, 0, 0, 226, 0, 0, 0, 0, 0, 0, 0, 0, 227, 228, 229, 0, 230, 231, 232, 233, 234, 235, 236, 237, 238, 239, 0, 0, 240, 0, 241, 242, 243, 0, 244, 245], [0, 0, 0, -69, 0, 0, 0, 0, 0, 0, 0, 0, 0, 0, 0, 0, 0, 0, 0, 0, 0, 0, 0, 0, 246, 247, 248, 249, 250, 251, 0, 252, 253, 254, 255, 256, 257, 258, 259, 0, 260, 0, 261, 262, 263, 264, 265, 266], [0, 0, 0, 0, 0, 0, 0, 0, 0, 0, 0, 0, 0, 0, 0, 0, 267, 0, 0, 0, 0, 268, 0, 0, 269, 270, 271, 0, 272, 273, 274, 0, 275, 276, 277, 278, 0, 279, 280, 281, 282, 0, 283, 284, 0, 285, 286, 287], [0, 0, -47, 0, 0, 0, 0, 0, 0, 0, 0, 0, 0, 0, 0, 0, 0, 0, 0, 0, 0, 0, 0, 0, 0, 0, 288, 289, 290, 291, 292, 0, 293, 294, 295, 0, 0, 296, 297, 298, 0, 299, 300, 0, 0, 301, 302, 303], [0, 0, 0, 0, 0, 0, 0, 0, 0, 0, 0, -226, 0, 0, 0, 0, 304, 305, 0, 0, 0, 0, 0, 0, 306, 307, 308, 309, 310, 311, 312, 313, 314, 315, 0, 316, 317, 318, 319, 0, 320, 321, 322, 323, 0, 324, 325, 326], [-1, 0, 0, -70, 0, 0, 0, 0, 0, 0, 0, 0, 0, -267, 0, -304, 0, 0, 0, 0, 327, 0, 0, 0, 328, 329, 330, 331, 332, 333, 334, 335, 336, 337, 338, 339, 0, 340, 0, 341, 342, 343, 344, 345, 346, 347, 348, 349], [0, -25, 0, 0, 0, 0, 0, 0, 0, 0, 0, 0, 0, 0, 0, -305, 0, 0, 0, 0, 0, 0, 0, 0, 350, 351, 0, 352, 353, 354, 355, 356, 357, 358, 359, 360, 361, 0, 362, 363, 364, 0, 365, 366, 367, 368, 369, 370], [0, 0, -48, 0, 0, 0, 0, 0, 0, 0, 0, 0, 0, 0, 0, 0, 0, 0, 0, 0, 0, 0, 0, 0, 371, 372, 373, 374, 375, 376, 0, 377, 378, 379, 380, 381, 382, 383, 384, 385, 386, 387, 0, 388, 389, 390, 0, 0], [0, 0, 0, 0, 0, 0, 0, 0, 0, 0, 0, 0, 0, 0, 0, 0, 0, 0, 0, 0, 0, 0, 0, 391, 392, 393, 0, 0, 0, 394, 395, 396, 397, 0, 398, 399, 400, 401, 0, 0, 402, 0, 403, 0, 404, 405, 406, 407], [-2, 0, 0, 0, 0, 0, 0, 0, 0, -190, 0, 0, 0, 0, 0, 0, -327, 0, 0, 0, 0, 0, 0, 0, 408, 0, 409, 410, 411, 0, 412, 0, 413, 0, 414, 415, 416, 417, 418, 0, 419, 420, 421, 0, 422, 0, 423, 424], [0, 0, 0, 0, 0, 0, 0, 0, 0, 0, 0, 0, 0, -268, 0, 0, 0, 0, 0, 0, 0, 0, 0, 0, 0, 0, 425, 426, 427, 428, 429, 430, 431, 432, 433, 0, 434, 0, 435, 436, 437, 0, 438, 439, 440, 441, 442, 443], [0, 0, 0, 0, -91, 0, 0, 0, 0, 0, 0, 0, 0, 0, 0, 0, 0, 0, 0, 0, 0, 0, 0, 0, 444, 445, 446, 447, 448, 0, 449, 450, 451, 0, 0, 452, 453, 0, 454, 455, 0, 456, 457, 458, 0, 459, 0, 0], [0, 0, 0, 0, 0, 0, 0, -151, 0, 0, 0, 0, 0, 0, 0, 0, 0, 0, 0, -391, 0, 0, 0, 0, 460, 0, 0, 461, 462, 463, 464, 465, 466, 0, 467, 468, 469, 0, 470, 0, 471, 472, 473, 474, 475, 476, 0, 477], [-3, -26, -49, -71, -92, -112, 0, -152, -170, -191, 0, -227, -246, -269, 0, -306, -328, -350, -371, -392, -408, 0, -444, -460, 0, 478, 479, 0, 480, 481, 482, 483, 484, 485, 486, 487, 488, 489, 490, 491, 492, 493, 494, 495, 496, 497, 498, 499], [-4, -27, -50, -72, -93, -113, -132, -153, -171, -192, -209, -228, -247, -270, 0, -307, -329, -351, -372, -393, 0, 0, -445, 0, -478, 0, 500, 501, 502, 503, 504, 0, 505, 506, 0, 0, 507, 508, 509, 510, 0, 0, 511, 512, 513, 514, 515, 516], [-5, -28, 0, -73, -94, -114, -133, -154, 0, -193, -210, -229, -248, -271, -288, -308, -330, 0, -373, 0, -409, -425, -446, 0, -479, -500, 0, 517, 518, 519, 520, 521, 522, 523, 524, 0, 525, 526, 0, 527, 528, 0, 529, 530, 531, 532, 533, 534], [-6, -29, -51, -74, -95, -115, -134, -155, -172, -194, -211, 0, -249, 0, -289, -309, -331, -352, -374, 0, -410, -426, -447, -461, 0, -501, -517, 0, 535, 536, 537, 538, 539, 540, 541, 0, 542, 0, 543, 544, 545, 546, 547, 548, 0, 549, 550, 0], [0, 0, 0, -75, -96, -116, -135, 0, -173, -195, 0, -230, -250, -272, -290, -310, -332, -353, -375, 0, -411, -427, -448, -462, -480, -502, -518, -535, 0, 551, 552, 553, 554, 0, 555, 556, 0, 0, 557, 558, 559, 0, 560, 0, 0, 561, 562, 563], [-7, -30, -52, -76, 0, -117, -136, -156, -174, 0, -212, -231, -251, -273, -291, -311, -333, -354, -376, -394, 0, -428, 0, -463, -481, -503, -519, -536, -551, 0, 564, 565, 566, 567, 568, 569, 570, 571, 0, 572, 573, 0, 0, 574, 575, 0, 576, 577], [-8, -31, -53, 0, -97, 0, 0, 0, -175, -196, -213, -232, 0, -274, -292, -312, -334, -355, 0, -395, -412, -429, -449, -464, -482, -504, -520, -537, -552, -564, 0, 578, 579, 580, 581, 582, 583, 0, 584, 585, 586, 587, 588, 589, 0, 0, 0, 590], [-9, -32, -54, 0, -98, -118, -137, 0, 0, 0, -214, -233, -252, 0, 0, -313, -335, -356, -377, -396, 0, -430, -450, -465, -483, 0, -521, -538, -553, -565, -578, 0, 591, 592, 593, 594, 595, 596, 597, 598, 599, 0, 600, 601, 0, 0, 602, 603], [-10, 0, -55, -77, -99, 0, -138, -157, -176, -197, 0, -234, -253, -275, -293, -314, -336, -357, -378, -397, -413, -431, -451, -466, -484, -505, -522, -539, -554, -566, -579, -591, 0, 604, 605, 606, 607, 608, 609, 610, 611, 0, 612, 613, 614, 615, 616, 617], [-11, -33, -56, -78, -100, 0, -139, -158, -177, -198, -215, -235, -254, -276, -294, -315, -337, -358, -379, 0, 0, -432, 0, 0, -485, -506, -523, -540, 0, -567, -580, -592, -604, 0, 618, 0, 0, 619, 620, 0, 621, 622, 623, 624, 625, 626, 627, 0], [-12, -34, 0, -79, -101, -119, 0, -159, -178, -199, -216, -236, -255, -277, -295, 0, -338, -359, -380, -398, -414, -433, 0, -467, -486, 0, -524, -541, -555, -568, -581, -593, -605, -618, 0, 628, 629, 630, 631, 632, 633, 634, 635, 636, 637, 638, 639, 640], [-13, -35, -57, -80, -102, -120, 0, -160, -179, -200, 0, -237, -256, -278, 0, -316, -339, -360, -381, -399, -415, 0, -452, -468, -487, 0, 0, 0, -556, -569, -582, -594, -606, 0, -628, 0, 641, 642, 643, 644, 645, 646, 647, 648, 649, 650, 651, 652], [0, -36, -58, -81, -103, -121, -140, -161, 0, -201, -217, -238, -257, 0, 0, -317, 0, -361, -382, -400, -416, -434, -453, -469, -488, -507, -525, -542, 0, -570, -583, -595, -607, 0, -629, -641, 0, 0, 653, 654, 655, 656, 0, 657, 658, 659, 660, 661], [-14, -37, -59, -82, -104, -122, -141, -162, -180, -202, -218, -239, -258, -279, -296, -318, -340, 0, -383, -401, -417, 0, 0, 0, -489, -508, -526, 0, 0, -571, 0, -596, -608, -619, -630, -642, 0, 0, 662, 663, 664, 0, 665, 666, 667, 0, 668, 669], [-15, -38, -60, -83, -105, -123, -142, -163, -181, 0, 0, 0, -259, -280, -297, -319, 0, -362, -384, 0, -418, -435, -454, -470, -490, -509, 0, -543, -557, 0, -584, -597, -609, -620, -631, -643, -653, -662, 0, 670, 671, 672, 673, 674, 0, 675, 676, 677], [0, -39, -61, -84, -106, -124, -143, -164, -182, 0, -219, 0, 0, -281, -298, 0, -341, -363, -385, 0, 0, -436, -455, 0, -491, -510, -527, -544, -558, -572, -585, -598, -610, 0, -632, -644, -654, -663, -670, 0, 678, 679, 0, 680, 681, 682, 683, 0], [-16, 0, -62, -85, -107, 0, -144, -165, -183, -203, -220, -240, -260, -282, 0, -320, -342, -364, -386, -402, -419, -437, 0, -471, -492, 0, -528, -545, -559, -573, -586, -599, -611, -621, -633, -645, -655, -664, -671, -678, 0, 684, 685, 686, 0, 687, 688, 0], [-17, -40, -63, 0, -108, -125, -145, 0, -184, -204, -221, 0, 0, 0, -299, -321, -343, 0, -387, 0, -420, 0, -456, -472, -493, 0, 0, -546, 0, 0, -587, 0, 0, -622, -634, -646, -656, 0, -672, -679, -684, 0, 689, 0, 0, 690, 691, 692], [-18, -41, 0, -86, 0, 0, -146, -166, -185, -205, -222, -241, -261, -283, -300, -322, -344, -365, 0, -403, -421, -438, -457, -473, -494, -511, -529, -547, -560, 0, -588, -600, -612, -623, -635, -647, 0, -665, -673, 0, -685, -689, 0, 693, 694, 695, 696