[[[0, 0, 0, 0, 0, 0, 1, 2, 3, 0, 0, 4], [0, 0, 0, 0, 0, 0, 5, 6, 7, 8, 0, 9], [0, 0, 0, 0, 0, 10, 11, 0, 12, 0, 13, 14], [0, 0, 0, 0, 0, 0, 0, 15, 16, 0, 17, 18], [0, 0, 0, 0, 0, 0, 0, 19, 20, 21, 22, 0], [0, 0, -10, 0, 0, 0, 23, 0, 24, 25, 26, 0], [-1, -5, -11, 0, 0, -23, 0, 27, 28, 29, 0, 30], [-2, -6, 0, -15, -19, 0, -27, 0, 31, 32, 33, 34], [-3, -7, -12, -16, -20, -24, -28, -31, 0, 35, 36, 37], [0, -8, 0, 0, -21, -25, -29, -32, -35, 0, 38, 39], [0, 0, -13, -17, -22, -26, 0, -33, -36, -38, 0, 40], [-4, -9, -14, -18, 0, 0, -30, -34, -37, -39, -40, 0]], [[0, 0, 0, 1, 2, 0, 3, 0, 4, 5, 6, 7], [0, 0, 0, 0, 0, 0, 0, 8, 9, 10, 0, 11], [0, 0, 0, 0, 0, 0, 12, 13, 14, 15, 16, 17], [-1, 0, 0, 0, 0, 0, 18, 19, 20, 21, 22, 23], [-2, 0, 0, 0, 0, 0, 24, 25, 26, 27, 28, 29], [0, 0, 0, 0, 0, 0, 30, 31, 32, 33, 34, 0], [-3, 0, -12, -18, -24, -30, 0, 0, 35, 36, 37, 0], [0, -8, -13, -19, -25, -31, 0, 0, 38, 0, 39, 40], [-4, -9, -14, -20, -26, -32, -35, -38, 0, 41, 42, 43], [-5, -10, -15, -21, -27, -33, -36, 0, -41, 0, 44, 45], [-6, 0, -16, -22, -28, -34, -37, -39, -42, -44, 0, 0], [-7, -11, -17, -23, -29, 0, 0, -40, -43, -45, 0, 0]], [[0, 0, 0, 0, 1, 0, 2, 3, 4, 5, 0, 6], [0, 0, 0, 7, 0, 0, 8, 9, 10, 11, 12, 13], [0, 0, 0, 0, 0, 0, 14, 15, 16, 0, 0, 17], [0, -7, 0, 0, 0, 0, 18, 19, 20, 21, 22, 23], [-1, 0, 0, 0, 0, 0, 24, 0, 25, 26, 0, 0], [0, 0, 0, 0, 0, 0, 0, 27, 28, 29, 0, 30], [-2, -8, -14, -18, -24, 0, 0, 31, 32, 0, 33, 34], [-3, -9, -15, -19, 0, -27, -31, 0, 35, 36, 37, 38], [-4, -10, -16, -20, -25, -28, -32, -35, 0, 39, 40, 41], [-5, -11, 0, -21, -26, -29, 0, -36, -39, 0, 42, 43], [0, -12, 0, -22, 0, 0, -33, -37, -40, -42, 0, 44], [-6, -13, -17, -23, 0, -30, -34, -38, -41, -43, -44, 0]], [[0, 0, 0, 0, 1, 2, 3, 4, 5, 6, 0, 7], [0, 0, 0, 8, 0, 0, 9, 10, 11, 12, 0, 13], [0, 0, 0, 0, 0, 0, 14, 0, 0, 0, 15, 16], [0, -8, 0, 0, 0, 0, 17, 18, 0, 0, 0, 19], [-1, 0, 0, 0, 0, 0, 20, 21, 22, 23, 24, 0], [-2, 0, 0, 0, 0, 0, 0, 25, 26, 27, 0, 28], [-3, -9, -14, -17, -20, 0, 0, 29, 30, 31, 0, 0], [-4, -10, 0, -18, -21, -25, -29, 0, 32, 33, 34, 35], [-5, -11, 0, 0, -22, -26, -30, -32, 0, 36, 0, 37], [-6, -12, 0, 0, -23, -27, -31, -33, -36, 0, 0, 38], [0, 0, -15, 0, -24, 0, 0, -34, 0, 0, 0, 39], [-7, -13, -16, -19, 0, -28, 0, -35, -37, -38, -39, 0]], [[0, 0, 0, 0, 0, 1, 0, 2, 3, 0, 4, 5], [0, 0, 0, 0, 0, 6, 7, 0, 8, 9, 0, 0], [0, 0, 0, 0, 0, 0, 10, 11, 12, 0, 0, 13], [0, 0, 0, 0, 14, 15, 16, 17, 0, 18, 19, 20], [0, 0, 0, -14, 0, 0, 21, 22, 0, 23, 24, 25], [-1, -6, 0, -15, 0, 0, 26, 27, 28, 0, 0, 29], [0, -7, -10, -16, -21, -26, 0, 0, 30, 31, 0, 32], [-2, 0, -11, -17, -22, -27, 0, 0, 33, 34, 35, 0], [-3, -8, -12, 0, 0, -28, -30, -33, 0, 36, 37, 38], [0, -9, 0, -18, -23, 0, -31, -34, -36, 0, 39, 40], [-4, 0, 0, -19, -24, 0, 0, -35, -37, -39, 0, 0], [-5, 0, -13, -20, -25, -29, -32, 0, -38, -40, 0, 0]], [[0, 0, 0, 0, 0, 0, 1, 0, 2, 3, 4, 5], [0, 0, 0, 0, 0, 0, 0, 6, 7, 8, 0, 9], [0, 0, 0, 0, 0, 0, 10, 0, 11, 12, 13, 14], [0, 0, 0, 0, 0, 0, 0, 15, 16, 17, 18, 19], [0, 0, 0, 0, 0, 0, 0, 0, 20, 21, 22, 23], [0, 0, 0, 0, 0, 0, 24, 25, 26, 27, 28, 29], [-1, 0, -10, 0, 0, -24, 0, 30, 0, 31, 32, 0], [0, -6, 0, -15, 0, -25, -30, 0, 0, 33, 0, 34], [-2, -7, -11, -16, -20, -26, 0, 0, 0, 35, 36, 37], [-3, -8, -12, -17, -21, -27, -31, -33, -35, 0, 0, 38], [-4, 0, -13, -18, -22, -28, -32, 0, -36, 0, 0, 0], [-5, -9, -14, -19, -23, -29, 0, -34, -37, -38, 0, 0]], [[0, 0, 0, 0, 0, 0, 1, 2, 0, 3, 4, 0], [0, 0, 0, 0, 0, 0, 5, 6, 7, 8, 0, 0], [0, 0, 0, 0, 0, 0, 0, 9, 0, 0, 10, 11], [0, 0, 0, 0, 0, 0, 12, 13, 14, 0, 15, 16], [0, 0, 0, 0, 0, 0, 17, 18, 19, 20, 21, 22], [0, 0, 0, 0, 0, 0, 23, 24, 0, 25, 26, 27], [-1, -5, 0, -12, -17, -23, 0, 28, 29, 30, 0, 0], [-2, -6, -9, -13, -18, -24, -28, 0, 31, 0, 0, 32], [0, -7, 0, -14, -19, 0, -29, -31, 0, 33, 34, 35], [-3, -8, 0, 0, -20, -25, -30, 0, -33, 0, 0, 36], [-4, 0, -10, -15, -21, -26, 0, 0, -34, 0, 0, 37], [0, 0, -11, -16, -22, -27, 0, -32, -35, -36, -37, 0]], [[0, 0, 0, 1, 2, 0, 3, 4, 5, 6, 7, 8], [0, 0, 0, 0, 0, 0, 9, 10, 11, 12, 13, 14], [0, 0, 0, 0, 0, 0, 15, 16, 0, 17, 18, 19], [-1, 0, 0, 0, 0, 0, 20, 21, 22, 0, 23, 0], [-2, 0, 0, 0, 0, 0, 24, 25, 26, 27, 0, 28], [0, 0, 0, 0, 0, 0, 29, 30, 31, 32, 33, 34], [-3, -9, -15, -20, -24, -29, 0, 35, 0, 36, 37, 38], [-4, -10, -16, -21, -25, -30, -35, 0, 39, 0, 40, 41], [-5, -11, 0, -22, -26, -31, 0, -39, 0, 42, 0, 43], [-6, -12, -17, 0, -27, -32, -36, 0, -42, 0, 44, 45], [-7, -13, -18, -23, 0, -33, -37, -40, 0, -44, 0, 46], [-8, -14, -19, 0, -28, -34, -38, -41, -43, -45, -46, 0]], [[0, 0, 0, 0, 0, 0, 0, 1, 2, 0, 3, 4], [0, 0, 0, 0, 0, 0, 5, 6, 0, 7, 8, 9], [0, 0, 0, 0, 0, 0, 10, 11, 12, 13, 14, 15], [0, 0, 0, 0, 0, 0, 16, 17, 18, 19, 0, 20], [0, 0, 0, 0, 0, 21, 22, 23, 24, 25, 0, 26], [0, 0, 0, 0, -21, 0, 27, 28, 29, 30, 31, 32], [0, -5, -10, -16, -22, -27, 0, 0, 33, 0, 34, 0], [-1, -6, -11, -17, -23, -28, 0, 0, 35, 36, 37, 38], [-2, 0, -12, -18, -24, -29, -33, -35, 0, 39, 40, 0], [0, -7, -13, -19, -25, -30, 0, -36, -39, 0, 41, 42], [-3, -8, -14, 0, 0, -31, -34, -37, -40, -41, 0, 43], [-4, -9, -15, -20, -26, -32, 0, -38, 0, -42, -43, 0]], [[0, 0, 1, 0, 0, 0, 2, 3, 0, 4, 5, 6], [0, 0, 0, 0, 0, 7, 8, 9, 0, 10, 0, 11], [-1, 0, 0, 0, 12, 0, 0, 13, 14, 0, 15, 0], [0, 0, 0, 0, 0, 0, 16, 17, 0, 18, 19, 20], [0, 0, -12, 0, 0, 0, 21, 22, 23, 24, 25, 26], [0, -7, 0, 0, 0, 0, 27, 28, 29, 30, 31, 32], [-2, -8, 0, -16, -21, -27, 0, 33, 34, 35, 36, 37], [-3, -9, -13, -17, -22, -28, -33, 0, 38, 39, 40, 41], [0, 0, -14, 0, -23, -29, -34, -38, 0, 42, 0, 43], [-4, -10, 0, -18, -24, -30, -35, -39, -42, 0, 44, 45], [-5, 0, -15, -19, -25, -31, -36, -40, 0, -44, 0, 46], [-6, -11, 0, -20, -26, -32, -37, -41, -43, -45, -46, 0]], [[0, 0, 0, 0, 0, 0, 1, 2, 3, 0, 4, 5], [0, 0, 0, 0, 0, 0, 6, 0, 7, 8, 9, 10], [0, 0, 0, 0, 0, 0, 11, 12, 13, 14, 15, 0], [0, 0, 0, 0, 0, 0, 16, 17, 18, 19, 20, 21], [0, 0, 0, 0, 0, 0, 22, 23, 24, 25, 26, 27], [0, 0, 0, 0, 0, 0, 0, 28, 29, 30, 31, 32], [-1, -6, -11, -16, -22, 0, 0, 33, 34, 35, 36, 37], [-2, 0, -12, -17, -23, -28, -33, 0, 38, 39, 40, 41], [-3, -7, -13, -18, -24, -29, -34, -38, 0, 42, 43, 0], [0, -8, -14, -19, -25, -30, -35, -39, -42, 0, 44, 0], [-4, -9, -15, -20, -26, -31, -36, -40, -43, -44, 0, 45], [-5, -10, 0, -21, -27, -32, -37, -41, 0, 0, -45, 0]], [[0, 0, 0, 0, 1, 0, 2, 3, 4, 5, 6, 7], [0, 0, 8, 9, 0, 0, 10, 11, 12, 13, 14, 15], [0, -8, 0, 0, 0, 0, 16, 0, 17, 0, 18, 19], [0, -9, 0, 0, 0, 0, 0, 20, 21, 22, 23, 24], [-1, 0, 0, 0, 0, 0, 25, 0, 26, 27, 28, 29], [0, 0, 0, 0, 0, 0, 30, 31, 32, 33, 34, 35], [-2, -10, -16, 0, -25, -30, 0, 36, 0, 0, 37, 0], [-3, -11, 0, -20, 0, -31, -36, 0, 38, 39, 0, 40], [-4, -12, -17, -21, -26, -32, 0, -38, 0, 0, 41, 42], [-5, -13, 0, -22, -27, -33, 0, -39, 0, 0, 0, 43], [-6, -14, -18, -23, -28, -34, -37, 0, -41, 0, 0, 44], [-7, -15, -19, -24, -29, -35, 0, -40, -42, -43, -44, 0]], [[0, 0, 1, 0, 0, 0, 2, 3, 4, 5, 6, 0], [0, 0, 0, 0, 0, 0, 7, 8, 9, 10, 11, 12], [-1, 0, 0, 0, 0, 0, 13, 14, 15, 16, 17, 18], [0, 0, 0, 0, 0, 0, 19, 0, 20, 21, 22, 0], [0, 0, 0, 0, 0, 0, 23, 24, 25, 26, 27, 28], [0, 0, 0, 0, 0, 0, 29, 0, 30, 31, 0, 32], [-2, -7, -13, -19, -23, -29, 0, 33, 34, 35, 0, 36], [-3, -8, -14, 0, -24, 0, -33, 0, 37, 0, 38, 39], [-4, -9, -15, -20, -25, -30, -34, -37, 0, 40, 41, 42], [-5, -10, -16, -21, -26, -31, -35, 0, -40, 0, 43, 44], [-6, -11, -17, -22, -27, 0, 0, -38, -41, -43, 0, 45], [0, -12, -18, 0, -28, -32, -36, -39, -42, -44, -45, 0]], [[0, 0, 0, 0, 0, 0, 1, 2, 3, 4, 5, 6], [0, 0, 0, 0, 0, 0, 7, 8, 0, 9, 10, 11], [0, 0, 0, 12, 0, 0, 13, 14, 15, 16, 17, 18], [0, 0, -12, 0, 0, 0, 19, 20, 21, 22, 23, 24], [0, 0, 0, 0, 0, 0, 25, 26, 27, 28, 0, 29], [0, 0, 0, 0, 0, 0, 30, 31, 0, 0, 0, 32], [-1, -7, -13, -19, -25, -30, 0, 33, 0, 34, 35, 36], [-2, -8, -14, -20, -26, -31, -33, 0, 37, 38, 39, 0], [-3, 0, -15, -21, -27, 0, 0, -37, 0, 40, 41, 42], [-4, -9, -16, -22, -28, 0, -34, -38, -40, 0, 43, 44], [-5, -10, -17, -23, 0, 0, -35, -39, -41, -43, 0, 45], [-6, -11, -18, -24, -29, -32, -36, 0, -42, -44, -45, 0]], [[0, 0, 0, 0, 0, 0, 1, 2, 3, 4, 0, 5], [0, 0, 0, 0, 0, 0, 6, 7, 8, 9, 10, 11], [0, 0, 0, 0, 0, 0, 12, 13, 14, 15, 16, 17], [0, 0, 0, 0, 0, 0, 0, 0, 18, 19, 20, 0], [0, 0, 0, 0, 0, 0, 21, 0, 22, 23, 24, 25], [0, 0, 0, 0, 0, 0, 26, 27, 0, 28, 0, 0], [-1, -6, -12, 0, -21, -26, 0, 29, 30, 31, 32, 33], [-2, -7, -13, 0, 0, -27, -29, 0, 34, 35, 36, 37], [-3, -8, -14, -18, -22, 0, -30, -34, 0, 38, 39, 40], [-4, -9, -15, -19, -23, -28, -31, -35, -38, 0, 0, 41], [0, -10, -16, -20, -24, 0, -32, -36, -39, 0, 0, 42], [-5, -11, -17, 0, -25, 0, -33, -37, -40, -41, -42, 0]], [[0, 0, 0, 0, 0, 0, 1, 2, 3, 4, 5, 6], [0, 0, 0, 0, 0, 0, 0, 7, 8, 9, 10, 11], [0, 0, 0, 0, 0, 0, 12, 13, 14, 15, 16, 0], [0, 0, 0, 0, 0, 0, 0, 17, 18, 0, 19, 20], [0, 0, 0, 0, 0, 0, 21, 22, 23, 24, 25, 0], [0, 0, 0, 0, 0, 0, 26, 27, 28, 0, 0, 29], [-1, 0, -12, 0, -21, -26, 0, 30, 31, 32, 33, 0], [-2, -7, -13, -17, -22, -27, -30, 0, 34, 35, 0, 36], [-3, -8, -14, -18, -23, -28, -31, -34, 0, 37, 0, 0], [-4, -9, -15, 0, -24, 0, -32, -35, -37, 0, 38, 39], [-5, -10, -16, -19, -25, 0, -33, 0, 0, -38, 0, 40], [-6, -11, 0, -20, 0, -29, 0, -36, 0, -39, -40, 0]], [[0, 0, 0, 1, 0, 0, 2, 3, 4, 5, 0, 6], [0, 0, 0, 0, 0, 0, 7, 8, 9, 10, 11, 12], [0, 0, 0, 0, 0, 0, 13, 14, 15, 16, 17, 18], [-1, 0, 0, 0, 0, 0, 19, 20, 21, 22, 23, 24], [0, 0, 0, 0, 0, 0, 25, 26, 27, 28, 29, 30], [0, 0, 0, 0, 0, 0, 31, 32, 33, 34, 0, 0], [-2, -7, -13, -19, -25, -31, 0, 35, 0, 36, 0, 37], [-3, -8, -14, -20, -26, -32, -35, 0, 38, 0, 39, 40], [-4, -9, -15, -21, -27, -33, 0, -38, 0, 41, 42, 43], [-5, -10, -16, -22, -28, -34, -36, 0, -41, 0, 44, 0], [0, -11, -17, -23, -29, 0, 0, -39, -42, -44, 0, 45], [-6, -12, -18, -24, -30, 0, -37, -40, -43, 0, -45, 0]], [[0, 0, 0, 0, 38, 0, 1, 2, 3, 0, 4, 5], [0, 0, 0, 0, 0, 0, 0, 0, 6, 7, 8, 9], [0, 0, 0, 0, 0, 10, 11, 12, 0, 13, 0, 14], [0, 0, 0, 0, 39, 0, 15, 16, 17, 18, 19, 0], [-38, 0, 0, -39, 0, 0, 0, 0, 0, 0, 20, 21], [0, 0, -10, 0, 0, 0, 22, 23, 0, 0, 0, 24], [-1, 0, -11, -15, 0, -22, 0, 25, 26, 27, 28, 29], [-2, 0, -12, -16, 0, -23, -25, 0, 30, 31, 32, 33], [-3, -6, 0, -17, 0, 0, -26, -30, 0, 34, 35, 36], [0, -7, -13, -18, 0, 0, -27, -31, -34, 0, 0, 0], [-4, -8, 0, -19, -20, 0, -28, -32, -35, 0, 0, 37], [-5, -9, -14, 0, -21, -24, -29, -33, -36, 0, -37, 0]], [[0, 0, 0, 0, 0, 0, 1, 2, 3, 0, 4, 5], [0, 0, 0, 0, 0, 0, 0, 6, 7, 0, 8, 0], [0, 0, 0, 0, 0, 0, 9, 0, 10, 11, 12, 0], [0, 0, 0, 0, 0, 13, 0, 14, 15, 16, 0, 17], [0, 0, 0, 0, 0, 0, 18, 0, 19, 20, 21, 22], [0, 0, 0, -13, 0, 0, 23, 24, 25, 0, 26, 27], [-1, 0, -9, 0, -18, -23, 0, 28, 0, 29, 30, 31], [-2, -6, 0, -14, 0, -24, -28, 0, 32, 0, 33, 34], [-3, -7, -10, -15, -19, -25, 0, -32, 0, 35, 36, 37], [0, 0, -11, -16, -20, 0, -29, 0, -35, 0, 38, 39], [-4, -8, -12, 0, -21, -26, -30, -33, -36, -38, 0, 40], [-5, 0, 0, -17, -22, -27, -31, -34, -37, -39, -40, 0]], [[0, 1, 2, 0, 0, 0, 3, 4, 0, 5, 0, 6], [-1, 0, 0, 0, 0, 0, 7, 8, 0, 9, 10, 11], [-2, 0, 0, 0, 0, 0, 12, 13, 14, 0, 0, 15], [0, 0, 0, 0, 0, 0, 16, 17, 18, 19, 20, 21], [0, 0, 0, 0, 0, 0, 22, 23, 0, 24, 25, 26], [0, 0, 0, 0, 0, 0, 0, 27, 28, 29, 0, 30], [-3, -7, -12, -16, -22, 0, 0, 31, 32, 33, 34, 35], [-4, -8, -13, -17, -23, -27, -31, 0, 36, 0, 37, 38], [0, 0, -14, -18, 0, -28, -32, -36, 0, 39, 40, 41], [-5, -9, 0, -19, -24, -29, -33, 0, -39, 0, 42, 43], [0, -10, 0, -20, -25, 0, -34, -37, -40, -42, 0, 44], [-6, -11, -15, -21, -26, -30, -35, -38, -41, -43, -44, 0]], [[0, 0, 0, 0, 0, 0, 1, 2, 3, 4, 5, 6], [0, 0, 0, 0, 0, 0, 7, 8, 9, 10, 11, 0], [0, 0, 0, 0, 42, 12, 13, 14, 15, 16, 17, 0], [0, 0, 0, 0, 0, 0, 18, 19, 20, 21, 22, 23], [0, 0, -42, 0, 0, 0, 0, 0, 0, 24, 25, 41], [0, 0, -12, 0, 0, 0, 26, 27, 28, 29, 30, 0], [-1, -7, -13, -18, 0, -26, 0, 31, 32, 0, 33, 0], [-2, -8, -14, -19, 0, -27, -31, 0, 34, 35, 36, 37], [-3, -9, -15, -20, 0, -28, -32, -34, 0, 0, 38, 0], [-4, -10, -16, -21, -24, -29, 0, -35, 0, 0, 39, 40], [-5, -11, -17, -22, -25, -30, -33, -36, -38, -39, 0, 0], [-6, 0, 0, -23, -41, 0, 0, -37, 0, -40, 0, 0]], [[0, 0, 0, 0, 0, 0, 1, 2, 3, 4, 0, 0], [0, 0, 0, 0, 0, 5, 6, 7, 8, 9, 10, 0], [0, 0, 0, 0, 0, 0, 11, 12, 13, 14, 15, 16], [0, 0, 0, 0, 0, 0, 17, 18, 0, 0, 19, 0], [0, 0, 0, 0, 0, 0, 20, 21, 22, 23, 24, 25], [0, -5, 0, 0, 0, 0, 26, 27, 28, 29, 30, 31], [-1, -6, -11, -17, -20, -26, 0, 0, 32, 33, 34, 35], [-2, -7, -12, -18, -21, -27, 0, 0, 36, 37, 38, 39], [-3, -8, -13, 0, -22, -28, -32, -36, 0, 40, 41, 42], [-4, -9, -14, 0, -23, -29, -33, -37, -40, 0, 43, 44], [0, -10, -15, -19, -24, -30, -34, -38, -41, -43, 0, 45], [0, 0, -16, 0, -25, -31, -35, -39, -42, -44, -45, 0]], [[0, 0, 0, 0, 0, 0, 1, 2, 3, 4, 5, 6], [0, 0, 0, 0, 0, 0, 0, 7, 8, 9, 10, 11], [0, 0, 0, 0, 0, 0, 0, 12, 13, 0, 14, 15], [0, 0, 0, 0, 0, 16, 17, 18, 19, 20, 21, 22], [0, 0, 0, 0, 0, 0, 23, 0, 24, 25, 0, 0], [0, 0, 0, -16, 0, 0, 26, 0, 27, 28, 29, 30], [-1, 0, 0, -17, -23, -26, 0, 31, 32, 0, 33, 0], [-2, -7, -12, -18, 0, 0, -31, 0, 34, 35, 36, 37], [-3, -8, -13, -19, -24, -27, -32, -34, 0, 38, 39, 40], [-4, -9, 0, -20, -25, -28, 0, -35, -38, 0, 41, 42], [-5, -10, -14, -21, 0, -29, -33, -36, -39, -41, 0, 43], [-6, -11, -15, -22, 0, -30, 0, -37, -40, -42, -43, 0]], [[0, 0, 0, 0, 0, 0, 1, 2, 3, 4, 5, 6], [0, 0, 0, 0, 7, 0, 8, 9, 10, 11, 0, 12], [0, 0, 0, 0, 0, 13, 14, 0, 15, 16, 17, 18], [0, 0, 0, 0, 0, 43, 19, 0, 0, 20, 44, 0], [0, -7, 0, 0, 0, 0, 21, 0, 0, 22, 23, 24], [0, 0, -13, -43, 0, 0, 25, 0, 26, 27, 28, 29], [-1, -8, -14, -19, -21, -25, 0, 30, 31, 32, 0, 33], [-2, -9, 0, 0, 0, 0, -30, 0, 34, 35, 36, 37], [-3, -10, -15, 0, 0, -26, -31, -34, 0, 38, 39, 40], [-4, -11, -16, -20, -22, -27, -32, -35, -38, 0, 41, 0], [-5, 0, -17, -44, -23, -28, 0, -36, -39, -41, 0, 42], [-6, -12, -18, 0, -24, -29, -33, -37, -40, 0, -42, 0]], [[0, 0, 0, 0, 0, 0, 1, 2, 3, 0, 0, 4], [0, 0, 0, 0, 0, 0, 5, 6, 7, 8, 9, 10], [0, 0, 0, 0, 0, 0, 11, 0, 12, 13, 0, 14], [0, 0, 0, 0, 0, 15, 16, 17, 18, 19, 20, 21], [0, 0, 0, 0, 0, 0, 22, 23, 24, 0, 0, 25], [0, 0, 0, -15, 0, 0, 26, 27, 0, 28, 29, 30], [-1, -5, -11, -16, -22, -26, 0, 31, 32, 33, 34, 35], [-2, -6, 0, -17, -23, -27, -31, 0, 36, 37, 38, 39], [-3, -7, -12, -18, -24, 0, -32, -36, 0, 0, 40, 0], [0, -8, -13, -19, 0, -28, -33, -37, 0, 0, 41, 42], [0, -9, 0, -20, 0, -29, -34, -38, -40, -41, 0, 43], [-4, -10, -14, -21, -25, -30, -35, -39, 0, -42, -43, 0]], [[0, 0, 42, 0, 0, 0, 43, 1, 0, 2, 0, 0], [0, 0, 0, 0, 0, 0, 3, 4, 0, 5, 6, 7], [-42, 0, 0, 0, 0, 8, 9, 10, 11, 12, 13, 14], [0, 0, 0, 0, 0, 0, 0, 15, 16, 17, 18, 0], [0, 0, 0, 0, 0, 19, 20, 21, 22, 23, 24, 25], [0, 0, -8, 0, -19, 0, 26, 27, 28, 29, 30, 0], [-43, -3, -9, 0, -20, -26, 0, 31, 32, 33, 34, 35], [-1, -4, -10, -15, -21, -27, -31, 0, 0, 0, 0, 36], [0, 0, -11, -16, -22, -28, -32, 0, 0, 37, 0, 38], [-2, -5, -12, -17, -23, -29, -33, 0, -37, 0, 39, 40], [0, -6, -13, -18, -24, -30, -34, 0, 0, -39, 0, 41], [0, -7, -14, 0, -25, 0, -35, -36, -38, -40, -41, 0]], [[0, 0, 0, 0, 0, 1, 2, 3, 0, 4, 5, 6], [0, 0, 0, 7, 0, 8, 9, 10, 11, 12, 13, 14], [0, 0, 0, 0, 0, 0, 15, 16, 0, 17, 18, 19], [0, -7, 0, 0, 0, 0, 20, 0, 21, 0, 22, 23], [0, 0, 0, 0, 0, 0, 24, 25, 26, 27, 28, 29], [-1, -8, 0, 0, 0, 0, 30, 31, 32, 33, 0, 34], [-2, -9, -15, -20, -24, -30, 0, 35, 0, 36, 37, 38], [-3, -10, -16, 0, -25, -31, -35, 0, 0, 0, 39, 40], [0, -11, 0, -21, -26, -32, 0, 0, 0, 41, 42, 0], [-4, -12, -17, 0, -27, -33, -36, 0, -41, 0, 43, 0], [-5, -13, -18, -22, -28, 0, -37, -39, -42, -43, 0, 44], [-6, -14, -19, -23, -29, -34, -38, -40, 0, 0, -44, 0]], [[0, 0, 0, 0, 0, 0, 1, 2, 3, 4, 5, 6], [0, 0, 0, 0, 0, 0, 7, 8, 9, 10, 11, 12], [0, 0, 0, 0, 0, 0, 13, 14, 15, 16, 0, 17], [0, 0, 0, 0, 0, 0, 0, 18, 0, 19, 20, 21], [0, 0, 0, 0, 0, 0, 0, 22, 23, 0, 24, 25], [0, 0, 0, 0, 0, 0, 26, 27, 28, 29, 30, 31], [-1, -7, -13, 0, 0, -26, 0, 32, 33, 0, 34, 35], [-2, -8, -14, -18, -22, -27, -32, 0, 36, 37, 38, 0], [-3, -9, -15, 0, -23, -28, -33, -36, 0, 39, 0, 0], [-4, -10, -16, -19, 0, -29, 0, -37, -39, 0, 40, 41], [-5, -11, 0, -20, -24, -30, -34, -38, 0, -40, 0, 42], [-6, -12, -17, -21, -25, -31, -35, 0, 0, -41, -42, 0]], [[0, 1, 0, 2, 0, 0, 3, 4, 0, 5, 0, 6], [-1, 0, 0, 0, 0, 0, 7, 8, 9, 10, 11, 12], [0, 0, 0, 0, 0, 0, 13, 14, 15, 16, 17, 18], [-2, 0, 0, 0, 0, 0, 19, 20, 21, 22, 23, 24], [0, 0, 0, 0, 0, 0, 25, 26, 27, 28, 29, 30], [0, 0, 0, 0, 0, 0, 31, 32, 0, 33, 34, 35], [-3, -7, -13, -19, -25, -31, 0, 36, 37, 38, 39, 40], [-4, -8, -14, -20, -26, -32, -36, 0, 41, 42, 43, 44], [0, -9, -15, -21, -27, 0, -37, -41, 0, 45, 46, 47], [-5, -10, -16, -22, -28, -33, -38, -42, -45, 0, 0, 48], [0, -11, -17, -23, -29, -34, -39, -43, -46, 0, 0, 49], [-6, -12, -18, -24, -30, -35, -40, -44, -47, -48, -49, 0]], [[0, 0, 0, 0, 1, 0, 0, 2, 3, 4, 5, 6], [0, 0, 0, 0, 0, 0, 7, 8, 0, 9, 10, 11], [0, 0, 0, 0, 0, 12, 13, 14, 15, 0, 16, 17], [0, 0, 0, 0, 0, 0, 18, 19, 0, 20, 0, 21], [-1, 0, 0, 0, 0, 0, 22, 23, 24, 25, 26, 0], [0, 0, -12, 0, 0, 0, 27, 0, 28, 29, 30, 31], [0, -7, -13, -18, -22, -27, 0, 32, 33, 0, 34, 35], [-2, -8, -14, -19, -23, 0, -32, 0, 0, 36, 37, 0], [-3, 0, -15, 0, -24, -28, -33, 0, 0, 0, 38, 39], [-4, -9, 0, -20, -25, -29, 0, -36, 0, 0, 0, 0], [-5, -10, -16, 0, -26, -30, -34, -37, -38, 0, 0, 40], [-6, -11, -17, -21, 0, -31, -35, 0, -39, 0, -40, 0]]]