[[[0, 0, 0, 0, 0, 0, 0, 0, 1, 2, 3, 0, 0, 4, 5, 0], [0, 0, 0, 0, 0, 0, 0, 0, 6, 7, 8, 9, 0, 0, 10, 0], [0, 0, 0, 0, 0, 0, 0, 0, 11, 12, 13, 0, 14, 0, 15, 0], [0, 0, 0, 0, 0, 0, 0, 0, 16, 17, 0, 18, 19, 0, 20, 0], [0, 0, 0, 0, 0, 0, 0, 21, 22, 23, 24, 25, 0, 26, 27, 28], [0, 0, 0, 0, 0, 0, 0, 0, 29, 30, 31, 32, 33, 34, 0, 35], [0, 0, 0, 0, 0, 0, 0, 0, 36, 37, 38, 39, 40, 41, 42, 0], [0, 0, 0, 0, -21, 0, 0, 0, 43, 44, 45, 46, 47, 0, 0, 48], [-1, -6, -11, -16, -22, -29, -36, -43, 0, 49, 50, 51, 0, 52, 53, 54], [-2, -7, -12, -17, -23, -30, -37, -44, -49, 0, 55, 56, 57, 0, 58, 59], [-3, -8, -13, 0, -24, -31, -38, -45, -50, -55, 0, 60, 0, 61, 62, 63], [0, -9, 0, -18, -25, -32, -39, -46, -51, -56, -60, 0, 64, 65, 66, 67], [0, 0, -14, -19, 0, -33, -40, -47, 0, -57, 0, -64, 0, 68, 69, 70], [-4, 0, 0, 0, -26, -34, -41, 0, -52, 0, -61, -65, -68, 0, 0, 0], [-5, -10, -15, -20, -27, 0, -42, 0, -53, -58, -62, -66, -69, 0, 0, 71], [0, 0, 0, 0, -28, -35, 0, -48, -54, -59, -63, -67, -70, 0, -71, 0]], [[0, 1, 0, 0, 0, 2, 0, 0, 0, 3, 4, 0, 5, 6, 7, 8], [-1, 0, 0, 0, 0, 0, 0, 0, 9, 10, 0, 11, 12, 13, 0, 14], [0, 0, 0, 0, 0, 0, 0, 0, 0, 15, 16, 17, 18, 19, 20, 21], [0, 0, 0, 0, 0, 0, 0, 0, 22, 23, 24, 0, 25, 26, 27, 0], [0, 0, 0, 0, 0, 0, 0, 0, 28, 29, 30, 31, 32, 33, 0, 34], [-2, 0, 0, 0, 0, 0, 0, 0, 35, 36, 37, 38, 39, 0, 40, 41], [0, 0, 0, 0, 0, 0, 0, 0, 0, 42, 43, 44, 45, 46, 47, 48], [0, 0, 0, 0, 0, 0, 0, 0, 49, 50, 51, 52, 53, 54, 55, 56], [0, -9, 0, -22, -28, -35, 0, -49, 0, 57, 58, 59, 0, 60, 61, 62], [-3, -10, -15, -23, -29, -36, -42, -50, -57, 0, 63, 64, 65, 66, 67, 68], [-4, 0, -16, -24, -30, -37, -43, -51, -58, -63, 0, 69, 0, 70, 71, 72], [0, -11, -17, 0, -31, -38, -44, -52, -59, -64, -69, 0, 0, 73, 74, 75], [-5, -12, -18, -25, -32, -39, -45, -53, 0, -65, 0, 0, 0, 76, 77, 78], [-6, -13, -19, -26, -33, 0, -46, -54, -60, -66, -70, -73, -76, 0, 79, 0], [-7, 0, -20, -27, 0, -40, -47, -55, -61, -67, -71, -74, -77, -79, 0, 80], [-8, -14, -21, 0, -34, -41, -48, -56, -62, -68, -72, -75, -78, 0, -80, 0]], [[0, 0, 0, 0, 0, 0, 0, 0, 1, 2, 3, 4, 5, 6, 7, 8], [0, 0, 9, 0, 0, 0, 0, 0, 10, 11, 0, 12, 13, 14, 15, 16], [0, -9, 0, 17, 0, 18, 19, 0, 0, 20, 21, 22, 23, 0, 24, 25], [0, 0, -17, 0, 0, 0, 0, 0, 0, 26, 27, 28, 29, 30, 31, 32], [0, 0, 0, 0, 0, 0, 33, 0, 0, 34, 35, 36, 37, 38, 39, 0], [0, 0, -18, 0, 0, 0, 40, 0, 41, 42, 43, 0, 0, 44, 0, 0], [0, 0, -19, 0, -33, -40, 0, 0, 45, 46, 47, 48, 49, 0, 50, 51], [0, 0, 0, 0, 0, 0, 0, 0, 52, 53, 0, 0, 54, 55, 56, 57], [-1, -10, 0, 0, 0, -41, -45, -52, 0, 0, 58, 59, 60, 61, 62, 63], [-2, -11, -20, -26, -34, -42, -46, -53, 0, 0, 64, 0, 65, 66, 67, 68], [-3, 0, -21, -27, -35, -43, -47, 0, -58, -64, 0, 69, 70, 71, 72, 73], [-4, -12, -22, -28, -36, 0, -48, 0, -59, 0, -69, 0, 0, 74, 75, 76], [-5, -13, -23, -29, -37, 0, -49, -54, -60, -65, -70, 0, 0, 77, 78, 79], [-6, -14, 0, -30, -38, -44, 0, -55, -61, -66, -71, -74, -77, 0, 80, 81], [-7, -15, -24, -31, -39, 0, -50, -56, -62, -67, -72, -75, -78, -80, 0, 82], [-8, -16, -25, -32, 0, 0, -51, -57, -63, -68, -73, -76, -79, -81, -82, 0]], [[0, 0, 1, 0, 0, 2, 0, 0, 3, 0, 0, 4, 5, 6, 7, 8], [0, 0, 9, 0, 10, 0, 0, 0, 11, 0, 0, 12, 13, 14, 15, 16], [-1, -9, 0, 0, 0, 0, 0, 17, 18, 19, 0, 20, 21, 22, 0, 0], [0, 0, 0, 0, 0, 0, 0, 0, 23, 0, 24, 25, 0, 26, 27, 28], [0, -10, 0, 0, 0, 0, 0, 0, 29, 30, 31, 0, 32, 33, 34, 35], [-2, 0, 0, 0, 0, 0, 0, 0, 0, 36, 37, 0, 38, 39, 40, 41], [0, 0, 0, 0, 0, 0, 0, 0, 42, 43, 44, 45, 46, 47, 48, 49], [0, 0, -17, 0, 0, 0, 0, 0, 50, 0, 51, 52, 53, 54, 55, 56], [-3, -11, -18, -23, -29, 0, -42, -50, 0, 57, 58, 59, 60, 61, 62, 63], [0, 0, -19, 0, -30, -36, -43, 0, -57, 0, 64, 65, 66, 67, 68, 69], [0, 0, 0, -24, -31, -37, -44, -51, -58, -64, 0, 70, 71, 0, 72, 0], [-4, -12, -20, -25, 0, 0, -45, -52, -59, -65, -70, 0, 0, 0, 73, 74], [-5, -13, -21, 0, -32, -38, -46, -53, -60, -66, -71, 0, 0, 75, 76, 77], [-6, -14, -22, -26, -33, -39, -47, -54, -61, -67, 0, 0, -75, 0, 78, 79], [-7, -15, 0, -27, -34, -40, -48, -55, -62, -68, -72, -73, -76, -78, 0, 80], [-8, -16, 0, -28, -35, -41, -49, -56, -63, -69, 0, -74, -77, -79, -80, 0]], [[0, 0, 0, 0, 0, 0, 0, 0, 1, 2, 3, 4, 0, 0, 5, 6], [0, 0, 7, 0, 0, 0, 0, 0, 8, 0, 0, 9, 10, 11, 12, 13], [0, -7, 0, 0, 0, 0, 0, 0, 14, 15, 0, 0, 16, 0, 17, 18], [0, 0, 0, 0, 0, 0, 0, 0, 0, 19, 20, 21, 22, 23, 24, 25], [0, 0, 0, 0, 0, 0, 26, 0, 27, 28, 29, 30, 31, 32, 0, 0], [0, 0, 0, 0, 0, 0, 0, 0, 33, 34, 35, 36, 37, 38, 39, 40], [0, 0, 0, 0, -26, 0, 0, 0, 41, 42, 43, 44, 45, 46, 47, 48], [0, 0, 0, 0, 0, 0, 0, 0, 49, 50, 51, 52, 53, 54, 55, 56], [-1, -8, -14, 0, -27, -33, -41, -49, 0, 0, 57, 58, 59, 0, 0, 60], [-2, 0, -15, -19, -28, -34, -42, -50, 0, 0, 61, 0, 0, 62, 0, 63], [-3, 0, 0, -20, -29, -35, -43, -51, -57, -61, 0, 0, 0, 0, 64, 65], [-4, -9, 0, -21, -30, -36, -44, -52, -58, 0, 0, 0, 66, 67, 0, 68], [0, -10, -16, -22, -31, -37, -45, -53, -59, 0, 0, -66, 0, 69, 0, 0], [0, -11, 0, -23, -32, -38, -46, -54, 0, -62, 0, -67, -69, 0, 0, 0], [-5, -12, -17, -24, 0, -39, -47, -55, 0, 0, -64, 0, 0, 0, 0, 70], [-6, -13, -18, -25, 0, -40, -48, -56, -60, -63, -65, -68, 0, 0, -70, 0]], [[0, 1, 2, 0, 0, 0, 0, 0, 3, 4, 5, 0, 6, 7, 8, 0], [-1, 0, 0, 0, 0, 9, 0, 0, 10, 11, 12, 13, 0, 14, 15, 16], [-2, 0, 0, 0, 17, 0, 0, 0, 18, 19, 0, 20, 21, 22, 23, 24], [0, 0, 0, 0, 0, 0, 0, 0, 25, 0, 26, 27, 28, 29, 30, 31], [0, 0, -17, 0, 0, 0, 0, 0, 32, 33, 34, 35, 36, 37, 38, 39], [0, -9, 0, 0, 0, 0, 0, 0, 40, 41, 42, 0, 0, 43, 44, 45], [0, 0, 0, 0, 0, 0, 0, 0, 46, 0, 47, 48, 49, 50, 51, 52], [0, 0, 0, 0, 0, 0, 0, 0, 53, 54, 55, 56, 0, 57, 58, 59], [-3, -10, -18, -25, -32, -40, -46, -53, 0, 60, 61, 62, 0, 63, 0, 64], [-4, -11, -19, 0, -33, -41, 0, -54, -60, 0, 65, 66, 67, 68, 69, 0], [-5, -12, 0, -26, -34, -42, -47, -55, -61, -65, 0, 70, 71, 72, 73, 74], [0, -13, -20, -27, -35, 0, -48, -56, -62, -66, -70, 0, 75, 76, 77, 0], [-6, 0, -21, -28, -36, 0, -49, 0, 0, -67, -71, -75, 0, 0, 78, 79], [-7, -14, -22, -29, -37, -43, -50, -57, -63, -68, -72, -76, 0, 0, 80, 0], [-8, -15, -23, -30, -38, -44, -51, -58, 0, -69, -73, -77, -78, -80, 0, 81], [0, -16, -24, -31, -39, -45, -52, -59, -64, 0, -74, 0, -79, 0, -81, 0]], [[0, 0, 0, 0, 0, 0, 0, 0, 1, 2, 0, 3, 4, 5, 6, 7], [0, 0, 0, 0, 0, 0, 0, 0, 8, 9, 10, 11, 12, 13, 14, 15], [0, 0, 0, 0, 0, 0, 0, 16, 17, 18, 19, 0, 20, 21, 22, 23], [0, 0, 0, 0, 0, 0, 0, 0, 0, 24, 25, 26, 27, 28, 0, 29], [0, 0, 0, 0, 0, 0, 0, 0, 30, 31, 0, 32, 33, 34, 35, 36], [0, 0, 0, 0, 0, 0, 0, 0, 37, 38, 39, 40, 41, 42, 43, 44], [0, 0, 0, 0, 0, 0, 0, 0, 0, 45, 0, 46, 47, 48, 49, 50], [0, 0, -16, 0, 0, 0, 0, 0, 51, 52, 53, 54, 55, 56, 57, 58], [-1, -8, -17, 0, -30, -37, 0, -51, 0, 0, 0, 59, 60, 61, 62, 0], [-2, -9, -18, -24, -31, -38, -45, -52, 0, 0, 63, 64, 65, 0, 66, 0], [0, -10, -19, -25, 0, -39, 0, -53, 0, -63, 0, 67, 68, 69, 0, 0], [-3, -11, 0, -26, -32, -40, -46, -54, -59, -64, -67, 0, 70, 71, 72, 73], [-4, -12, -20, -27, -33, -41, -47, -55, -60, -65, -68, -70, 0, 74, 75, 76], [-5, -13, -21, -28, -34, -42, -48, -56, -61, 0, -69, -71, -74, 0, 77, 78], [-6, -14, -22, 0, -35, -43, -49, -57, -62, -66, 0, -72, -75, -77, 0, 79], [-7, -15, -23, -29, -36, -44, -50, -58, 0, 0, 0, -73, -76, -78, -79, 0]], [[0, 0, 0, 0, 0, 1, 0, 0, 2, 3, 4, 5, 0, 6, 7, 8], [0, 0, 0, 0, 0, 0, 0, 0, 9, 10, 11, 12, 0, 13, 14, 15], [0, 0, 0, 0, 0, 0, 0, 0, 16, 17, 18, 0, 19, 20, 21, 22], [0, 0, 0, 0, 0, 0, 0, 0, 0, 23, 24, 25, 26, 27, 28, 29], [0, 0, 0, 0, 0, 0, 0, 0, 0, 30, 31, 32, 33, 34, 35, 36], [-1, 0, 0, 0, 0, 0, 0, 0, 0, 37, 38, 39, 40, 0, 41, 42], [0, 0, 0, 0, 0, 0, 0, 43, 44, 0, 45, 0, 46, 47, 48, 0], [0, 0, 0, 0, 0, 0, -43, 0, 49, 50, 51, 0, 0, 52, 53, 0], [-2, -9, -16, 0, 0, 0, -44, -49, 0, 54, 55, 0, 56, 57, 58, 0], [-3, -10, -17, -23, -30, -37, 0, -50, -54, 0, 59, 60, 61, 62, 63, 64], [-4, -11, -18, -24, -31, -38, -45, -51, -55, -59, 0, 0, 0, 0, 65, 66], [-5, -12, 0, -25, -32, -39, 0, 0, 0, -60, 0, 0, 67, 0, 68, 69], [0, 0, -19, -26, -33, -40, -46, 0, -56, -61, 0, -67, 0, 70, 0, 71], [-6, -13, -20, -27, -34, 0, -47, -52, -57, -62, 0, 0, -70, 0, 0, 72], [-7, -14, -21, -28, -35, -41, -48, -53, -58, -63, -65, -68, 0, 0, 0, 0], [-8, -15, -22, -29, -36, -42, 0, 0, 0, -64, -66, -69, -71, -72, 0, 0]], [[0, 0, 1, 0, 0, 0, 0, 0, 0, 2, 3, 4, 0, 5, 6, 7], [0, 0, 0, 0, 0, 8, 0, 9, 0, 10, 11, 0, 12, 13, 0, 14], [-1, 0, 0, 0, 0, 0, 15, 0, 16, 17, 0, 18, 19, 20, 21, 22], [0, 0, 0, 0, 0, 0, 0, 0, 23, 24, 25, 26, 27, 28, 0, 29], [0, 0, 0, 0, 0, 0, 30, 0, 31, 32, 33, 34, 35, 0, 36, 37], [0, -8, 0, 0, 0, 0, 0, 0, 38, 39, 40, 41, 42, 43, 44, 0], [0, 0, -15, 0, -30, 0, 0, 45, 46, 47, 48, 49, 0, 50, 51, 0], [0, -9, 0, 0, 0, 0, -45, 0, 52, 0, 0, 53, 54, 0, 0, 55], [0, 0, -16, -23, -31, -38, -46, -52, 0, 56, 57, 58, 0, 59, 0, 0], [-2, -10, -17, -24, -32, -39, -47, 0, -56, 0, 60, 0, 61, 0, 0, 62], [-3, -11, 0, -25, -33, -40, -48, 0, -57, -60, 0, 63, 64, 65, 66, 67], [-4, 0, -18, -26, -34, -41, -49, -53, -58, 0, -63, 0, 68, 69, 0, 70], [0, -12, -19, -27, -35, -42, 0, -54, 0, -61, -64, -68, 0, 71, 72, 0], [-5, -13, -20, -28, 0, -43, -50, 0, -59, 0, -65, -69, -71, 0, 73, 74], [-6, 0, -21, 0, -36, -44, -51, 0, 0, 0, -66, 0, -72, -73, 0, 75], [-7, -14, -22, -29, -37, 0, 0, -55, 0, -62, -67, -70, 0, -74, -75, 0]], [[0, 0, 0, 1, 0, 0, 2, 0, 3, 0, 4, 0, 5, 6, 7, 8], [0, 0, 9, 0, 0, 0, 0, 0, 10, 11, 12, 13, 0, 14, 0, 0], [0, -9, 0, 0, 0, 0, 0, 0, 15, 16, 17, 18, 19, 20, 21, 22], [-1, 0, 0, 0, 0, 23, 0, 0, 24, 25, 0, 26, 27, 0, 28, 29], [0, 0, 0, 0, 0, 0, 0, 0, 0, 30, 31, 32, 33, 0, 34, 35], [0, 0, 0, -23, 0, 0, 36, 0, 37, 0, 38, 39, 40, 41, 42, 43], [-2, 0, 0, 0, 0, -36, 0, 0, 44, 0, 45, 46, 47, 48, 0, 49], [0, 0, 0, 0, 0, 0, 0, 0, 50, 0, 51, 0, 52, 53, 54, 0], [-3, -10, -15, -24, 0, -37, -44, -50, 0, 55, 56, 0, 57, 58, 59, 60], [0, -11, -16, -25, -30, 0, 0, 0, -55, 0, 61, 62, 63, 64, 65, 66], [-4, -12, -17, 0, -31, -38, -45, -51, -56, -61, 0, 67, 0, 68, 69, 70], [0, -13, -18, -26, -32, -39, -46, 0, 0, -62, -67, 0, 71, 0, 72, 73], [-5, 0, -19, -27, -33, -40, -47, -52, -57, -63, 0, -71, 0, 74, 75, 76], [-6, -14, -20, 0, 0, -41, -48, -53, -58, -64, -68, 0, -74, 0, 77, 78], [-7, 0, -21, -28, -34, -42, 0, -54, -59, -65, -69, -72, -75, -77, 0, 0], [-8, 0, -22, -29, -35, -43, -49, 0, -60, -66, -70, -73, -76, -78, 0, 0]], [[0, 0, 0, 0, 0, 0, 0, 0, 1, 0, 2, 3, 4, 5, 6, 7], [0, 0, 0, 0, 0, 0, 0, 0, 8, 9, 10, 11, 12, 13, 14, 15], [0, 0, 0, 0, 0, 0, 0, 0, 16, 17, 0, 18, 19, 0, 20, 21], [0, 0, 0, 0, 0, 0, 0, 0, 22, 0, 23, 24, 25, 26, 27, 0], [0, 0, 0, 0, 0, 0, 0, 0, 28, 29, 30, 31, 0, 32, 0, 0], [0, 0, 0, 0, 0, 0, 0, 0, 0, 33, 0, 34, 35, 36, 37, 38], [0, 0, 0, 0, 0, 0, 0, 0, 39, 0, 0, 40, 41, 0, 42, 43], [0, 0, 0, 0, 0, 0, 0, 0, 44, 45, 0, 46, 47, 0, 48, 49], [-1, -8, -16, -22, -28, 0, -39, -44, 0, 50, 51, 52, 0, 53, 54, 55], [0, -9, -17, 0, -29, -33, 0, -45, -50, 0, 56, 57, 0, 58, 0, 59], [-2, -10, 0, -23, -30, 0, 0, 0, -51, -56, 0, 60, 61, 62, 63, 64], [-3, -11, -18, -24, -31, -34, -40, -46, -52, -57, -60, 0, 0, 65, 66, 67], [-4, -12, -19, -25, 0, -35, -41, -47, 0, 0, -61, 0, 0, 0, 0, 0], [-5, -13, 0, -26, -32, -36, 0, 0, -53, -58, -62, -65, 0, 0, 68, 69], [-6, -14, -20, -27, 0, -37, -42, -48, -54, 0, -63, -66, 0, -68, 0, 70], [-7, -15, -21, 0, 0, -38, -43, -49, -55, -59, -64, -67, 0, -69, -70, 0]], [[0, 1, 0, 0, 2, 0, 0, 0, 3, 4, 5, 0, 6, 7, 8, 9], [-1, 0, 0, 0, 0, 0, 0, 0, 10, 11, 12, 13, 0, 14, 15, 0], [0, 0, 0, 0, 0, 0, 0, 0, 16, 17, 18, 19, 20, 21, 0, 22], [0, 0, 0, 0, 0, 23, 0, 0, 0, 0, 24, 0, 25, 26, 27, 0], [-2, 0, 0, 0, 0, 0, 0, 0, 28, 29, 0, 30, 0, 31, 32, 0], [0, 0, 0, -23, 0, 0, 0, 0, 33, 34, 35, 36, 37, 38, 39, 40], [0, 0, 0, 0, 0, 0, 0, 0, 41, 0, 42, 43, 0, 44, 45, 46], [0, 0, 0, 0, 0, 0, 0, 0, 47, 0, 48, 49, 50, 51, 0, 52], [-3, -10, -16, 0, -28, -33, -41, -47, 0, 0, 53, 54, 55, 0, 56, 57], [-4, -11, -17, 0, -29, -34, 0, 0, 0, 0, 58, 0, 59, 60, 61, 62], [-5, -12, -18, -24, 0, -35, -42, -48, -53, -58, 0, 63, 64, 65, 0, 66], [0, -13, -19, 0, -30, -36, -43, -49, -54, 0, -63, 0, 67, 68, 69, 0], [-6, 0, -20, -25, 0, -37, 0, -50, -55, -59, -64, -67, 0, 70, 71, 0], [-7, -14, -21, -26, -31, -38, -44, -51, 0, -60, -65, -68, -70, 0, 72, 73], [-8, -15, 0, -27, -32, -39, -45, 0, -56, -61, 0, -69, -71, -72, 0, 74], [-9, 0, -22, 0, 0, -40, -46, -52, -57, -62, -66, 0, 0, -73, -74, 0]], [[0, 0, 0, 0, 0, 0, 0, 0, 1, 0, 2, 0, 3, 0, 4, 5], [0, 0, 0, 6, 7, 0, 0, 8, 0, 9, 10, 11, 12, 13, 14, 15], [0, 0, 0, 0, 0, 16, 0, 0, 17, 18, 19, 20, 21, 22, 23, 0], [0, -6, 0, 0, 0, 0, 0, 0, 0, 0, 24, 25, 26, 27, 0, 28], [0, -7, 0, 0, 0, 0, 29, 30, 31, 32, 33, 34, 35, 0, 36, 37], [0, 0, -16, 0, 0, 0, 0, 0, 0, 38, 0, 39, 0, 40, 41, 42], [0, 0, 0, 0, -29, 0, 0, 0, 43, 0, 44, 45, 46, 47, 48, 49], [0, -8, 0, 0, -30, 0, 0, 0, 50, 51, 52, 53, 54, 0, 55, 56], [-1, 0, -17, 0, -31, 0, -43, -50, 0, 0, 57, 58, 59, 60, 61, 62], [0, -9, -18, 0, -32, -38, 0, -51, 0, 0, 0, 63, 0, 64, 65, 0], [-2, -10, -19, -24, -33, 0, -44, -52, -57, 0, 0, 66, 67, 0, 68, 69], [0, -11, -20, -25, -34, -39, -45, -53, -58, -63, -66, 0, 70, 71, 72, 73], [-3, -12, -21, -26, -35, 0, -46, -54, -59, 0, -67, -70, 0, 74, 75, 76], [0, -13, -22, -27, 0, -40, -47, 0, -60, -64, 0, -71, -74, 0, 77, 78], [-4, -14, -23, 0, -36, -41, -48, -55, -61, -65, -68, -72, -75, -77, 0, 0], [-5, -15, 0, -28, -37, -42, -49, -56, -62, 0, -69, -73, -76, -78, 0, 0]], [[0, 0, 0, 0, 0, 0, 1, 2, 3, 0, 4, 5, 0, 6, 7, 0], [0, 0, 0, 0, 0, 0, 0, 0, 8, 0, 9, 0, 10, 11, 12, 13], [0, 0, 0, 0, 0, 0, 0, 0, 14, 0, 15, 16, 17, 18, 19, 20], [0, 0, 0, 0, 0, 0, 0, 0, 0, 21, 0, 22, 23, 24, 0, 25], [0, 0, 0, 0, 0, 0, 26, 0, 27, 28, 29, 0, 0, 30, 0, 31], [0, 0, 0, 0, 0, 0, 0, 0, 32, 33, 34, 35, 36, 37, 38, 0], [-1, 0, 0, 0, -26, 0, 0, 0, 39, 0, 0, 40, 41, 42, 43, 44], [-2, 0, 0, 0, 0, 0, 0, 0, 0, 0, 45, 46, 47, 48, 49, 50], [-3, -8, -14, 0, -27, -32, -39, 0, 0, 51, 52, 53, 54, 55, 56, 57], [0, 0, 0, -21, -28, -33, 0, 0, -51, 0, 58, 59, 60, 61, 62, 63], [-4, -9, -15, 0, -29, -34, 0, -45, -52, -58, 0, 0, 64, 65, 66, 67], [-5, 0, -16, -22, 0, -35, -40, -46, -53, -59, 0, 0, 68, 69, 70, 71], [0, -10, -17, -23, 0, -36, -41, -47, -54, -60, -64, -68, 0, 72, 73, 74], [-6, -11, -18, -24, -30, -37, -42, -48, -55, -61, -65, -69, -72, 0, 75, 76], [-7, -12, -19, 0, 0, -38, -43, -49, -56, -62, -66, -70, -73, -75, 0, 77], [0, -13, -20, -25, -31, 0, -44, -50, -57, -63, -67, -71, -74, -76, -77, 0]], [[0, 0, 0, 0, 0, 0, 0, 0, 1, 2, 3, 0, 4, 0, 0, 0], [0, 0, 0, 0, 0, 0, 5, 6, 0, 7, 8, 0, 9, 10, 11, 0], [0, 0, 0, 0, 0, 0, 0, 0, 12, 13, 14, 15, 16, 17, 18, 19], [0, 0, 0, 0, 0, 20, 0, 0, 21, 22, 23, 24, 25, 26, 27, 28], [0, 0, 0, 0, 0, 0, 0, 0, 29, 30, 31, 32, 0, 33, 34, 0], [0, 0, 0, -20, 0, 0, 0, 0, 35, 36, 0, 37, 38, 39, 0, 40], [0, -5, 0, 0, 0, 0, 0, 0, 41, 42, 43, 0, 0, 44, 45, 46], [0, -6, 0, 0, 0, 0, 0, 0, 0, 0, 47, 48, 49, 0, 50, 0], [-1, 0, -12, -21, -29, -35, -41, 0, 0, 51, 52, 0, 53, 0, 54, 55], [-2, -7, -13, -22, -30, -36, -42, 0, -51, 0, 56, 0, 57, 58, 59, 0], [-3, -8, -14, -23, -31, 0, -43, -47, -52, -56, 0, 60, 61, 62, 63, 64], [0, 0, -15, -24, -32, -37, 0, -48, 0, 0, -60, 0, 65, 66, 67, 68], [-4, -9, -16, -25, 0, -38, 0, -49, -53, -57, -61, -65, 0, 69, 70, 0], [0, -10, -17, -26, -33, -39, -44, 0, 0, -58, -62, -66, -69, 0, 71, 72], [0, -11, -18, -27, -34, 0, -45, -50, -54, -59, -63, -67, -70, -71, 0, 73], [0, 0, -19, -28, 0, -40, -46, 0, -55, 0, -64, -68, 0, -72, -73, 0]], [[0, 0, 0, 0, 0, 0, 0, 0, 1, 2, 3, 4, 5, 6, 7, 0], [0, 0, 8, 0, 0, 9, 0, 0, 10, 11, 0, 12, 0, 13, 14, 15], [0, -8, 0, 0, 0, 0, 0, 0, 16, 17, 0, 0, 0, 18, 19, 20], [0, 0, 0, 0, 0, 0, 0, 0, 21, 22, 23, 24, 0, 25, 26, 27], [0, 0, 0, 0, 0, 0, 0, 0, 28, 29, 30, 31, 0, 32, 33, 0], [0, -9, 0, 0, 0, 0, 0, 0, 34, 0, 0, 35, 0, 36, 37, 38], [0, 0, 0, 0, 0, 0, 0, 0, 39, 40, 41, 0, 42, 43, 44, 0], [0, 0, 0, 0, 0, 0, 0, 0, 45, 46, 47, 48, 49, 0, 50, 0], [-1, -10, -16, -21, -28, -34, -39, -45, 0, 51, 52, 53, 54, 0, 55, 56], [-2, -11, -17, -22, -29, 0, -40, -46, -51, 0, 57, 58, 59, 60, 61, 62], [-3, 0, 0, -23, -30, 0, -41, -47, -52, -57, 0, 63, 64, 65, 66, 0], [-4, -12, 0, -24, -31, -35, 0, -48, -53, -58, -63, 0, 67, 68, 69, 70], [-5, 0, 0, 0, 0, 0, -42, -49, -54, -59, -64, -67, 0, 71, 72, 73], [-6, -13, -18, -25, -32, -36, -43, 0, 0, -60, -65, -68, -71, 0, 74, 75], [-7, -14, -19, -26, -33, -37, -44, -50, -55, -61, -66, -69, -72, -74, 0, 76], [0, -15, -20, -27, 0, -38, 0, 0, -56, -62, 0, -70, -73, -75, -76, 0]], [[0, 0, 0, 1, 0, 0, 0, 0, 2, 0, 3, 0, 4, 0, 5, 6], [0, 0, 0, 0, 0, 0, 0, 0, 7, 8, 9, 10, 11, 12, 13, 0], [0, 0, 0, 0, 14, 0, 0, 0, 15, 0, 16, 17, 18, 0, 19, 0], [-1, 0, 0, 0, 0, 0, 0, 0, 20, 21, 22, 0, 23, 24, 25, 0], [0, 0, -14, 0, 0, 0, 0, 0, 26, 27, 28, 29, 30, 31, 0, 0], [0, 0, 0, 0, 0, 0, 0, 0, 32, 33, 34, 35, 36, 37, 38, 39], [0, 0, 0, 0, 0, 0, 0, 0, 40, 41, 0, 42, 43, 44, 45, 0], [0, 0, 0, 0, 0, 0, 0, 0, 46, 47, 48, 49, 50, 0, 51, 0], [-2, -7, -15, -20, -26, -32, -40, -46, 0, 52, 0, 53, 0, 54, 0, 55], [0, -8, 0, -21, -27, -33, -41, -47, -52, 0, 56, 57, 58, 59, 60, 61], [-3, -9, -16, -22, -28, -34, 0, -48, 0, -56, 0, 0, 62, 63, 64, 65], [0, -10, -17, 0, -29, -35, -42, -49, -53, -57, 0, 0, 66, 67, 0, 68], [-4, -11, -18, -23, -30, -36, -43, -50, 0, -58, -62, -66, 0, 69, 70, 71], [0, -12, 0, -24, -31, -37, -44, 0, -54, -59, -63, -67, -69, 0, 72, 73], [-5, -13, -19, -25, 0, -38, -45, -51, 0, -60, -64, 0, -70, -72, 0, 74], [-6, 0, 0, 0, 0, -39, 0, 0, -55, -61, -65, -68, -71, -73, -74, 0]], [[0, 1, 0, 0, 0, 0, 0, 0, 2, 3, 4, 5, 6, 7, 0, 8], [-1, 0, 0, 0, 0, 0, 0, 0, 9, 10, 11, 0, 12, 0, 13, 0], [0, 0, 0, 0, 0, 0, 0, 0, 14, 15, 16, 17, 18, 19, 20, 21], [0, 0, 0, 0, 0, 0, 22, 0, 23, 24, 25, 26, 27, 28, 29, 30], [0, 0, 0, 0, 0, 0, 0, 0, 31, 0, 32, 33, 34, 35, 36, 37], [0, 0, 0, 0, 0, 0, 0, 0, 38, 39, 0, 0, 40, 41, 42, 43], [0, 0, 0, -22, 0, 0, 0, 0, 0, 44, 45, 46, 47, 0, 48, 0], [0, 0, 0, 0, 0, 0, 0, 0, 0, 0, 49, 50, 51, 0, 52, 53], [-2, -9, -14, -23, -31, -38, 0, 0, 0, 54, 55, 0, 0, 56, 57, 58], [-3, -10, -15, -24, 0, -39, -44, 0, -54, 0, 0, 59, 60, 61, 62, 63], [-4, -11, -16, -25, -32, 0, -45, -49, -55, 0, 0, 64, 0, 65, 66, 67], [-5, 0, -17, -26, -33, 0, -46, -50, 0, -59, -64, 0, 68, 69, 70, 71], [-6, -12, -18, -27, -34, -40, -47, -51, 0, -60, 0, -68, 0, 72, 0, 73], [-7, 0, -19, -28, -35, -41, 0, 0, -56, -61, -65, -69, -72, 0, 74, 75], [0, -13, -20, -29, -36, -42, -48, -52, -57, -62, -66, -70, 0, -74, 0, 76], [-8, 0, -21, -30, -37, -43, 0, -53, -58, -63, -67, -71, -73, -75, -76, 0]], [[0, 0, 0, 0, 0, 0, 0, 0, 1, 2, 3, 4, 5, 6, 7, 0], [0, 0, 8, 0, 0, 0, 9, 0, 10, 11, 12, 0, 13, 14, 15, 16], [0, -8, 0, 0, 0, 0, 0, 0, 17, 0, 18, 19, 0, 20, 21, 22], [0, 0, 0, 0, 0, 0, 0, 0, 23, 0, 24, 25, 26, 27, 28, 29], [0, 0, 0, 0, 0, 0, 0, 0, 0, 30, 31, 32, 0, 33, 34, 35], [0, 0, 0, 0, 0, 0, 0, 0, 36, 0, 37, 38, 39, 0, 40, 41], [0, -9, 0, 0, 0, 0, 0, 0, 42, 43, 0, 44, 0, 45, 0, 46], [0, 0, 0, 0, 0, 0, 0, 0, 47, 48, 0, 49, 50, 51, 0, 52], [-1, -10, -17, -23, 0, -36, -42, -47, 0, 53, 54, 55, 56, 57, 0, 58], [-2, -11, 0, 0, -30, 0, -43, -48, -53, 0, 59, 60, 61, 62, 63, 64], [-3, -12, -18, -24, -31, -37, 0, 0, -54, -59, 0, 0, 65, 66, 67, 68], [-4, 0, -19, -25, -32, -38, -44, -49, -55, -60, 0, 0, 0, 69, 70, 0], [-5, -13, 0, -26, 0, -39, 0, -50, -56, -61, -65, 0, 0, 71, 72, 0], [-6, -14, -20, -27, -33, 0, -45, -51, -57, -62, -66, -69, -71, 0, 73, 74], [-7, -15, -21, -28, -34, -40, 0, 0, 0, -63, -67, -70, -72, -73, 0, 75], [0, -16, -22, -29, -35, -41, -46, -52, -58, -64, -68, 0, 0, -74, -75, 0]], [[0, 0, 0, 0, 0, 0, 0, 0, 0, 1, 2, 3, 0, 4, 5, 0], [0, 0, 0, 0, 0, 0, 0, 0, 0, 0, 6, 7, 8, 9, 10, 11], [0, 0, 0, 0, 0, 0, 0, 0, 12, 13, 14, 15, 16, 17, 0, 18], [0, 0, 0, 0, 0, 0, 0, 0, 19, 20, 0, 21, 22, 23, 24, 25], [0, 0, 0, 0, 0, 0, 0, 0, 26, 27, 28, 29, 30, 31, 32, 33], [0, 0, 0, 0, 0, 0, 0, 0, 34, 35, 36, 37, 38, 39, 40, 0], [0, 0, 0, 0, 0, 0, 0, 0, 41, 42, 43, 0, 44, 45, 0, 46], [0, 0, 0, 0, 0, 0, 0, 0, 47, 48, 0, 49, 50, 51, 52, 53], [0, 0, -12, -19, -26, -34, -41, -47, 0, 0, 54, 55, 56, 57, 58, 59], [-1, 0, -13, -20, -27, -35, -42, -48, 0, 0, 60, 0, 61, 62, 63, 64], [-2, -6, -14, 0, -28, -36, -43, 0, -54, -60, 0, 65, 66, 67, 68, 69], [-3, -7, -15, -21, -29, -37, 0, -49, -55, 0, -65, 0, 70, 71, 72, 0], [0, -8, -16, -22, -30, -38, -44, -50, -56, -61, -66, -70, 0, 0, 73, 74], [-4, -9, -17, -23, -31, -39, -45, -51, -57, -62, -67, -71, 0, 0, 75, 0], [-5, -10, 0, -24, -32, -40, 0, -52, -58, -63, -68, -72, -73, -75, 0, 0], [0, -11, -18, -25, -33, 0, -46, -53, -59, -64, -69, 0, -74, 0, 0, 0]], [[0, 1, 0, 0, 0, 0, 0, 0, 2, 3, 4, 5, 0, 6, 7, 8], [-1, 0, 0, 0, 0, 9, 0, 0, 10, 11, 0, 12, 0, 13, 0, 14], [0, 0, 0, 0, 0, 15, 0, 0, 16, 17, 18, 19, 20, 21, 22, 0], [0, 0, 0, 0, 0, 0, 0, 0, 23, 24, 25, 26, 27, 28, 29, 30], [0, 0, 0, 0, 0, 0, 0, 0, 31, 32, 33, 34, 35, 36, 37, 38], [0, -9, -15, 0, 0, 0, 0, 0, 39, 40, 41, 42, 43, 44, 0, 45], [0, 0, 0, 0, 0, 0, 0, 0, 46, 47, 48, 49, 50, 51, 52, 53], [0, 0, 0, 0, 0, 0, 0, 0, 0, 54, 55, 0, 56, 57, 58, 59], [-2, -10, -16, -23, -31, -39, -46, 0, 0, 0, 0, 60, 61, 62, 63, 64], [-3, -11, -17, -24, -32, -40, -47, -54, 0, 0, 65, 66, 67, 68, 69, 70], [-4, 0, -18, -25, -33, -41, -48, -55, 0, -65, 0, 71, 72, 0, 73, 74], [-5, -12, -19, -26, -34, -42, -49, 0, -60, -66, -71, 0, 75, 76, 77, 78], [0, 0, -20, -27, -35, -43, -50, -56, -61, -67, -72, -75, 0, 79, 0, 80], [-6, -13, -21, -28, -36, -44, -51, -57, -62, -68, 0, -76, -79, 0, 81, 82], [-7, 0, -22, -29, -37, 0, -52, -58, -63, -69, -73, -77, 0, -81, 0, 83], [-8, -14, 0, -30, -38, -45, -53, -59, -64, -70, -74, -78, -80, -82, -83, 0]], [[0, 0, 0, 0, 0, 0, 0, 0, 1, 2, 3, 4, 5, 0, 6, 0], [0, 0, 0, 0, 0, 0, 0, 7, 8, 9, 0, 10, 11, 0, 12, 13], [0, 0, 0, 0, 0, 0, 0, 0, 0, 0, 0, 14, 15, 16, 17, 18], [0, 0, 0, 0, 0, 0, 0, 0, 0, 19, 0, 0, 20, 21, 22, 23], [0, 0, 0, 0, 0, 0, 0, 0, 24, 25, 0, 0, 26, 27, 28, 29], [0, 0, 0, 0, 0, 0, 0, 0, 30, 31, 32, 33, 0, 34, 35, 36], [0, 0, 0, 0, 0, 0, 0, 0, 37, 0, 38, 39, 40, 41, 0, 42], [0, -7, 0, 0, 0, 0, 0, 0, 43, 44, 45, 46, 47, 48, 49, 50], [-1, -8, 0, 0, -24, -30, -37, -43, 0, 51, 0, 0, 0, 52, 53, 54], [-2, -9, 0, -19, -25, -31, 0, -44, -51, 0, 55, 56, 57, 58, 59, 60], [-3, 0, 0, 0, 0, -32, -38, -45, 0, -55, 0, 61, 62, 63, 64, 0], [-4, -10, -14, 0, 0, -33, -39, -46, 0, -56, -61, 0, 65, 66, 67, 68], [-5, -11, -15, -20, -26, 0, -40, -47, 0, -57, -62, -65, 0, 69, 70, 71], [0, 0, -16, -21, -27, -34, -41, -48, -52, -58, -63, -66, -69, 0, 0, 72], [-6, -12, -17, -22, -28, -35, 0, -49, -53, -59, -64, -67, -70, 0, 0, 73], [0, -13, -18, -23, -29, -36, -42, -50, -54, -60, 0, -68, -71, -72, -73, 0]], [[0, 0, 0, 0, 1, 2, 0, 0, 3, 4, 0, 5, 6, 7, 8, 9], [0, 0, 0, 0, 0, 0, 0, 0, 10, 11, 12, 0, 0, 0, 13, 0], [0, 0, 0, 0, 0, 0, 0, 0, 14, 15, 16, 17, 0, 0, 18, 0], [0, 0, 0, 0, 19, 0, 0, 0, 20, 21, 0, 22, 23, 24, 25, 26], [-1, 0, 0, -19, 0, 0, 0, 0, 27, 28, 29, 30, 31, 32, 33, 34], [-2, 0, 0, 0, 0, 0, 0, 0, 35, 36, 0, 37, 38, 39, 40, 41], [0, 0, 0, 0, 0, 0, 0, 0, 0, 42, 0, 43, 44, 45, 46, 47], [0, 0, 0, 0, 0, 0, 0, 0, 48, 49, 50, 0, 51, 52, 53, 0], [-3, -10, -14, -20, -27, -35, 0, -48, 0, 54, 55, 56, 57, 0, 58, 59], [-4, -11, -15, -21, -28, -36, -42, -49, -54, 0, 60, 61, 62, 63, 64, 65], [0, -12, -16, 0, -29, 0, 0, -50, -55, -60, 0, 66, 67, 68, 69, 0], [-5, 0, -17, -22, -30, -37, -43, 0, -56, -61, -66, 0, 0, 70, 71, 0], [-6, 0, 0, -23, -31, -38, -44, -51, -57, -62, -67, 0, 0, 72, 73, 74], [-7, 0, 0, -24, -32, -39, -45, -52, 0, -63, -68, -70, -72, 0, 75, 76], [-8, -13, -18, -25, -33, -40, -46, -53, -58, -64, -69, -71, -73, -75, 0, 0], [-9, 0, 0, -26, -34, -41, -47, 0, -59, -65, 0, 0, -74, -76, 0, 0]], [[0, 0, 0, 0, 0, 0, 1, 0, 0, 2, 3, 0, 4, 5, 6, 7], [0, 0, 0, 0, 8, 0, 9, 0, 10, 0, 11, 12, 13, 14, 15, 16], [0, 0, 0, 0, 0, 0, 0, 0, 17, 18, 0, 19, 20, 21, 0, 22], [0, 0, 0, 0, 0, 0, 0, 0, 0, 23, 24, 25, 26, 27, 28, 29], [0, -8, 0, 0, 0, 0, 0, 0, 30, 0, 31, 32, 0, 33, 34, 35], [0, 0, 0, 0, 0, 0, 0, 0, 36, 37, 0, 38, 0, 39, 40, 0], [-1, -9, 0, 0, 0, 0, 0, 0, 41, 0, 0, 0, 42, 43, 44, 45], [0, 0, 0, 0, 0, 0, 0, 0, 0, 46, 47, 48, 49, 50, 0, 51], [0, -10, -17, 0, -30, -36, -41, 0, 0, 52, 53, 0, 54, 55, 56, 0], [-2, 0, -18, -23, 0, -37, 0, -46, -52, 0, 57, 58, 59, 60, 61, 62], [-3, -11, 0, -24, -31, 0, 0, -47, -53, -57, 0, 0, 63, 0, 64, 65], [0, -12, -19, -25, -32, -38, 0, -48, 0, -58, 0, 0, 66, 67, 68, 69], [-4, -13, -20, -26, 0, 0, -42, -49, -54, -59, -63, -66, 0, 70, 71, 72], [-5, -14, -21, -27, -33, -39, -43, -50, -55, -60, 0, -67, -70, 0, 73, 74], [-6, -15, 0, -28, -34, -40, -44, 0, -56, -61, -64, -68, -71, -73, 0, 75], [-7, -16, -22, -29, -35, 0, -45, -51, 0, -62, -65, -69, -72, -74, -75, 0]], [[0, 0, 0, 0, 0, 0, 0, 0, 1, 2, 3, 4, 0, 5, 0, 6], [0, 0, 0, 0, 0, 7, 0, 8, 9, 10, 0, 11, 12, 0, 13, 14], [0, 0, 0, 0, 15, 0, 0, 0, 16, 17, 18, 0, 19, 20, 21, 22], [0, 0, 0, 0, 23, 0, 0, 0, 24, 25, 26, 27, 0, 0, 28, 29], [0, 0, -15, -23, 0, 0, 0, 0, 30, 0, 31, 32, 33, 34, 35, 36], [0, -7, 0, 0, 0, 0, 0, 0, 0, 37, 38, 39, 40, 41, 42, 43], [0, 0, 0, 0, 0, 0, 0, 0, 0, 44, 45, 0, 46, 47, 48, 49], [0, -8, 0, 0, 0, 0, 0, 0, 50, 51, 0, 52, 0, 53, 54, 55], [-1, -9, -16, -24, -30, 0, 0, -50, 0, 56, 57, 58, 0, 59, 60, 61], [-2, -10, -17, -25, 0, -37, -44, -51, -56, 0, 62, 63, 64, 65, 66, 67], [-3, 0, -18, -26, -31, -38, -45, 0, -57, -62, 0, 68, 0, 69, 70, 0], [-4, -11, 0, -27, -32, -39, 0, -52, -58, -63, -68, 0, 71, 72, 73, 74], [0, -12, -19, 0, -33, -40, -46, 0, 0, -64, 0, -71, 0, 0, 0, 75], [-5, 0, -20, 0, -34, -41, -47, -53, -59, -65, -69, -72, 0, 0, 76, 77], [0, -13, -21, -28, -35, -42, -48, -54, -60, -66, -70, -73, 0, -76, 0, 78], [-6, -14, -22, -29, -36, -43, -49, -55, -61, -67, 0, -74, -75, -77, -78, 0]], [[0, 0, 0, 0, 0, 0, 0, 0, 1, 2, 3, 4, 5, 6, 7, 0], [0, 0, 8, 9, 0, 0, 0, 0, 10, 11, 12, 0, 13, 14, 15, 16], [0, -8, 0, 0, 0, 0, 0, 0, 0, 17, 18, 19, 20, 21, 22, 23], [0, -9, 0, 0, 24, 0, 0, 0, 25, 26, 27, 0, 28, 0, 29, 30], [0, 0, 0, -24, 0, 0, 0, 0, 31, 32, 33, 34, 0, 35, 36, 37], [0, 0, 0, 0, 0, 0, 0, 0, 38, 39, 0, 40, 41, 42, 0, 43], [0, 0, 0, 0, 0, 0, 0, 44, 45, 46, 47, 0, 48, 49, 50, 51], [0, 0, 0, 0, 0, 0, -44, 0, 52, 0, 53, 54, 55, 56, 57, 58], [-1, -10, 0, -25, -31, -38, -45, -52, 0, 59, 60, 61, 62, 63, 64, 65], [-2, -11, -17, -26, -32, -39, -46, 0, -59, 0, 0, 66, 67, 68, 69, 0], [-3, -12, -18, -27, -33, 0, -47, -53, -60, 0, 0, 70, 71, 72, 73, 74], [-4, 0, -19, 0, -34, -40, 0, -54, -61, -66, -70, 0, 75, 0, 76, 77], [-5, -13, -20, -28, 0, -41, -48, -55, -62, -67, -71, -75, 0, 0, 78, 0], [-6, -14, -21, 0, -35, -42, -49, -56, -63, -68, -72, 0, 0, 0, 79, 0], [-7, -15, -22, -29, -36, 0, -50, -57, -64, -69, -73, -76, -78, -79, 0, 80], [0, -16, -23, -30, -37, -43, -51, -58, -65, 0, -74, -77, 0, 0, -80, 0]], [[0, 0, 0, 0, 0, 0, 0, 0, 1, 2, 0, 3, 4, 0, 5, 0], [0, 0, 0, 0, 0, 0, 0, 0, 6, 0, 7, 8, 9, 10, 0, 11], [0, 0, 0, 0, 0, 0, 0, 12, 13, 14, 15, 16, 0, 0, 0, 17], [0, 0, 0, 0, 0, 0, 0, 0, 18, 19, 20, 21, 0, 22, 0, 23], [0, 0, 0, 0, 0, 0, 0, 0, 24, 25, 26, 27, 28, 0, 0, 29], [0, 0, 0, 0, 0, 0, 0, 0, 30, 31, 0, 32, 0, 33, 0, 34], [0, 0, 0, 0, 0, 0, 0, 0, 35, 36, 37, 38, 39, 0, 40, 41], [0, 0, -12, 0, 0, 0, 0, 0, 42, 43, 0, 44, 0, 45, 46, 47], [-1, -6, -13, -18, -24, -30, -35, -42, 0, 48, 0, 0, 49, 50, 0, 51], [-2, 0, -14, -19, -25, -31, -36, -43, -48, 0, 52, 0, 53, 54, 55, 0], [0, -7, -15, -20, -26, 0, -37, 0, 0, -52, 0, 56, 57, 58, 59, 60], [-3, -8, -16, -21, -27, -32, -38, -44, 0, 0, -56, 0, 61, 62, 0, 63], [-4, -9, 0, 0, -28, 0, -39, 0, -49, -53, -57, -61, 0, 64, 65, 66], [0, -10, 0, -22, 0, -33, 0, -45, -50, -54, -58, -62, -64, 0, 0, 67], [-5, 0, 0, 0, 0, 0, -40, -46, 0, -55, -59, 0, -65, 0, 0, 68], [0, -11, -17, -23, -29, -34, -41, -47, -51, 0, -60, -63, -66, -67, -68, 0]], [[0, 0, 0, 0, 0, 0, 0, 0, 1, 0, 2, 3, 4, 5, 6, 7], [0, 0, 0, 0, 0, 0, 8, 0, 9, 10, 11, 12, 13, 0, 0, 14], [0, 0, 0, 0, 0, 0, 0, 0, 15, 16, 17, 18, 19, 20, 21, 0], [0, 0, 0, 0, 0, 0, 0, 0, 22, 23, 24, 25, 26, 27, 28, 29], [0, 0, 0, 0, 0, 0, 0, 0, 0, 0, 30, 31, 32, 33, 34, 35], [0, 0, 0, 0, 0, 0, 0, 0, 36, 37, 0, 38, 39, 40, 0, 41], [0, -8, 0, 0, 0, 0, 0, 0, 42, 43, 0, 44, 45, 46, 0, 47], [0, 0, 0, 0, 0, 0, 0, 0, 48, 49, 50, 51, 52, 53, 54, 0], [-1, -9, -15, -22, 0, -36, -42, -48, 0, 55, 56, 0, 57, 58, 0, 0], [0, -10, -16, -23, 0, -37, -43, -49, -55, 0, 59, 60, 61, 62, 63, 0], [-2, -11, -17, -24, -30, 0, 0, -50, -56, -59, 0, 64, 65, 0, 66, 67], [-3, -12, -18, -25, -31, -38, -44, -51, 0, -60, -64, 0, 68, 69, 0, 70], [-4, -13, -19, -26, -32, -39, -45, -52, -57, -61, -65, -68, 0, 71, 72, 73], [-5, 0, -20, -27, -33, -40, -46, -53, -58, -62, 0, -69, -71, 0, 74, 0], [-6, 0, -21, -28, -34, 0, 0, -54, 0, -63, -66, 0, -72, -74, 0, 75], [-7, -14, 0, -29, -35, -41, -47, 0, 0, 0, -67, -70, -73, 0, -75, 0]], [[0, 0, 0, 0, 0, 0, 0, 0, 1, 2, 0, 3, 4, 5, 6, 7], [0, 0, 0, 8, 0, 9, 0, 0, 10, 11, 12, 13, 0, 14, 15, 16], [0, 0, 0, 0, 0, 0, 0, 0, 17, 18, 19, 0, 20, 21, 22, 23], [0, -8, 0, 0, 0, 0, 0, 0, 24, 25, 26, 27, 0, 28, 29, 30], [0, 0, 0, 0, 0, 0, 0, 0, 31, 32, 33, 34, 35, 36, 37, 38], [0, -9, 0, 0, 0, 0, 0, 39, 40, 41, 0, 42, 43, 44, 45, 46], [0, 0, 0, 0, 0, 0, 0, 0, 47, 48, 49, 0, 0, 50, 0, 0], [0, 0, 0, 0, 0, -39, 0, 0, 51, 52, 53, 54, 0, 55, 56, 57], [-1, -10, -17, -24, -31, -40, -47, -51, 0, 58, 59, 60, 61, 62, 63, 64], [-2, -11, -18, -25, -32, -41, -48, -52, -58, 0, 0, 65, 66, 0, 67, 68], [0, -12, -19, -26, -33, 0, -49, -53, -59, 0, 0, 69, 70, 0, 71, 72], [-3, -13, 0, -27, -34, -42, 0, -54, -60, -65, -69, 0, 73, 74, 75, 76], [-4, 0, -20, 0, -35, -43, 0, 0, -61, -66, -70, -73, 0, 77, 78, 79], [-5, -14, -21, -28, -36, -44, -50, -55, -62, 0, 0, -74, -77, 0, 80, 81], [-6, -15, -22, -29, -37, -45, 0, -56, -63, -67, -71, -75, -78, -80, 0, 0], [-7, -16, -23, -30, -38, -46, 0, -57, -64, -68, -72, -76, -79, -81, 0, 0]], [[0, 0, 0, 0, 0, 1, 0, 0, 0, 2, 3, 4, 0, 5, 6, 7], [0, 0, 8, 0, 0, 0, 9, 0, 10, 11, 12, 13, 14, 15, 16, 17], [0, -8, 0, 0, 0, 0, 0, 0, 18, 0, 0, 0, 0, 19, 20, 21], [0, 0, 0, 0, 0, 0, 0, 0, 22, 23, 0, 24, 25, 26, 27, 28], [0, 0, 0, 0, 0, 0, 0, 0, 29, 30, 31, 32, 0, 33, 0, 0], [-1, 0, 0, 0, 0, 0, 0, 0, 34, 35, 36, 37, 38, 39, 40, 41], [0, -9, 0, 0, 0, 0, 0, 0, 42, 43, 44, 45, 46, 47, 48, 49], [0, 0, 0, 0, 0, 0, 0, 0, 50, 51, 52, 53, 54, 55, 56, 57], [0, -10, -18, -22, -29, -34, -42, -50, 0, 0, 58, 59, 0, 60, 61, 62], [-2, -11, 0, -23, -30, -35, -43, -51, 0, 0, 0, 63, 64, 65, 66, 0], [-3, -12, 0, 0, -31, -36, -44, -52, -58, 0, 0, 67, 68, 69, 0, 70], [-4, -13, 0, -24, -32, -37, -45, -53, -59, -63, -67, 0, 71, 72, 0, 73], [0, -14, 0, -25, 0, -38, -46, -54, 0, -64, -68, -71, 0, 74, 75, 76], [-5, -15, -19, -26, -33, -39, -47, -55, -60, -65, -69, -72, -74, 0, 77, 78], [-6, -16, -20, -27, 0, -40, -48, -56, -61, -66, 0, 0, -75, -77, 0, 79], [-7, -17, -21, -28, 0, -41, -49, -57, -62, 0, -70, -73, -76, -78, -79, 0]]]