[[[0, 0, 0, 0, 0, 0, 0, 0, 0, 0, 0, 0, 1, 0, 2, 0, 3, 0, 0, 0, 0, 0, 0, 0, 0, 0, 0, 0, 0, 0, 0, 0, 0, 0, 0, 4, 5, 6, 7, 8, 9, 10, 11, 12, 13, 14, 0, 15, 0, 16, 17, 18, 0, 0, 0, 19, 20, 21, 22, 0, 23, 24, 0, 25, 26, 0, 27, 28, 0, 29], [0, 0, 0, 0, 0, 0, 0, 0, 0, 0, 0, 30, 31, 0, 0, 0, 0, 0, 0, 0, 0, 0, 0, 0, 0, 0, 0, 0, 0, 32, 0, 0, 0, 33, 0, 34, 35, 36, 37, 38, 39, 40, 0, 41, 42, 43, 44, 45, 0, 46, 47, 48, 49, 50, 51, 52, 53, 54, 55, 56, 57, 58, 59, 0, 0, 60, 61, 62, 63, 0], [0, 0, 0, 0, 0, 0, 0, 0, 0, 0, 0, 0, 0, 0, 0, 0, 0, 0, 0, 0, 0, 0, 0, 0, 0, 0, 0, 0, 0, 0, 0, 0, 0, 0, 0, 64, 65, 66, 67, 68, 0, 69, 70, 0, 71, 72, 73, 74, 75, 76, 0, 77, 78, 79, 80, 81, 82, 83, 0, 84, 85, 86, 87, 88, 0, 89, 90, 91, 92, 93], [0, 0, 0, 0, 94, 0, 95, 0, 0, 0, 0, 0, 0, 0, 0, 0, 0, 0, 0, 0, 0, 96, 0, 0, 0, 0, 0, 0, 0, 0, 0, 0, 0, 0, 0, 97, 98, 99, 0, 100, 101, 102, 103, 104, 105, 106, 0, 107, 108, 109, 110, 111, 112, 113, 0, 114, 115, 116, 0, 117, 118, 119, 120, 121, 0, 122, 0, 123, 124, 0], [0, 0, 0, -94, 0, 0, 0, 0, 0, 0, 0, 0, 125, 0, 126, 127, 0, 128, 0, 0, 0, 0, 0, 0, 0, 0, 129, 0, 0, 0, 130, 0, 0, 0, 0, 131, 132, 133, 134, 135, 136, 137, 138, 139, 140, 141, 142, 0, 143, 144, 145, 146, 0, 147, 148, 149, 150, 151, 152, 153, 154, 155, 156, 157, 0, 0, 158, 0, 159, 160], [0, 0, 0, 0, 0, 0, 161, 0, 0, 162, 0, 0, 0, 0, 163, 0, 0, 0, 0, 0, 164, 165, 0, 0, 0, 0, 0, 0, 0, 0, 166, 0, 0, 0, 0, 167, 168, 169, 0, 0, 170, 171, 172, 0, 0, 173, 0, 0, 0, 174, 175, 176, 177, 178, 0, 179, 180, 181, 182, 0, 183, 184, 185, 0, 186, 187, 188, 189, 190, 191], [0, 0, 0, -95, 0, -161, 0, 0, 192, 0, 0, 0, 0, 0, 0, 0, 0, 0, 0, 0, 0, 0, 0, 0, 0, 0, 0, 0, 193, 0, 0, 0, 0, 0, 0, 194, 195, 0, 196, 197, 198, 199, 0, 200, 201, 0, 202, 203, 204, 205, 206, 207, 0, 0, 208, 0, 209, 210, 211, 212, 213, 0, 214, 215, 216, 217, 218, 219, 0, 220], [0, 0, 0, 0, 0, 0, 0, 0, 0, 0, 0, 0, 0, 0, 0, 0, 0, 0, 0, 0, 0, 0, 0, 0, 0, 221, 222, 0, 223, 224, 0, 0, 0, 0, 0, 225, 226, 0, 227, 0, 0, 0, 228, 0, 229, 230, 231, 232, 233, 234, 0, 235, 236, 237, 0, 238, 0, 239, 240, 241, 242, 0, 243, 244, 245, 246, 247, 248, 249, 0], [0, 0, 0, 0, 0, 0, -192, 0, 0, 0, 0, 0, 0, 0, 0, 0, 0, 0, 0, 0, 250, 0, 0, 0, 0, 0, 0, 0, 0, 0, 0, 0, 0, 0, 251, 252, 0, 253, 254, 255, 256, 257, 258, 259, 260, 261, 0, 262, 263, 264, 265, 266, 267, 268, 269, 270, 271, 0, 272, 0, 273, 274, 275, 276, 277, 278, 279, 280, 281, 282], [0, 0, 0, 0, 0, -162, 0, 0, 0, 0, 0, 0, 0, 0, 283, 0, 284, 285, 0, 0, 0, 0, 0, 0, 0, 286, 0, 0, 287, 0, 0, 288, 0, 0, 0, 289, 290, 0, 291, 292, 0, 293, 294, 0, 0, 295, 296, 297, 298, 0, 0, 299, 300, 0, 301, 302, 303, 304, 305, 306, 307, 308, 309, 310, 311, 312, 313, 314, 315, 316], [0, 0, 0, 0, 0, 0, 0, 0, 0, 0, 0, 0, 0, 0, 0, 0, 0, 0, 0, 0, 0, 0, 0, 0, 0, 0, 317, 0, 0, 318, 0, 0, 0, 0, 0, 319, 320, 321, 0, 0, 322, 0, 323, 324, 325, 326, 327, 328, 329, 330, 331, 0, 332, 333, 334, 335, 0, 336, 337, 338, 339, 340, 341, 342, 0, 343, 344, 345, 346, 347], [0, -30, 0, 0, 0, 0, 0, 0, 0, 0, 0, 0, 0, 0, 0, 0, 0, 0, 348, 349, 0, 0, 0, 350, 0, 351, 0, 0, 0, 0, 0, 352, 0, 0, 353, 354, 0, 355, 0, 356, 357, 358, 359, 360, 0, 361, 0, 362, 363, 0, 364, 0, 365, 366, 367, 368, 369, 370, 371, 372, 373, 374, 375, 376, 377, 378, 0, 379, 380, 381], [-1, -31, 0, 0, -125, 0, 0, 0, 0, 0, 0, 0, 0, 382, 0, 0, 0, 0, 0, 0, 0, 0, 0, 0, 0, 383, 0, 0, 0, 0, 384, 385, 0, 0, 0, 386, 387, 388, 389, 390, 0, 391, 392, 0, 393, 394, 395, 396, 397, 0, 398, 399, 400, 401, 402, 403, 404, 405, 0, 0, 0, 0, 406, 407, 408, 409, 410, 411, 412, 413], [0, 0, 0, 0, 0, 0, 0, 0, 0, 0, 0, 0, -382, 0, 0, 0, 0, 0, 0, 0, 0, 0, 0, 0, 0, 0, 0, 0, 0, 0, 0, 0, 0, 0, 414, 415, 0, 0, 416, 0, 417, 0, 418, 419, 420, 421, 422, 423, 424, 0, 425, 426, 427, 428, 429, 430, 431, 432, 433, 434, 435, 436, 437, 438, 439, 440, 0, 441, 442, 443], [-2, 0, 0, 0, -126, -163, 0, 0, 0, -283, 0, 0, 0, 0, 0, 0, 0, 0, 444, 445, 0, 0, 0, 446, 0, 0, 0, 0, 0, 0, 0, 0, 0, 0, 0, 447, 448, 449, 450, 451, 452, 453, 454, 455, 456, 0, 0, 457, 0, 0, 0, 458, 459, 460, 461, 462, 0, 0, 463, 464, 465, 466, 467, 468, 469, 0, 470, 471, 0, 472], [0, 0, 0, 0, -127, 0, 0, 0, 0, 0, 0, 0, 0, 0, 0, 0, 0, 0, 473, 0, 0, 0, 0, 0, 0, 0, 0, 0, 0, 0, 474, 0, 0, 0, 0, 475, 476, 477, 478, 0, 479, 0, 0, 480, 481, 482, 483, 484, 485, 486, 487, 0, 488, 0, 0, 489, 0, 490, 491, 492, 493, 494, 495, 0, 496, 497, 498, 499, 500, 0], [-3, 0, 0, 0, 0, 0, 0, 0, 0, -284, 0, 0, 0, 0, 0, 0, 0, 0, 0, 0, 0, 0, 0, 0, 0, 0, 0, 0, 501, 0, 0, 0, 0, 0, 0, 502, 503, 0, 504, 505, 506, 507, 508, 509, 510, 511, 0, 512, 513, 0, 514, 515, 516, 517, 518, 519, 520, 521, 522, 523, 524, 525, 526, 527, 528, 529, 530, 531, 532, 533], [0, 0, 0, 0, -128, 0, 0, 0, 0, -285, 0, 0, 0, 0, 0, 0, 0, 0, 0, 0, 0, 0, 0, 0, 0, 0, 0, 0, 0, 0, 0, 0, 0, 0, 0, 0, 534, 535, 0, 536, 0, 537, 538, 539, 540, 541, 542, 543, 544, 0, 545, 546, 0, 547, 0, 548, 549, 550, 0, 551, 552, 553, 0, 554, 555, 556, 557, 558, 0, 0], [0, 0, 0, 0, 0, 0, 0, 0, 0, 0, 0, -348, 0, 0, -444, -473, 0, 0, 0, 0, 0, 0, 0, 0, 0, 0, 0, 0, 0, 0, 0, 0, 0, 0, 559, 560, 0, 561, 562, 563, 564, 565, 566, 567, 568, 0, 0, 569, 570, 571, 572, 573, 0, 0, 0, 574, 575, 576, 577, 578, 579, 580, 581, 582, 583, 584, 585, 586, 587, 588], [0, 0, 0, 0, 0, 0, 0, 0, 0, 0, 0, -349, 0, 0, -445, 0, 0, 0, 0, 0, 0, 0, 0, 0, 0, 0, 0, 0, 0, 0, 0, 0, 589, 0, 0, 590, 0, 591, 592, 593, 0, 0, 594, 595, 0, 596, 0, 597, 598, 599, 600, 601, 0, 0, 602, 0, 603, 604, 605, 606, 607, 608, 609, 610, 611, 0, 612, 613, 614, 615], [0, 0, 0, 0, 0, -164, 0, 0, -250, 0, 0, 0, 0, 0, 0, 0, 0, 0, 0, 0, 0, 0, 0, 0, 0, 0, 0, 0, 616, 0, 0, 0, 0, 0, 0, 617, 618, 619, 620, 621, 622, 623, 624, 625, 626, 0, 0, 0, 627, 0, 628, 629, 0, 0, 630, 631, 632, 633, 634, 635, 636, 637, 638, 639, 0, 640, 641, 0, 0, 0], [0, 0, 0, -96, 0, -165, 0, 0, 0, 0, 0, 0, 0, 0, 0, 0, 0, 0, 0, 0, 0, 0, 0, 0, 0, 642, 0, 0, 0, 0, 0, 643, 0, 644, 0, 645, 646, 647, 648, 649, 0, 650, 651, 652, 653, 654, 655, 656, 657, 658, 0, 659, 660, 661, 662, 663, 664, 665, 0, 0, 666, 667, 0, 0, 668, 669, 670, 671, 672, 0], [0, 0, 0, 0, 0, 0, 0, 0, 0, 0, 0, 0, 0, 0, 0, 0, 0, 0, 0, 0, 0, 0, 0, 0, 0, 0, 0, 0, 0, 0, 0, 0, 0, 0, 0, 673, 0, 674, 0, 675, 676, 677, 678, 679, 680, 681, 682, 683, 684, 685, 686, 687, 0, 688, 689, 690, 0, 691, 0, 692, 693, 694, 695, 696, 697, 698, 699, 700, 701, 702], [0, 0, 0, 0, 0, 0, 0, 0, 0, 0, 0, -350, 0, 0, -446, 0, 0, 0, 0, 0, 0, 0, 0, 0, 0, 0, 0, 0, 0, 0, 0, 0, 0, 0, 0, 703, 704, 705, 706, 707, 708, 0, 709, 710, 711, 712, 713, 714, 715, 716, 717, 718, 0, 719, 0, 720, 721, 0, 722, 723, 724, 725, 0, 726, 727, 728, 729, 730, 0, 0], [0, 0, 0, 0, 0, 0, 0, 0, 0, 0, 0, 0, 0, 0, 0, 0, 0, 0, 0, 0, 0, 0, 0, 0, 0, 0, 0, 0, 0, 0, 0, 0, 0, 0, 0, 731, 732, 733, 734, 0, 735, 736, 0, 737, 738, 739, 740, 741, 0, 742, 743, 744, 745, 746, 747, 748, 0, 749, 750, 751, 752, 753, 754, 755, 0, 756, 757, 758, 759, 760], [0, 0, 0, 0, 0, 0, 0, -221, 0, -286, 0, -351, -383, 0, 0, 0, 0, 0, 0, 0, 0, -642, 0, 0, 0, 0, 0, 0, 0, 0, 0, 0, 0, 0, 0, 761, 762, 0, 763, 764, 765, 0, 766, 767, 768, 769, 770, 771, 772, 773, 774, 775, 776, 0, 777, 778, 0, 0, 779, 780, 781, 782, 783, 784, 0, 785, 786, 787, 0, 788], [0, 0, 0, 0, -129, 0, 0, -222, 0, 0, -317, 0, 0, 0, 0, 0, 0, 0, 0, 0, 0, 0, 0, 0, 0, 0, 0, 0, 0, 789, 790, 791, 0, 0, 0, 792, 793, 794, 0, 795, 796, 0, 0, 0, 797, 798, 799, 0, 800, 0, 801, 802, 803, 0, 804, 0, 805, 806, 807, 808, 809, 810, 811, 812, 813, 814, 815, 816, 0, 817], [0, 0, 0, 0, 0, 0, 0, 0, 0, 0, 0, 0, 0, 0, 0, 0, 0, 0, 0, 0, 0, 0, 0, 0, 0, 0, 0, 0, 0, 0, 818, 819, 0, 0, 0, 820, 821, 822, 823, 824, 0, 825, 0, 826, 827, 828, 0, 829, 0, 830, 831, 832, 833, 834, 835, 0, 836, 0, 837, 838, 0, 839, 840, 841, 842, 843, 844, 845, 846, 847], [0, 0, 0, 0, 0, 0, -193, -223, 0, -287, 0, 0, 0, 0, 0, 0, -501, 0, 0, 0, -616, 0, 0, 0, 0, 0, 0, 0, 0, 0, 0, 0, 0, 0, 0, 848, 0, 0, 849, 850, 851, 852, 853, 0, 854, 855, 856, 0, 857, 858, 859, 860, 861, 862, 0, 863, 864, 865, 866, 0, 867, 868, 0, 869, 870, 871, 0, 872, 873, 0], [0, -32, 0, 0, 0, 0, 0, -224, 0, 0, -318, 0, 0, 0, 0, 0, 0, 0, 0, 0, 0, 0, 0, 0, 0, 0, -789, 0, 0, 0, 0, 0, 874, 0, 0, 875, 876, 877, 878, 879, 880, 881, 882, 883, 884, 885, 0, 886, 887, 888, 889, 890, 891, 0, 892, 893, 0, 894, 895, 896, 897, 898, 899, 0, 900, 901, 902, 0, 903, 904], [0, 0, 0, 0, -130, -166, 0, 0, 0, 0, 0, 0, -384, 0, 0, -474, 0, 0, 0, 0, 0, 0, 0, 0, 0, 0, -790, -818, 0, 0, 0, 0, 0, 0, 0, 905, 0, 0, 906, 907, 908, 0, 909, 0, 910, 911, 912, 913, 0, 0, 0, 914, 915, 916, 917, 918, 919, 0, 0, 920, 921, 922, 923, 0, 924, 925, 926, 927, 928, 0], [0, 0, 0, 0, 0, 0, 0, 0, 0, -288, 0, -352, -385, 0, 0, 0, 0, 0, 0, 0, 0, -643, 0, 0, 0, 0, -791, -819, 0, 0, 0, 0, 0, 0, 0, 929, 930, 931, 932, 0, 0, 933, 934, 935, 936, 937, 0, 0, 0, 0, 938, 0, 0, 939, 940, 941, 942, 943, 944, 945, 0, 946, 947, 948, 0, 949, 950, 951, 952, 953], [0, 0, 0, 0, 0, 0, 0, 0, 0, 0, 0, 0, 0, 0, 0, 0, 0, 0, 0, -589, 0, 0, 0, 0, 0, 0, 0, 0, 0, -874, 0, 0, 0, 0, 0, 954, 0, 955, 956, 957, 0, 958, 959, 960, 961, 0, 962, 963, 0, 964, 965, 966, 967, 968, 969, 970, 0, 971, 972, 973, 974, 975, 976, 977, 0, 978, 979, 980, 981, 982], [0, -33, 0, 0, 0, 0, 0, 0, 0, 0, 0, 0, 0, 0, 0, 0, 0, 0, 0, 0, 0, -644, 0, 0, 0, 0, 0, 0, 0, 0, 0, 0, 0, 0, 0, 983, 984, 985, 986, 987, 988, 989, 990, 991, 992, 993, 994, 995, 996, 997, 998, 999, 1000, 1001, 0, 1002, 1003, 1004, 1005, 0, 0, 0, 1006, 1007, 1008, 1009, 1010, 0, 0, 1011], [0, 0, 0, 0, 0, 0, 0, 0, -251, 0, 0, -353, 0, -414, 0, 0, 0, 0, -559, 0, 0, 0, 0, 0, 0, 0, 0, 0, 0, 0, 0, 0, 0, 0, 0, 1012, 1013, 0, 0, 0, 1014, 1015, 1016, 1017, 1018, 0, 1019, 1020, 1021, 1022, 0, 1023, 1024, 1025, 1026, 1027, 1028, 0, 1029, 1030, 0, 0, 1031, 1032, 1033, 1034, 1035, 1036, 0, 1037], [-4, -34, -64, -97, -131, -167, -194, -225, -252, -289, -319, -354, -386, -415, -447, -475, -502, 0, -560, -590, -617, -645, -673, -703, -731, -761, -792, -820, -848, -875, -905, -929, -954, -983, -1012, 0, 1038, 1039, 1040, 1041, 0, 1042, 1043, 1044, 1045, 1046, 1047, 0, 1048, 1049, 1050, 1051, 1052, 1053, 0, 1054, 1055, 1056, 1057, 1058, 1059, 1060, 1061, 1062, 1063, 1064, 1065, 1066, 1067, 1068], [-5, -35, -65, -98, -132, -168, -195, -226, 0, -290, -320, 0, -387, 0, -448, -476, -503, -534, 0, 0, -618, -646, 0, -704, -732, -762, -793, -821, 0, -876, 0, -930, 0, -984, -1013, -1038, 0, 1069, 1070, 1071, 1072, 1073, 0, 1074, 1075, 1076, 1077, 1078, 1079, 1080, 1081, 1082, 1083, 1084, 1085, 1086, 0, 1087, 1088, 0, 1089, 0, 1090, 1091, 0, 1092, 1093, 1094, 1095, 1096], [-6, -36, -66, -99, -133, -169, 0, 0, -253, 0, -321, -355, -388, 0, -449, -477, 0, -535, -561, -591, -619, -647, -674, -705, -733, 0, -794, -822, 0, -877, 0, -931, -955, -985, 0, -1039, -1069, 0, 0, 1097, 1098, 1099, 1100, 1101, 1102, 1103, 1104, 1105, 0, 1106, 1107, 0, 1108, 1109, 1110, 0, 0, 0, 1111, 1112, 1113, 1114, 1115, 1116, 0, 1117, 0, 1118, 0, 1119], [-7, -37, -67, 0, -134, 0, -196, -227, -254, -291, 0, 0, -389, -416, -450, -478, -504, 0, -562, -592, -620, -648, 0, -706, -734, -763, 0, -823, -849, -878, -906, -932, -956, -986, 0, -1040, -1070, 0, 0, 1120, 1121, 1122, 0, 1123, 1124, 0, 1125, 1126, 1127, 1128, 1129, 0, 1130, 1131, 1132, 0, 1133, 1134, 1135, 1136, 0, 1137, 0, 0, 1138, 1139, 1140, 0, 1141, 1142], [-8, -38, -68, -100, -135, 0, -197, 0, -255, -292, 0, -356, -390, 0, -451, 0, -505, -536, -563, -593, -621, -649, -675, -707, 0, -764, -795, -824, -850, -879, -907, 0, -957, -987, 0, -1041, -1071, -1097, -1120, 0, 1143, 1144, 1145, 0, 0, 1146, 0, 1147, 0, 1148, 1149, 1150, 0, 1151, 1152, 1153, 0, 1154, 1155, 1156, 1157, 1158, 0, 1159, 1160, 1161, 1162, 1163, 0, 0], [-9, -39, 0, -101, -136, -170, -198, 0, -256, 0, -322, -357, 0, -417, -452, -479, -506, 0, -564, 0, -622, 0, -676, -708, -735, -765, -796, 0, -851, -880, -908, 0, 0, -988, -1014, 0, -1072, -1098, -1121, -1143, 0, 1164, 1165, 1166, 1167, 1168, 0, 1169, 1170, 1171, 1172, 1173, 1174, 1175, 0, 0, 1176, 1177, 1178, 1179, 1180, 1181, 1182, 1183, 1184, 1185, 1186, 1187, 1188, 1189], [-10, -40, -69, -102, -137, -171, -199, 0, -257, -293, 0, -358, -391, 0, -453, 0, -507, -537, -565, 0, -623, -650, -677, 0, -736, 0, 0, -825, -852, -881, 0, -933, -958, -989, -1015, -1042, -1073, -1099, -1122, -1144, -1164, 0, 1190, 1191, 0, 1192, 1193, 1194, 1195, 1196, 1197, 1198, 0, 1199, 1200, 1201, 1202, 1203, 1204, 1205, 0, 1206, 0, 1207, 1208, 1209, 1210, 0, 1211, 1212], [-11, 0, -70, -103, -138, -172, 0, -228, -258, -294, -323, -359, -392, -418, -454, 0, -508, -538, -566, -594, -624, -651, -678, -709, 0, -766, 0, 0, -853, -882, -909, -934, -959, -990, -1016, -1043, 0, -1100, 0, -1145, -1165, -1190, 0, 1213, 1214, 0, 1215, 0, 1216, 1217, 1218, 0, 1219, 1220, 1221, 1222, 1223, 1224, 0, 1225, 1226, 0, 1227, 1228, 1229, 1230, 1231, 1232, 1233, 1234], [-12, -41, 0, -104, -139, 0, -200, 0, -259, 0, -324, -360, 0, -419, -455, -480, -509, -539, -567, -595, -625, -652, -679, -710, -737, -767, 0, -826, 0, -883, 0, -935, -960, -991, -1017, -1044, -1074, -1101, -1123, 0, -1166, -1191, -1213, 0, 1235, 1236, 1237, 1238, 0, 1239, 1240, 0, 1241, 1242, 0, 1243, 1244, 0, 1245, 1246, 0, 1247, 1248, 1249, 1250, 1251, 1252, 1253, 0, 1254], [-13, -42, -71, -105, -140, 0, -201, -229, -260, 0, -325, 0, -393, -420, -456, -481, -510, -540, -568, 0, -626, -653, -680, -711, -738, -768, -797, -827, -854, -884, -910, -936, -961, -992, -1018, -1045, -1075, -1102, -1124, 0, -1167, 0, -1214, -1235, 0, 1255, 1256, 1257, 1258, 1259, 1260, 1261, 1262, 1263, 1264, 1265, 1266, 1267, 1268, 1269, 1270, 1271, 1272, 1273, 1274, 1275, 1276, 1277, 1278, 1279], [-14, -43, -72, -106, -141, -173, 0, -230, -261, -295, -326, -361, -394, -421, 0, -482, -511, -541, 0, -596, 0, -654, -681, -712, -739, -769, -798, -828, -855, -885, -911, -937, 0, -993, 0, -1046, -1076, -1103, 0, -1146, -1168, -1192, 0, -1236, -1255, 0, 1280, 0, 0, 1281, 1282, 1283, 1284, 1285, 1286, 1287, 0, 1288, 1289, 1290, 1291, 1292, 0, 1293, 1294, 0, 1295, 1296, 1297, 1298], [0, -44, -73, 0, -142, 0, -202, -231, 0, -296, -327, 0, -395, -422, 0, -483, 0, -542, 0, 0, 0, -655, -682, -713, -740, -770, -799, 0, -856, 0, -912, 0, -962, -994, -1019, -1047, -1077, -1104, -1125, 0, 0, -1193, -1215, -1237, -1256, -1280, 0, 1299, 1300, 1301, 1302, 1303, 1304, 0, 1305, 1306, 1307, 1308, 1309, 1310, 0, 1311, 1312, 1313, 1314, 1315, 1316, 1317, 1318, 1319], [-15, -45, -74, -107, 0, 0, -203, -232, -262, -297, -328, -362, -396, -423, -457, -484, -512, -543, -569, -597, 0, -656, -683, -714, -741, -771, 0, -829, 0, -886, -913, 0, -963, -995, -1020, 0, -1078, -1105, -1126, -1147, -1169, -1194, 0, -1238, -1257, 0, -1299, 0, 1320, 1321, 1322, 1323, 0, 1324, 1325, 1326, 0, 1327, 0, 1328, 0, 1329, 1330, 0, 1331, 0, 1332, 0, 1333, 1334], [0, 0, -75, -108, -143, 0, -204, -233, -263, -298, -329, -363, -397, -424, 0, -485, -513, -544, -570, -598, -627, -657, -684, -715, 0, -772, -800, 0, -857, -887, 0, 0, 0, -996, -1021, -1048, -1079, 0, -1127, 0, -1170, -1195, -1216, 0, -1258, 0, -1300, -1320, 0, 0, 0, 1335, 1336, 1337, 1338, 1339, 1340, 1341, 1342, 1343, 0, 1344, 1345, 1346, 0, 1347, 1348, 1349, 1350, 1351], [-16, -46, -76, -109, -144, -174, -205, -234, -264, 0, -330, 0, 0, 0, 0, -486, 0, 0, -571, -599, 0, -658, -685, -716, -742, -773, 0, -830, -858, -888, 0, 0, -964, -997, -1022, -1049, -1080, -1106, -1128, -1148, -1171, -1196, -1217, -1239, -1259, -1281, -1301, -1321, 0, 0, 1352, 1353, 1354, 1355, 0, 1356, 1357, 0, 1358, 1359, 1360, 1361, 1362, 1363, 1364, 0, 0, 1365, 0, 1366], [-17, -47, 0, -110, -145, -175, -206, 0, -265, 0, -331, -364, -398, -425, 0, -487, -514, -545, -572, -600, -628, 0, -686, -717, -743, -774, -801, -831, -859, -889, 0, -938, -965, -998, 0, -1050, -1081, -1107, -1129, -1149, -1172, -1197, -1218, -1240, -1260, -1282, -1302, -1322, 0, -1352, 0, 1367, 1368, 1369, 1370, 0, 1371, 1372, 0, 1373, 1374, 1375, 1376, 1377, 1378, 1379, 1380, 1381, 1382, 0], [-18, -48, -77, -111, -146, -176, -207, -235, -266, -299, 0, 0, -399, -426, -458, 0, -515, -546, -573, -601, -629, -659, -687, -718, -744, -775, -802, -832, -860, -890, -914, 0, -966, -999, -1023, -1051, -1082, 0, 0, -1150, -1173, -1198, 0, 0, -1261, -1283, -1303, -1323, -1335, -1353, -1367, 0, 1383, 1384, 1385, 1386, 1387, 1388, 1389, 0, 1390, 1391, 0, 1392, 0, 1393, 1394, 1395, 0, 1396], [0, -49, -78, -112, 0, -177, 0, -236, -267, -300, -332, -365, -400, -427, -459, -488, -516, 0, 0, 0, 0, -660, 0, 0, -745, -776, -803, -833, -861, -891, -915, 0, -967, -1000, -1024, -1052, -1083, -1108, -1130, 0, -1174, 0, -1219, -1241, -1262, -1284, -1304, 0, -1336, -1354, -1368, -1383, 0, 1397, 1398, 1399, 0, 0, 1400, 1401, 1402, 0, 0, 1403, 1404, 1405, 1406, 1407, 1408, 0], [0, -50, -79, -113, -147, -178, 0, -237, -268, 0, -333, -366, -401, -428, -460, 0, -517, -547, 0, 0, 0, -661, -688, -719, -746, 0, 0, -834, -862, 0, -916, -939, -968, -1001, -1025, -1053, -1084, -1109, -1131, -1151, -1175, -1199, -1220, -1242, -1263, -1285, 0, -1324, -1337, -1355, -1369, -1384, -1397, 0, 1409, 1410, 1411, 1412, 0, 1413, 1414, 1415, 1416, 0, 1417, 0, 0, 1418, 1419, 0], [0, -51, -80, 0, -148, 0, -208, 0, -269, -301, -334, -367, -402, -429, -461, 0, -518, 0, 0, -602, -630, -662, -689, 0, -747, -777, -804, -835, 0, -892, -917, -940, -969, 0, -1026, 0, -1085, -1110, -1132, -1152, 0, -1200, -1221, 0, -1264, -1286, -1305, -1325, -1338, 0, -1370, -1385, -1398, -1409, 0, 1420, 1421, 0, 1422, 1423, 0, 1424, 0, 0, 1425, 1426, 0, 1427, 1428, 1429], [-19, -52, -81, -114, -149, -179, 0, -238, -270, -302, -335, -368, -403, -430, -462, -489, -519, -548, -574, 0, -631, -663, -690, -720, -748, -778, 0, 0, -863, -893, -918, -941, -970, -1002, -1027, -1054, -1086, 0, 0, -1153, 0, -1201, -1222, -1243, -1265, -1287, -1306, -1326, -1339, -1356, 0, -1386, -1399, -1410, -1420, 0, 1430, 0, 1431, 1432, 0, 0, 1433, 1434, 0, 0, 1435, 1436, 1437, 1438], [-20, -53, -82, -115, -150, -180, -209, 0, -271, -303, 0, -369, -404, -431, 0, 0, -520, -549, -575, -603, -632, -664, 0, -721, 0, 0, -805, -836, -864, 0, -919, -942, 0, -1003, -1028, -1055, 0, 0, -1133, 0, -1176, -1202, -1223, -1244, -1266, 0, -1307, 0, -1340, -1357, -1371, -1387, 0, -1411, -1421, -1430, 0, 1439, 1440, 1441, 1442, 1443, 0, 1444, 1445, 0, 1446, 1447, 1448, 1449], [-21, -54, -83, -116, -151, -181, -210, -239, 0, -304, -336, -370, -405, -432, 0, -490, -521, -550, -576, -604, -633, -665, -691, 0, -749, 0, -806, 0, -865, -894, 0, -943, -971, -1004, 0, -1056, -1087, 0, -1134, -1154, -1177, -1203, -1224, 0, -1267, -1288, -1308, -1327, -1341, 0, -1372, -1388, 0, -1412, 0, 0, -1439, 0, 1450, 1451, 1452, 1453, 1454, 0, 1455, 0, 1456, 0, 1457, 1458], [-22, -55, 0, 0, -152, -182, -211, -240, -272, -305, -337, -371, 0, -433, -463, -491, -522, 0, -577, -605, -634, 0, 0, -722, -750, -779, -807, -837, -866, -895, 0, -944, -972, -1005, -1029, -1057, -1088, -1111, -1135, -1155, -1178, -1204, 0, -1245, -1268, -1289, -1309, 0, -1342, -1358, 0, -1389, -1400, 0, -1422, -1431, -1440, -1450, 0, 1459, 1460, 1461, 1462, 0, 1463, 0, 1464, 1465, 1466, 1467], [0, -56, -84, -117, -153, 0, -212, -241, 0, -306, -338, -372, 0, -434, -464, -492, -523, -551, -578, -606, -635, 0, -692, -723, -751, -780, -808, -838, 0, -896, -920, -945, -973, 0, -1030, -1058, 0, -1112, -1136, -1156, -1179, -1205, -1225, -1246, -1269, -1290, -1310, -1328, -1343, -1359, -1373, 0, -1401, -1413, -1423, -1432, -1441, -1451, -1459, 0, 1468, 1469, 1470, 1471, 1472, 1473, 0, 1474, 1475, 1476], [-23, -57, -85, -118, -154, -183, -213, -242, -273, -307, -339, -373, 0, -435, -465, -493, -524, -552, -579, -607, -636, -666, -693, -724, -752, -781, -809, 0, -867, -897, -921, 0, -974, 0, 0, -1059, -1089, -1113, 0, -1157, -1180, 0, -1226, 0, -1270, -1291, 0, 0, 0, -1360, -1374, -1390, -1402, -1414, 0, 0, -1442, -1452, -1460, -1468, 0, 0, 1477, 1478, 0, 0, 0, 0, 1479, 0], [-24, -58, -86, -119, -155, -184, 0, 0, -274, -308, -340, -374, 0, -436, -466, -494, -525, -553, -580, -608, -637, -667, -694, -725, -753, -782, -810, -839, -868, -898, -922, -946, -975, 0, 0, -1060, 0, -1114, -1137, -1158, -1181, -1206, 0, -1247, -1271, -1292, -1311, -1329, -1344, -1361, -1375, -1391, 0, -1415, -1424, 0, -1443, -1453, -1461, -1469, 0, 0, 1480, 1481, 1482, 1483, 0, 1484, 1485, 1486], [0, -59, -87, -120, -156, -185, -214, -243, -275, -309, -341, -375, -406, -437, -467, -495, -526, 0, -581, -609, -638, 0, -695, 0, -754, -783, -811, -840, 0, -899, -923, -947, -976, -1006, -1031, -1061, -1090, -1115, 0, 0, -1182, 0, -1227, -1248, -1272, 0, -1312, -1330, -1345, -1362, -1376, 0, 0, -1416, 0, -1433, 0, -1454, -1462, -1470, -1477, -1480, 0, 0, 1487, 0, 1488, 1489, 1490, 1491], [-25, 0, -88, -121, -157, 0, -215, -244, -276, -310, -342, -376, -407, -438, -468, 0, -527, -554, -582, -610, -639, 0, -696, -726, -755, -784, -812, -841, -869, 0, 0, -948, -977, -1007, -1032, -1062, -1091, -1116, 0, -1159, -1183, -1207, -1228, -1249, -1273, -1293, -1313, 0, -1346, -1363, -1377, -1392, -1403, 0, 0, -1434, -1444, 0, 0, -1471, -1478, -1481, 0, 0, 1492, 1493, 1494, 1495, 0, 0], [-26, 0, 0, 0, 0, -186, -216, -245, -277, -311, 0, -377, -408, -439, -469, -496, -528, -555, -583, -611, 0, -668, -697, -727, 0, 0, -813, -842, -870, -900, -924, 0, 0, -1008, -1033, -1063, 0, 0, -1138, -1160, -1184, -1208, -1229, -1250, -1274, -1294, -1314, -1331, 0, -1364, -1378, 0, -1404, -1417, -1425, 0, -1445, -1455, -1463, -1472, 0, -1482, -1487, -1492, 0, 1496, 1497, 0, 1498, 1499], [0, -60, -89, -122, 0, -187, -217, -246, -278, -312, -343, -378, -409, -440, 0, -497, -529, -556, -584, 0, -640, -669, -698, -728, -756, -785, -814, -843, -871, -901, -925, -949, -978, -1009, -1034, -1064, -1092, -1117, -1139, -1161, -1185, -1209, -1230, -1251, -1275, 0, -1315, 0, -1347, 0, -1379, -1393, -1405, 0, -1426, 0, 0, 0, 0, -1473, 0, -1483, 0, -1493, -1496, 0, 0, 1500, 1501, 1502], [-27, -61, -90, 0, -158, -188, -218, -247, -279, -313, -344, 0, -410, 0, -470, -498, -530, -557, -585, -612, -641, -670, -699, -729, -757, -786, -815, -844, 0, -902, -926, -950, -979, -1010, -1035, -1065, -1093, 0, -1140, -1162, -1186, -1210, -1231, -1252, -1276, -1295, -1316, -1332, -1348, 0, -1380, -1394, -1406, 0, 0, -1435, -1446, -1456, -1464, 0, 0, 0, -1488, -1494, -1497, 0, 0, 1503, 1504, 1505], [-28, -62, -91, -123, 0, -189, -219, -248, -280, -314, -345, -379, -411, -441, -471, -499, -531, -558, -586, -613, 0, -671, -700, -730, -758, -787, -816, -845, -872, 0, -927, -951, -980, 0, -1036, -1066, -1094, -1118, 0, -1163, -1187, 0, -1232, -1253, -1277, -1296, -1317, 0, -1349, -1365, -1381, -1395, -1407, -1418, -1427, -1436, -1447, 0, -1465, -1474, 0, -1484, -1489, -1495, 0, -1500, -1503, 0, 1506, 1507], [0, -63, -92, -124, -159, -190, 0, -249, -281, -315, -346, -380, -412, -442, 0, -500, -532, 0, -587, -614, 0, -672, -701, 0, -759, 0, 0, -846, -873, -903, -928, -952, -981, 0, 0, -1067, -1095, 0, -1141, 0, -1188, -1211, -1233, 0, -1278, -1297, -1318, -1333, -1350, 0, -1382, 0, -1408, -1419, -1428, -1437, -1448, -1457, -1466, -1475, -1479, -1485, -1490, 0, -1498, -1501, -1504, -1506, 0, 1508], [-29, 0, -93, 0, -160, -191, -220, 0, -282, -316, -347, -381, -413, -443, -472, 0, -533, 0, -588, -615, 0, 0, -702, 0, -760, -788, -817, -847, 0, -904, 0, -953, -982, -1011, -1037, -1068, -1096, -1119, -1142, 0, -1189, -1212, -1234, -1254, -1279, -1298, -1319, -1334, -1351, -1366, 0, -1396, 0, 0, -1429, -1438, -1449, -1458, -1467, -1476, 0, -1486, -1491, 0, -1499, -1502, -1505, -1507, -1508, 0]], [[0, 0, 0, 0, 0, 0, 0, 0, 0, 0, 0, 0, 0, 0, 0, 0, 0, 0, 0, 0, 0, 0, 0, 0, 1, 2, 0, 3, 0, 0, 0, 0, 4, 0, 0, 0, 5, 0, 6, 7, 8, 0, 9, 10, 11, 12, 0, 13, 14, 15, 16, 17, 18, 19, 20, 0, 21, 0, 22, 23, 24, 25, 26, 0, 27, 0, 0, 28, 0, 29], [0, 0, 0, 30, 0, 0, 0, 31, 0, 0, 0, 0, 0, 0, 0, 0, 0, 0, 0, 0, 0, 0, 0, 0, 0, 0, 0, 0, 0, 0, 32, 33, 0, 0, 0, 0, 34, 35, 36, 37, 38, 39, 40, 41, 0, 42, 43, 0, 44, 45, 46, 0, 47, 48, 49, 50, 51, 52, 53, 54, 0, 55, 56, 57, 58, 59, 60, 61, 62, 63], [0, 0, 0, 0, 0, 64, 0, 0, 0, 0, 0, 0, 0, 0, 0, 0, 0, 0, 0, 0, 0, 0, 0, 0, 0, 0, 0, 0, 0, 65, 0, 0, 0, 0, 0, 66, 67, 0, 0, 68, 69, 70, 71, 72, 73, 74, 75, 0, 76, 77, 0, 78, 0, 79, 80, 81, 82, 83, 84, 85, 86, 0, 87, 88, 89, 0, 0, 90, 91, 0], [0, -30, 0, 0, 0, 0, 0, 0, 92, 0, 0, 0, 93, 0, 0, 0, 0, 0, 94, 0, 0, 0, 0, 0, 0, 0, 0, 0, 0, 0, 0, 0, 95, 96, 0, 97, 98, 99, 0, 100, 101, 0, 102, 103, 104, 105, 106, 0, 0, 107, 0, 108, 109, 110, 111, 112, 113, 0, 0, 114, 115, 116, 117, 118, 119, 120, 121, 122, 123, 124], [0, 0, 0, 0, 0, 0, 0, 125, 0, 0, 0, 0, 0, 0, 0, 0, 0, 0, 0, 0, 0, 0, 0, 0, 0, 0, 0, 0, 0, 0, 0, 0, 0, 0, 0, 126, 127, 128, 0, 129, 130, 0, 131, 132, 133, 134, 135, 0, 136, 137, 138, 139, 140, 141, 142, 143, 144, 145, 146, 147, 148, 149, 150, 151, 152, 153, 0, 154, 0, 155], [0, 0, -64, 0, 0, 0, 156, 0, 157, 0, 0, 0, 0, 0, 0, 0, 158, 0, 0, 0, 0, 0, 0, 0, 0, 0, 0, 0, 0, 0, 0, 159, 0, 0, 0, 160, 161, 162, 163, 164, 165, 166, 167, 168, 169, 170, 171, 172, 173, 174, 175, 0, 176, 177, 178, 179, 180, 181, 182, 183, 0, 184, 0, 185, 186, 187, 188, 189, 190, 191], [0, 0, 0, 0, 0, -156, 0, 0, 0, 0, 0, 0, 0, 0, 0, 0, 0, 0, 0, 0, 0, 0, 0, 0, 0, 0, 0, 0, 0, 192, 0, 0, 0, 0, 0, 193, 194, 195, 196, 197, 198, 199, 200, 201, 0, 202, 203, 204, 205, 206, 0, 207, 208, 0, 209, 210, 211, 0, 212, 213, 214, 215, 0, 216, 0, 217, 218, 219, 220, 221], [0, -31, 0, 0, -125, 0, 0, 0, 0, 0, 0, 0, 0, 0, 0, 0, 0, 0, 0, 0, 0, 0, 0, 0, 0, 222, 0, 0, 0, 0, 223, 0, 0, 0, 0, 0, 224, 225, 226, 227, 228, 229, 0, 230, 0, 231, 232, 233, 234, 235, 0, 236, 237, 238, 239, 0, 240, 241, 242, 243, 244, 245, 0, 0, 246, 247, 248, 249, 250, 251], [0, 0, 0, -92, 0, -157, 0, 0, 0, 252, 0, 253, 0, 0, 0, 0, 0, 0, 0, 0, 254, 0, 0, 0, 0, 0, 0, 0, 0, 0, 255, 0, 0, 0, 0, 256, 0, 0, 0, 0, 0, 257, 258, 259, 260, 261, 262, 263, 264, 265, 266, 267, 0, 268, 269, 270, 271, 272, 0, 273, 274, 275, 0, 276, 277, 278, 279, 280, 281, 0], [0, 0, 0, 0, 0, 0, 0, 0, -252, 0, 282, 0, 0, 0, 0, 0, 0, 0, 0, 0, 0, 0, 0, 0, 0, 0, 0, 0, 0, 0, 0, 283, 0, 0, 0, 284, 285, 286, 287, 288, 289, 290, 291, 292, 293, 294, 295, 296, 297, 298, 299, 300, 301, 302, 303, 304, 305, 306, 307, 308, 309, 310, 311, 312, 313, 314, 315, 316, 317, 318], [0, 0, 0, 0, 0, 0, 0, 0, 0, -282, 0, 319, 0, 0, 0, 0, 0, 320, 0, 0, 0, 0, 0, 0, 0, 0, 321, 0, 0, 0, 0, 0, 0, 0, 0, 0, 322, 0, 323, 324, 0, 325, 326, 327, 328, 329, 0, 0, 330, 331, 0, 332, 333, 0, 334, 0, 335, 0, 336, 0, 337, 0, 338, 339, 340, 341, 342, 343, 344, 0], [0, 0, 0, 0, 0, 0, 0, 0, -253, 0, -319, 0, 0, 0, 0, 0, 345, 0, 0, 0, 346, 0, 0, 347, 0, 0, 0, 0, 348, 0, 0, 0, 349, 0, 0, 350, 351, 352, 0, 353, 0, 354, 355, 0, 356, 357, 358, 359, 360, 361, 362, 363, 364, 0, 365, 366, 367, 368, 369, 370, 0, 371, 372, 373, 374, 375, 376, 377, 0, 378], [0, 0, 0, -93, 0, 0, 0, 0, 0, 0, 0, 0, 0, 0, 0, 379, 0, 0, 0, 0, 0, 0, 0, 0, 0, 0, 0, 0, 0, 0, 0, 0, 0, 0, 0, 380, 381, 382, 383, 0, 384, 385, 386, 0, 387, 0, 388, 389, 390, 391, 392, 393, 394, 0, 395, 396, 397, 398, 0, 0, 399, 400, 401, 402, 403, 404, 405, 406, 407, 408], [0, 0, 0, 0, 0, 0, 0, 0, 0, 0, 0, 0, 0, 0, 409, 0, 0, 0, 0, 0, 0, 0, 0, 0, 0, 0, 410, 0, 0, 0, 0, 0, 411, 412, 0, 413, 414, 415, 416, 417, 418, 419, 420, 421, 422, 423, 424, 425, 426, 427, 0, 428, 429, 430, 431, 0, 432, 433, 434, 435, 436, 437, 438, 0, 439, 440, 441, 442, 443, 444], [0, 0, 0, 0, 0, 0, 0, 0, 0, 0, 0, 0, 0, -409, 0, 0, 0, 0, 0, 0, 0, 0, 445, 0, 0, 446, 0, 0, 0, 0, 0, 0, 0, 0, 0, 447, 448, 0, 449, 450, 451, 452, 453, 454, 455, 456, 0, 457, 458, 0, 459, 0, 460, 461, 462, 463, 464, 0, 465, 0, 466, 467, 468, 0, 469, 470, 0, 471, 472, 473], [0, 0, 0, 0, 0, 0, 0, 0, 0, 0, 0, 0, -379, 0, 0, 0, 0, 0, 0, 0, 474, 0, 0, 0, 0, 0, 0, 0, 475, 0, 0, 476, 0, 0, 0, 477, 478, 479, 480, 481, 482, 483, 484, 485, 0, 486, 487, 488, 0, 0, 0, 489, 490, 491, 492, 493, 494, 0, 495, 496, 497, 498, 499, 500, 501, 502, 503, 504, 505, 506], [0, 0, 0, 0, 0, -158, 0, 0, 0, 0, 0, -345, 0, 0, 0, 0, 0, 0, 0, 0, 0, 0, 507, 0, 0, 0, 0, 0, 0, 0, 0, 508, 0, 0, 0, 509, 510, 511, 512, 513, 514, 515, 516, 0, 517, 518, 519, 520, 0, 521, 522, 523, 0, 524, 525, 526, 527, 528, 529, 530, 531, 532, 0, 533, 534, 535, 0, 536, 537, 538], [0, 0, 0, 0, 0, 0, 0, 0, 0, 0, -320, 0, 0, 0, 0, 0, 0, 0, 0, 0, 0, 0, 0, 0, 0, 0, 539, 0, 0, 540, 0, 0, 0, 0, 0, 541, 542, 0, 543, 544, 545, 546, 547, 548, 549, 550, 551, 552, 553, 554, 555, 556, 0, 557, 0, 558, 559, 0, 560, 561, 562, 563, 0, 0, 564, 565, 566, 567, 568, 569], [0, 0, 0, -94, 0, 0, 0, 0, 0, 0, 0, 0, 0, 0, 0, 0, 0, 0, 0, 0, 0, 0, 0, 0, 0, 0, 0, 0, 0, 0, 0, 0, 570, 0, 0, 571, 0, 572, 573, 574, 575, 576, 577, 578, 579, 580, 581, 582, 583, 0, 0, 584, 585, 586, 587, 588, 589, 590, 0, 0, 591, 0, 0, 592, 0, 593, 594, 595, 596, 0], [0, 0, 0, 0, 0, 0, 0, 0, 0, 0, 0, 0, 0, 0, 0, 0, 0, 0, 0, 0, 0, 0, 0, 597, 0, 0, 0, 0, 0, 0, 0, 0, 0, 0, 0, 598, 0, 599, 600, 601, 602, 603, 604, 605, 606, 607, 608, 609, 610, 611, 612, 0, 613, 0, 614, 615, 616, 617, 618, 619, 0, 0, 620, 621, 0, 622, 623, 624, 625, 0], [0, 0, 0, 0, 0, 0, 0, 0, -254, 0, 0, -346, 0, 0, 0, -474, 0, 0, 0, 0, 0, 0, 0, 626, 0, 0, 0, 0, 0, 0, 0, 0, 0, 0, 0, 627, 628, 629, 630, 631, 632, 633, 0, 634, 635, 636, 0, 637, 638, 0, 639, 640, 641, 642, 643, 644, 645, 646, 647, 0, 648, 0, 649, 650, 651, 652, 653, 654, 655, 0], [0, 0, 0, 0, 0, 0, 0, 0, 0, 0, 0, 0, 0, 0, 0, 0, 0, 0, 0, 0, 0, 0, 0, 0, 0, 0, 0, 656, 0, 0, 0, 0, 657, 0, 0, 0, 658, 659, 660, 661, 662, 663, 664, 665, 666, 667, 668, 0, 669, 670, 671, 672, 673, 674, 675, 676, 0, 677, 678, 0, 0, 679, 680, 681, 682, 683, 684, 685, 686, 0], [0, 0, 0, 0, 0, 0, 0, 0, 0, 0, 0, 0, 0, 0, -445, 0, -507, 0, 0, 0, 0, 0, 0, 0, 0, 0, 0, 0, 0, 0, 0, 0, 0, 0, 0, 0, 687, 688, 689, 690, 691, 692, 693, 694, 0, 695, 696, 0, 697, 0, 698, 699, 700, 701, 702, 0, 0, 703, 704, 705, 706, 707, 708, 709, 710, 711, 0, 712, 713, 714], [0, 0, 0, 0, 0, 0, 0, 0, 0, 0, 0, -347, 0, 0, 0, 0, 0, 0, 0, -597, -626, 0, 0, 0, 0, 0, 0, 0, 0, 0, 0, 0, 0, 0, 0, 715, 0, 716, 717, 0, 718, 719, 720, 0, 721, 722, 723, 724, 725, 726, 727, 728, 729, 730, 731, 732, 733, 0, 734, 0, 735, 736, 0, 0, 737, 738, 739, 0, 740, 741], [-1, 0, 0, 0, 0, 0, 0, 0, 0, 0, 0, 0, 0, 0, 0, 0, 0, 0, 0, 0, 0, 0, 0, 0, 0, 0, 0, 0, 0, 0, 0, 742, 0, 0, 0, 743, 744, 745, 746, 747, 748, 749, 0, 750, 751, 752, 753, 0, 754, 755, 756, 0, 757, 758, 759, 760, 761, 762, 763, 764, 0, 765, 766, 767, 0, 768, 769, 770, 0, 771], [-2, 0, 0, 0, 0, 0, 0, -222, 0, 0, 0, 0, 0, 0, -446, 0, 0, 0, 0, 0, 0, 0, 0, 0, 0, 0, 0, 0, 0, 0, 0, 0, 0, 772, 773, 774, 775, 776, 777, 778, 0, 0, 779, 780, 0, 0, 781, 782, 783, 784, 785, 786, 787, 788, 789, 790, 791, 792, 0, 0, 793, 794, 795, 796, 797, 798, 0, 799, 800, 801], [0, 0, 0, 0, 0, 0, 0, 0, 0, 0, -321, 0, 0, -410, 0, 0, 0, -539, 0, 0, 0, 0, 0, 0, 0, 0, 0, 0, 0, 0, 0, 0, 0, 0, 0, 802, 0, 803, 804, 805, 806, 807, 808, 0, 0, 809, 810, 811, 812, 813, 814, 815, 816, 817, 818, 819, 820, 0, 821, 822, 823, 0, 824, 0, 825, 826, 827, 0, 828, 829], [-3, 0, 0, 0, 0, 0, 0, 0, 0, 0, 0, 0, 0, 0, 0, 0, 0, 0, 0, 0, 0, -656, 0, 0, 0, 0, 0, 0, 0, 0, 830, 0, 0, 0, 0, 831, 832, 833, 834, 835, 0, 836, 837, 838, 839, 840, 841, 842, 843, 0, 844, 845, 846, 847, 848, 849, 850, 851, 852, 853, 854, 0, 855, 856, 0, 857, 858, 0, 859, 860], [0, 0, 0, 0, 0, 0, 0, 0, 0, 0, 0, -348, 0, 0, 0, -475, 0, 0, 0, 0, 0, 0, 0, 0, 0, 0, 0, 0, 0, 0, 0, 0, 0, 0, 861, 862, 863, 864, 865, 866, 867, 868, 869, 870, 0, 871, 872, 873, 0, 874, 875, 0, 876, 877, 878, 0, 879, 0, 880, 0, 881, 882, 883, 884, 885, 886, 887, 888, 889, 890], [0, 0, -65, 0, 0, 0, -192, 0, 0, 0, 0, 0, 0, 0, 0, 0, 0, -540, 0, 0, 0, 0, 0, 0, 0, 0, 0, 0, 0, 0, 0, 0, 0, 0, 0, 891, 892, 893, 0, 0, 894, 895, 896, 897, 898, 899, 900, 901, 902, 903, 904, 905, 0, 906, 0, 907, 908, 909, 910, 911, 0, 912, 913, 914, 915, 916, 917, 918, 919, 920], [0, -32, 0, 0, 0, 0, 0, -223, -255, 0, 0, 0, 0, 0, 0, 0, 0, 0, 0, 0, 0, 0, 0, 0, 0, 0, 0, -830, 0, 0, 0, 0, 0, 0, 0, 921, 922, 923, 924, 925, 926, 927, 928, 0, 0, 0, 929, 930, 931, 0, 932, 933, 934, 0, 935, 936, 937, 938, 0, 0, 939, 940, 0, 941, 942, 943, 944, 945, 0, 946], [0, -33, 0, 0, 0, -159, 0, 0, 0, -283, 0, 0, 0, 0, 0, -476, -508, 0, 0, 0, 0, 0, 0, 0, -742, 0, 0, 0, 0, 0, 0, 0, 0, 0, 0, 947, 948, 949, 950, 951, 952, 953, 954, 955, 956, 957, 958, 959, 960, 961, 962, 963, 964, 0, 965, 966, 967, 968, 969, 970, 971, 972, 0, 973, 974, 975, 0, 976, 977, 978], [-4, 0, 0, -95, 0, 0, 0, 0, 0, 0, 0, -349, 0, -411, 0, 0, 0, 0, -570, 0, 0, -657, 0, 0, 0, 0, 0, 0, 0, 0, 0, 0, 0, 0, 0, 979, 980, 981, 982, 983, 984, 985, 986, 987, 0, 988, 989, 990, 991, 0, 992, 993, 994, 0, 995, 996, 997, 998, 999, 1000, 1001, 1002, 1003, 1004, 1005, 1006, 1007, 1008, 1009, 1010], [0, 0, 0, -96, 0, 0, 0, 0, 0, 0, 0, 0, 0, -412, 0, 0, 0, 0, 0, 0, 0, 0, 0, 0, 0, -772, 0, 0, 0, 0, 0, 0, 0, 0, 0, 1011, 1012, 1013, 1014, 1015, 0, 1016, 1017, 1018, 1019, 1020, 1021, 0, 1022, 1023, 0, 0, 1024, 1025, 1026, 0, 1027, 1028, 1029, 1030, 1031, 1032, 1033, 1034, 1035, 1036, 1037, 0, 1038, 1039], [0, 0, 0, 0, 0, 0, 0, 0, 0, 0, 0, 0, 0, 0, 0, 0, 0, 0, 0, 0, 0, 0, 0, 0, 0, -773, 0, 0, -861, 0, 0, 0, 0, 0, 0, 1040, 1041, 0, 1042, 0, 0, 1043, 1044, 1045, 1046, 1047, 1048, 1049, 1050, 1051, 0, 1052, 1053, 1054, 1055, 1056, 1057, 1058, 1059, 1060, 0, 0, 1061, 1062, 1063, 1064, 1065, 1066, 0, 1067], [0, 0, -66, -97, -126, -160, -193, 0, -256, -284, 0, -350, -380, -413, -447, -477, -509, -541, -571, -598, -627, 0, 0, -715, -743, -774, -802, -831, -862, -891, -921, -947, -979, -1011, -1040, 0, 0, 1068, 1069, 1070, 0, 1071, 0, 1072, 1073, 1074, 1075, 1076, 1077, 1078, 1079, 1080, 1081, 1082, 1083, 1084, 1085, 1086, 1087, 1088, 1089, 1090, 1091, 1092, 1093, 1094, 1095, 1096, 1097, 1098], [-5, -34, -67, -98, -127, -161, -194, -224, 0, -285, -322, -351, -381, -414, -448, -478, -510, -542, 0, 0, -628, -658, -687, 0, -744, -775, 0, -832, -863, -892, -922, -948, -980, -1012, -1041, 0, 0, 1099, 1100, 1101, 0, 1102, 1103, 1104, 0, 1105, 1106, 1107, 1108, 1109, 1110, 1111, 1112, 1113, 1114, 1115, 0, 1116, 1117, 1118, 1119, 1120, 1121, 1122, 1123, 1124, 0, 1125, 1126, 1127], [0, -35, 0, -99, -128, -162, -195, -225, 0, -286, 0, -352, -382, -415, 0, -479, -511, 0, -572, -599, -629, -659, -688, -716, -745, -776, -803, -833, -864, -893, -923, -949, -981, -1013, 0, -1068, -1099, 0, 1128, 1129, 0, 1130, 1131, 1132, 1133, 1134, 1135, 1136, 1137, 0, 0, 1138, 1139, 1140, 0, 1141, 1142, 1143, 0, 1144, 1145, 1146, 1147, 1148, 1149, 0, 1150, 1151, 1152, 1153], [-6, -36, 0, 0, 0, -163, -196, -226, 0, -287, -323, 0, -383, -416, -449, -480, -512, -543, -573, -600, -630, -660, -689, -717, -746, -777, -804, -834, -865, 0, -924, -950, -982, -1014, -1042, -1069, -1100, -1128, 0, 1154, 1155, 1156, 1157, 1158, 1159, 1160, 1161, 0, 0, 1162, 1163, 0, 1164, 1165, 1166, 1167, 1168, 0, 0, 1169, 1170, 0, 1171, 1172, 1173, 1174, 1175, 1176, 1177, 1178], [-7, -37, -68, -100, -129, -164, -197, -227, 0, -288, -324, -353, 0, -417, -450, -481, -513, -544, -574, -601, -631, -661, -690, 0, -747, -778, -805, -835, -866, 0, -925, -951, -983, -1015, 0, -1070, -1101, -1129, -1154, 0, 1179, 1180, 1181, 1182, 0, 1183, 1184, 1185, 1186, 1187, 1188, 1189, 0, 1190, 1191, 0, 1192, 1193, 1194, 1195, 1196, 0, 1197, 1198, 1199, 1200, 1201, 1202, 1203, 1204], [-8, -38, -69, -101, -130, -165, -198, -228, 0, -289, 0, 0, -384, -418, -451, -482, -514, -545, -575, -602, -632, -662, -691, -718, -748, 0, -806, 0, -867, -894, -926, -952, -984, 0, 0, 0, 0, 0, -1155, -1179, 0, 1205, 1206, 1207, 0, 1208, 1209, 1210, 1211, 1212, 1213, 1214, 0, 1215, 1216, 0, 0, 0, 1217, 0, 1218, 1219, 1220, 1221, 1222, 0, 1223, 1224, 0, 1225], [0, -39, -70, 0, 0, -166, -199, -229, -257, -290, -325, -354, -385, -419, -452, -483, -515, -546, -576, -603, -633, -663, -692, -719, -749, 0, -807, -836, -868, -895, -927, -953, -985, -1016, -1043, -1071, -1102, -1130, -1156, -1180, -1205, 0, 1226, 1227, 0, 1228, 1229, 1230, 1231, 1232, 1233, 1234, 1235, 1236, 1237, 1238, 1239, 1240, 1241, 1242, 1243, 1244, 1245, 1246, 1247, 0, 1248, 1249, 1250, 1251], [-9, -40, -71, -102, -131, -167, -200, 0, -258, -291, -326, -355, -386, -420, -453, -484, -516, -547, -577, -604, 0, -664, -693, -720, 0, -779, -808, -837, -869, -896, -928, -954, -986, -1017, -1044, 0, -1103, -1131, -1157, -1181, -1206, -1226, 0, 1252, 0, 1253, 1254, 1255, 1256, 1257, 1258, 1259, 1260, 1261, 1262, 0, 0, 1263, 1264, 1265, 0, 1266, 1267, 1268, 1269, 1270, 1271, 1272, 0, 1273], [-10, -41, -72, -103, -132, -168, -201, -230, -259, -292, -327, 0, 0, -421, -454, -485, 0, -548, -578, -605, -634, -665, -694, 0, -750, -780, 0, -838, -870, -897, 0, -955, -987, -1018, -1045, -1072, -1104, -1132, -1158, -1182, -1207, -1227, -1252, 0, 0, 1274, 1275, 1276, 1277, 0, 1278, 1279, 1280, 1281, 1282, 1283, 0, 1284, 1285, 1286, 0, 1287, 1288, 1289, 0, 1290, 0, 1291, 0, 0], [-11, 0, -73, -104, -133, -169, 0, 0, -260, -293, -328, -356, -387, -422, -455, 0, -517, -549, -579, -606, -635, -666, 0, -721, -751, 0, 0, -839, 0, -898, 0, -956, 0, -1019, -1046, -1073, 0, -1133, -1159, 0, 0, 0, 0, 0, 0, 1292, 1293, 1294, 1295, 1296, 1297, 1298, 1299, 1300, 1301, 0, 0, 1302, 1303, 0, 1304, 1305, 0, 0, 1306, 0, 1307, 0, 1308, 1309], [-12, -42, -74, -105, -134, -170, -202, -231, -261, -294, -329, -357, 0, -423, -456, -486, -518, -550, -580, -607, -636, -667, -695, -722, -752, 0, -809, -840, -871, -899, 0, -957, -988, -1020, -1047, -1074, -1105, -1134, -1160, -1183, -1208, -1228, -1253, -1274, -1292, 0, 1310, 0, 1311, 1312, 1313, 1314, 1315, 1316, 1317, 1318, 1319, 1320, 1321, 1322, 1323, 1324, 1325, 0, 1326, 1327, 1328, 1329, 1330, 1331], [0, -43, -75, -106, -135, -171, -203, -232, -262, -295, 0, -358, -388, -424, 0, -487, -519, -551, -581, -608, 0, -668, -696, -723, -753, -781, -810, -841, -872, -900, -929, -958, -989, -1021, -1048, -1075, -1106, -1135, -1161, -1184, -1209, -1229, -1254, -1275, -1293, -1310, 0, 1332, 1333, 1334, 1335, 1336, 1337, 1338, 1339, 1340, 1341, 1342, 1343, 1344, 1345, 1346, 1347, 1348, 1349, 1350, 1351, 1352, 1353, 1354], [-13, 0, 0, 0, 0, -172, -204, -233, -263, -296, 0, -359, -389, -425, -457, -488, -520, -552, -582, -609, -637, 0, 0, -724, 0, -782, -811, -842, -873, -901, -930, -959, -990, 0, -1049, -1076, -1107, -1136, 0, -1185, -1210, -1230, -1255, -1276, -1294, 0, -1332, 0, 1355, 1356, 0, 1357, 0, 1358, 1359, 1360, 1361, 1362, 1363, 0, 0, 0, 1364, 0, 1365, 1366, 1367, 1368, 1369, 1370], [-14, -44, -76, 0, -136, -173, -205, -234, -264, -297, -330, -360, -390, -426, -458, 0, 0, -553, -583, -610, -638, -669, -697, -725, -754, -783, -812, -843, 0, -902, -931, -960, -991, -1022, -1050, -1077, -1108, -1137, 0, -1186, -1211, -1231, -1256, -1277, -1295, -1311, -1333, -1355, 0, 1371, 1372, 0, 1373, 1374, 1375, 1376, 0, 1377, 1378, 1379, 1380, 1381, 1382, 1383, 1384, 1385, 1386, 1387, 0, 1388], [-15, -45, -77, -107, -137, -174, -206, -235, -265, -298, -331, -361, -391, -427, 0, 0, -521, -554, 0, -611, 0, -670, 0, -726, -755, -784, -813, 0, -874, -903, 0, -961, 0, -1023, -1051, -1078, -1109, 0, -1162, -1187, -1212, -1232, -1257, 0, -1296, -1312, -1334, -1356, -1371, 0, 1389, 1390, 1391, 1392, 1393, 1394, 1395, 1396, 1397, 1398, 1399, 0, 1400, 0, 1401, 0, 0, 0, 1402, 1403], [-16, -46, 0, 0, -138, -175, 0, 0, -266, -299, 0, -362, -392, 0, -459, 0, -522, -555, 0, -612, -639, -671, -698, -727, -756, -785, -814, -844, -875, -904, -932, -962, -992, 0, 0, -1079, -1110, 0, -1163, -1188, -1213, -1233, -1258, -1278, -1297, -1313, -1335, 0, -1372, -1389, 0, 1404, 0, 1405, 0, 0, 1406, 0, 1407, 1408, 0, 1409, 1410, 1411, 1412, 0, 1413, 1414, 1415, 1416], [-17, 0, -78, -108, -139, 0, -207, -236, -267, -300, -332, -363, -393, -428, 0, -489, -523, -556, -584, 0, -640, -672, -699, -728, 0, -786, -815, -845, 0, -905, -933, -963, -993, 0, -1052, -1080, -1111, -1138, 0, -1189, -1214, -1234, -1259, -1279, -1298, -1314, -1336, -1357, 0, -1390, -1404, 0, 1417, 0, 1418, 1419, 1420, 1421, 1422, 1423, 1424, 1425, 1426, 1427, 1428, 1429, 0, 1430, 1431, 1432], [-18, -47, 0, -109, -140, -176, -208, -237, 0, -301, -333, -364, -394, -429, -460, -490, 0, 0, -585, -613, -641, -673, -700, -729, -757, -787, -816, -846, -876, 0, -934, -964, -994, -1024, -1053, -1081, -1112, -1139, -1164, 0, 0, -1235, -1260, -1280, -1299, -1315, -1337, 0, -1373, -1391, 0, -1417, 0, 0, 1433, 1434, 1435, 1436, 1437, 0, 1438, 0, 1439, 1440, 1441, 1442, 1443, 1444, 1445, 0], [-19, -48, -79, -110, -141, -177, 0, -238, -268, -302, 0, 0, 0, -430, -461, -491, -524, -557, -586, 0, -642, -674, -701, -730, -