[[[0, 0, 0, 0, 0, 0, 0, 0, 0, 0, 0, 0, 0, 0, 0, 1, 0, 0, 0, 2, 0, 0, 3, 4, 5, 6, 7, 8, 9, 0, 0, 0, 10, 11, 12, 13, 14, 15, 0, 16, 17, 18, 0, 19], [0, 0, 0, 0, 20, 0, 0, 0, 0, 21, 0, 0, 22, 0, 0, 23, 0, 0, 0, 24, 0, 0, 25, 26, 0, 27, 0, 28, 0, 29, 0, 30, 31, 0, 32, 0, 33, 34, 35, 0, 36, 37, 0, 38], [0, 0, 0, 0, 0, 0, 0, 0, 0, 39, 0, 0, 40, 0, 0, 0, 0, 0, 0, 0, 0, 0, 41, 0, 0, 42, 43, 44, 45, 46, 47, 0, 48, 49, 50, 51, 0, 52, 53, 54, 0, 55, 56, 57], [0, 0, 0, 0, 58, 0, 0, 0, 0, 59, 0, 60, 0, 0, 0, 0, 0, 0, 0, 0, 0, 0, 0, 61, 62, 63, 64, 65, 66, 67, 68, 69, 70, 71, 0, 72, 73, 74, 0, 75, 76, 77, 78, 79], [0, -20, 0, -58, 0, 0, 0, 80, 0, 81, 0, 0, 82, 0, 0, 0, 0, 0, 83, 0, 0, 0, 84, 85, 86, 87, 88, 0, 0, 89, 0, 90, 91, 92, 93, 94, 95, 96, 97, 98, 99, 0, 100, 101], [0, 0, 0, 0, 0, 0, 0, 0, 0, 0, 0, 0, 0, 0, 0, 0, 0, 0, 0, 0, 102, 0, 103, 104, 105, 106, 107, 0, 108, 109, 110, 111, 112, 113, 114, 115, 116, 0, 0, 117, 118, 119, 0, 120], [0, 0, 0, 0, 0, 0, 0, 0, 0, 121, 0, 0, 122, 0, 123, 0, 0, 0, 0, 124, 0, 0, 125, 126, 127, 128, 129, 130, 131, 132, 0, 0, 133, 134, 135, 136, 137, 0, 0, 138, 139, 0, 0, 140], [0, 0, 0, 0, -80, 0, 0, 0, 0, 0, 0, 0, 0, 0, 0, 0, 0, 0, 0, 0, 0, 0, 0, 141, 142, 143, 144, 0, 145, 146, 147, 0, 148, 149, 150, 151, 152, 153, 154, 155, 156, 157, 158, 159], [0, 0, 0, 0, 0, 0, 0, 0, 0, 0, 0, 0, 0, 0, 0, 0, 0, 0, 0, 0, 160, 0, 161, 0, 162, 163, 0, 164, 165, 166, 167, 168, 169, 170, 171, 172, 173, 0, 174, 175, 0, 176, 177, 178], [0, -21, -39, -59, -81, 0, -121, 0, 0, 0, 0, 179, 0, 0, 0, 0, 0, 0, 0, 0, 0, 0, 0, 180, 181, 182, 183, 184, 0, 185, 186, 187, 188, 0, 189, 0, 0, 0, 0, 190, 191, 0, 192, 193], [0, 0, 0, 0, 0, 0, 0, 0, 0, 0, 0, 0, 0, 0, 0, 0, 194, 0, 0, 0, 0, 0, 0, 195, 0, 196, 197, 198, 199, 200, 201, 0, 202, 203, 204, 205, 206, 0, 207, 0, 208, 209, 210, 211], [0, 0, 0, -60, 0, 0, 0, 0, 0, -179, 0, 0, 0, 0, 0, 0, 0, 212, 0, 0, 0, 0, 213, 214, 215, 216, 217, 218, 219, 220, 221, 222, 223, 224, 225, 226, 227, 228, 229, 230, 231, 232, 233, 234], [0, -22, -40, 0, -82, 0, -122, 0, 0, 0, 0, 0, 0, 0, 0, 0, 0, 0, 235, 0, 236, 0, 237, 238, 0, 239, 240, 241, 242, 243, 244, 245, 246, 0, 0, 247, 0, 248, 249, 250, 0, 251, 252, 253], [0, 0, 0, 0, 0, 0, 0, 0, 0, 0, 0, 0, 0, 0, 0, 0, 0, 254, 0, 0, 0, 0, 255, 256, 257, 258, 259, 260, 0, 261, 262, 263, 0, 264, 265, 266, 267, 268, 269, 270, 271, 272, 273, 274], [0, 0, 0, 0, 0, 0, -123, 0, 0, 0, 0, 0, 0, 0, 0, 0, 0, 0, 0, 0, 0, 0, 275, 276, 277, 278, 279, 280, 281, 282, 0, 283, 284, 285, 286, 287, 288, 0, 289, 290, 0, 291, 292, 0], [-1, -23, 0, 0, 0, 0, 0, 0, 0, 0, 0, 0, 0, 0, 0, 0, 293, 0, 0, 0, 0, 0, 0, 294, 295, 296, 297, 298, 299, 300, 0, 301, 302, 303, 0, 304, 305, 0, 306, 0, 307, 308, 309, 310], [0, 0, 0, 0, 0, 0, 0, 0, 0, 0, -194, 0, 0, 0, 0, -293, 0, 0, 0, 0, 0, 0, 311, 312, 0, 313, 314, 315, 316, 0, 0, 317, 318, 319, 0, 0, 320, 321, 322, 323, 324, 325, 326, 0], [0, 0, 0, 0, 0, 0, 0, 0, 0, 0, 0, -212, 0, -254, 0, 0, 0, 0, 0, 0, 327, 0, 0, 328, 0, 329, 0, 0, 330, 331, 332, 333, 334, 0, 0, 335, 336, 337, 338, 0, 339, 340, 341, 342], [0, 0, 0, 0, -83, 0, 0, 0, 0, 0, 0, 0, -235, 0, 0, 0, 0, 0, 0, 0, 0, 0, 343, 344, 345, 346, 347, 0, 348, 349, 350, 0, 351, 0, 352, 353, 354, 355, 356, 0, 357, 358, 0, 359], [-2, -24, 0, 0, 0, 0, -124, 0, 0, 0, 0, 0, 0, 0, 0, 0, 0, 0, 0, 0, 0, 0, 0, 360, 361, 362, 363, 364, 0, 365, 366, 367, 368, 369, 0, 370, 371, 372, 373, 0, 374, 375, 0, 376], [0, 0, 0, 0, 0, -102, 0, 0, -160, 0, 0, 0, -236, 0, 0, 0, 0, -327, 0, 0, 0, 0, 377, 378, 379, 380, 0, 381, 0, 382, 383, 384, 385, 386, 387, 0, 388, 389, 0, 390, 391, 392, 393, 0], [0, 0, 0, 0, 0, 0, 0, 0, 0, 0, 0, 0, 0, 0, 0, 0, 0, 0, 0, 0, 0, 0, 394, 395, 396, 397, 398, 399, 400, 401, 402, 403, 404, 405, 406, 407, 0, 408, 409, 410, 411, 412, 413, 414], [-3, -25, -41, 0, -84, -103, -125, 0, -161, 0, 0, -213, -237, -255, -275, 0, -311, 0, -343, 0, -377, -394, 0, 415, 416, 417, 418, 419, 420, 421, 422, 423, 424, 0, 425, 426, 427, 428, 429, 0, 430, 0, 0, 431], [-4, -26, 0, -61, -85, -104, -126, -141, 0, -180, -195, -214, -238, -256, -276, -294, -312, -328, -344, -360, -378, -395, -415, 0, 0, 432, 433, 434, 435, 0, 436, 437, 438, 439, 440, 441, 442, 443, 444, 445, 0, 446, 447, 448], [-5, 0, 0, -62, -86, -105, -127, -142, -162, -181, 0, -215, 0, -257, -277, -295, 0, 0, -345, -361, -379, -396, -416, 0, 0, 449, 450, 451, 452, 0, 453, 454, 455, 456, 457, 458, 459, 460, 461, 462, 463, 0, 464, 465], [-6, -27, -42, -63, -87, -106, -128, -143, -163, -182, -196, -216, -239, -258, -278, -296, -313, -329, -346, -362, -380, -397, -417, -432, -449, 0, 466, 467, 468, 0, 469, 470, 0, 471, 472, 473, 474, 475, 476, 477, 478, 479, 480, 481], [-7, 0, -43, -64, -88, -107, -129, -144, 0, -183, -197, -217, -240, -259, -279, -297, -314, 0, -347, -363, 0, -398, -418, -433, -450, -466, 0, 482, 483, 484, 485, 0, 486, 487, 488, 489, 490, 491, 492, 493, 0, 494, 0, 0], [-8, -28, -44, -65, 0, 0, -130, 0, -164, -184, -198, -218, -241, -260, -280, -298, -315, 0, 0, -364, -381, -399, -419, -434, -451, -467, -482, 0, 495, 496, 0, 497, 498, 499, 0, 0, 500, 501, 502, 503, 504, 505, 506, 507], [-9, 0, -45, -66, 0, -108, -131, -145, -165, 0, -199, -219, -242, 0, -281, -299, -316, -330, -348, 0, 0, -400, -420, -435, -452, -468, -483, -495, 0, 508, 0, 0, 509, 510, 511, 0, 512, 513, 0, 514, 0, 515, 516, 0], [0, -29, -46, -67, -89, -109, -132, -146, -166, -185, -200, -220, -243, -261, -282, -300, 0, -331, -349, -365, -382, -401, -421, 0, 0, 0, -484, -496, -508, 0, 517, 518, 519, 520, 521, 522, 523, 524, 525, 526, 527, 528, 0, 529], [0, 0, -47, -68, 0, -110, 0, -147, -167, -186, -201, -221, -244, -262, 0, 0, 0, -332, -350, -366, -383, -402, -422, -436, -453, -469, -485, 0, 0, -517, 0, 530, 531, 532, 533, 534, 535, 536, 537, 0, 538, 539, 0, 540], [0, -30, 0, -69, -90, -111, 0, 0, -168, -187, 0, -222, -245, -263, -283, -301, -317, -333, 0, -367, -384, -403, -423, -437, -454, -470, 0, -497, 0, -518, -530, 0, 541, 542, 0, 543, 544, 545, 0, 546, 547, 548, 549, 550], [-10, -31, -48, -70, -91, -112, -133, -148, -169, -188, -202, -223, -246, 0, -284, -302, -318, -334, -351, -368, -385, -404, -424, -438, -455, 0, -486, -498, -509, -519, -531, -541, 0, 551, 552, 0, 0, 553, 554, 0, 0, 555, 556, 557], [-11, 0, -49, -71, -92, -113, -134, -149, -170, 0, -203, -224, 0, -264, -285, -303, -319, 0, 0, -369, -386, -405, 0, -439, -456, -471, -487, -499, -510, -520, -532, -542, -551, 0, 0, 558, 559, 560, 561, 0, 562, 0, 563, 0], [-12, -32, -50, 0, -93, -114, -135, -150, -171, -189, -204, -225, 0, -265, -286, 0, 0, 0, -352, 0, -387, -406, -425, -440, -457, -472, -488, 0, -511, -521, -533, 0, -552, 0, 0, 564, 0, 565, 566, 0, 567, 0, 568, 569], [-13, 0, -51, -72, -94, -115, -136, -151, -172, 0, -205, -226, -247, -266, -287, -304, 0, -335, -353, -370, 0, -407, -426, -441, -458, -473, -489, 0, 0, -522, -534, -543, 0, -558, -564, 0, 0, 570, 571, 572, 573, 574, 0, 575], [-14, -33, 0, -73, -95, -116, -137, -152, -173, 0, -206, -227, 0, -267, -288, -305, -320, -336, -354, -371, -388, 0, -427, -442, -459, -474, -490, -500, -512, -523, -535, -544, 0, -559, 0, 0, 0, 576, 577, 578, 0, 579, 580, 581], [-15, -34, -52, -74, -96, 0, 0, -153, 0, 0, 0, -228, -248, -268, 0, 0, -321, -337, -355, -372, -389, -408, -428, -443, -460, -475, -491, -501, -513, -524, -536, -545, -553, -560, -565, -570, -576, 0, 582, 583, 584, 0, 585, 0], [0, -35, -53, 0, -97, 0, 0, -154, -174, 0, -207, -229, -249, -269, -289, -306, -322, -338, -356, -373, 0, -409, -429, -444, -461, -476, -492, -502, 0, -525, -537, 0, -554, -561, -566, -571, -577, -582, 0, 586, 587, 588, 589, 590], [-16, 0, -54, -75, -98, -117, -138, -155, -175, -190, 0, -230, -250, -270, -290, 0, -323, 0, 0, 0, -390, -410, 0, -445, -462, -477, -493, -503, -514, -526, 0, -546, 0, 0, 0, -572, -578, -583, -586, 0, 591, 592, 593, 594], [-17, -36, 0, -76, -99, -118, -139, -156, 0, -191, -208, -231, 0, -271, 0, -307, -324, -339, -357, -374, -391, -411, -430, 0, -463, -478, 0, -504, 0, -527, -538, -547, 0, -562, -567, -573, 0, -584, -587, -591, 0, 0, 595, 596], [-18, -37, -55, -77, 0, -119, 0, -157, -176, 0, -209, -232, -251, -272, -291, -308, -325, -340, -358, -375, -392, -412, 0, -446, 0, -479, -494, -505, -515, -528, -539, -548, -555, 0, 0, -574, -579, 0, -588, -592, 0, 0, 597, 598], [0, 0, -56, -78, -100, 0, 0, -158, -177, -192, -210, -233, -252, -273, -292, -309, -326, -341, 0, 0, -393, -413, 0, -447, -464, -480, 0, -506, -516, 0, 0, -549, -556, -563, -568, 0, -580, -585, -589, -593, -595, -597, 0, 599], [-19, -38, -57, -79, -101, -120, -140, -159, -178, -193, -211, -234, -253, -274, 0, -310, 0, -342, -359, -376, 0, -414, -431, -448, -465, -481, 0, -507, 0, -529, -540, -550, -557, 0, -569, -575, -581, 0, -590, -594, -596, -598, -599, 0]], [[0, 0, 0, 0, 1, 0, 0, 0, 0, 0, 0, 0, 0, 0, 0, 0, 0, 0, 0, 0, 0, 0, 2, 3, 4, 5, 6, 7, 8, 9, 10, 11, 12, 13, 14, 0, 15, 16, 17, 18, 19, 20, 21, 22], [0, 0, 0, 0, 0, 0, 0, 0, 0, 0, 0, 0, 0, 0, 0, 0, 0, 0, 0, 0, 0, 0, 23, 24, 0, 25, 26, 27, 28, 29, 30, 31, 32, 33, 34, 35, 36, 37, 38, 39, 40, 41, 42, 43], [0, 0, 0, 44, 0, 0, 0, 0, 0, 0, 0, 45, 46, 0, 47, 0, 0, 0, 0, 48, 49, 50, 51, 52, 53, 54, 55, 56, 57, 0, 58, 59, 60, 61, 62, 63, 64, 65, 0, 66, 0, 67, 68, 0], [0, 0, -44, 0, 69, 70, 0, 0, 0, 0, 0, 0, 0, 0, 0, 71, 0, 0, 0, 0, 72, 0, 0, 73, 0, 74, 75, 76, 77, 78, 0, 0, 79, 80, 81, 82, 83, 84, 85, 86, 87, 0, 88, 89], [-1, 0, 0, -69, 0, 0, 0, 0, 0, 0, 0, 0, 0, 0, 0, 0, 0, 0, 0, 0, 0, 0, 90, 91, 92, 0, 93, 0, 94, 95, 96, 97, 98, 99, 100, 101, 102, 103, 104, 105, 106, 107, 108, 109], [0, 0, 0, -70, 0, 0, 0, 0, 0, 110, 111, 0, 0, 0, 0, 0, 0, 0, 0, 0, 0, 0, 112, 113, 114, 115, 0, 116, 117, 118, 119, 0, 120, 0, 0, 121, 122, 123, 124, 0, 125, 126, 127, 128], [0, 0, 0, 0, 0, 0, 0, 0, 0, 0, 0, 0, 0, 0, 0, 129, 0, 0, 0, 130, 0, 0, 0, 0, 131, 132, 133, 134, 135, 136, 0, 137, 138, 0, 139, 140, 141, 142, 143, 144, 145, 146, 147, 148], [0, 0, 0, 0, 0, 0, 0, 0, 149, 0, 0, 0, 0, 0, 0, 0, 0, 0, 0, 0, 0, 0, 150, 151, 152, 0, 0, 153, 154, 155, 156, 157, 158, 159, 160, 161, 162, 163, 164, 165, 166, 167, 168, 169], [0, 0, 0, 0, 0, 0, 0, -149, 0, 0, 0, 0, 0, 0, 0, 0, 170, 0, 0, 0, 0, 0, 171, 172, 0, 173, 174, 175, 176, 177, 178, 179, 0, 180, 181, 182, 183, 184, 185, 0, 186, 187, 188, 189], [0, 0, 0, 0, 0, -110, 0, 0, 0, 0, 0, 0, 0, 0, 0, 0, 0, 0, 0, 0, 0, 0, 190, 191, 192, 193, 194, 195, 196, 197, 198, 0, 199, 200, 201, 202, 0, 203, 204, 205, 206, 0, 207, 208], [0, 0, 0, 0, 0, -111, 0, 0, 0, 0, 0, 0, 0, 0, 0, 0, 0, 0, 0, 0, 0, 0, 209, 210, 211, 212, 213, 214, 215, 216, 217, 0, 218, 219, 220, 221, 0, 222, 223, 224, 225, 226, 227, 228], [0, 0, -45, 0, 0, 0, 0, 0, 0, 0, 0, 0, 0, 0, 229, 0, 0, 0, 230, 0, 0, 0, 231, 232, 0, 233, 0, 234, 0, 235, 236, 237, 238, 239, 240, 241, 242, 0, 243, 244, 245, 246, 247, 248], [0, 0, -46, 0, 0, 0, 0, 0, 0, 0, 0, 0, 0, 0, 249, 0, 0, 250, 0, 0, 0, 0, 0, 251, 252, 253, 0, 254, 0, 0, 255, 256, 257, 258, 259, 260, 261, 262, 263, 264, 265, 266, 267, 268], [0, 0, 0, 0, 0, 0, 0, 0, 0, 0, 0, 0, 0, 0, 0, 0, 0, 0, 0, 0, 0, 0, 269, 270, 271, 272, 0, 273, 274, 0, 275, 276, 277, 278, 279, 280, 281, 282, 0, 283, 284, 285, 286, 287], [0, 0, -47, 0, 0, 0, 0, 0, 0, 0, 0, -229, -249, 0, 0, 0, 0, 0, 0, 0, 0, 0, 0, 288, 289, 290, 0, 291, 292, 293, 294, 0, 295, 296, 297, 298, 0, 0, 299, 300, 301, 302, 0, 303], [0, 0, 0, -71, 0, 0, -129, 0, 0, 0, 0, 0, 0, 0, 0, 0, 0, 0, 0, 0, 0, 0, 304, 305, 0, 306, 307, 308, 309, 310, 311, 312, 313, 314, 0, 315, 316, 317, 318, 319, 320, 321, 322, 323], [0, 0, 0, 0, 0, 0, 0, 0, -170, 0, 0, 0, 0, 0, 0, 0, 0, 0, 0, 0, 0, 0, 324, 325, 326, 327, 328, 329, 330, 331, 332, 333, 334, 335, 336, 337, 0, 338, 339, 340, 341, 342, 343, 0], [0, 0, 0, 0, 0, 0, 0, 0, 0, 0, 0, 0, -250, 0, 0, 0, 0, 0, 0, 0, 344, 0, 345, 346, 347, 348, 349, 350, 351, 352, 0, 353, 354, 355, 356, 0, 0, 357, 358, 0, 359, 0, 360, 361], [0, 0, 0, 0, 0, 0, 0, 0, 0, 0, 0, -230, 0, 0, 0, 0, 0, 0, 0, 0, 0, 0, 362, 363, 0, 364, 365, 366, 367, 368, 369, 370, 0, 371, 372, 373, 374, 375, 376, 377, 378, 379, 380, 0], [0, 0, -48, 0, 0, 0, -130, 0, 0, 0, 0, 0, 0, 0, 0, 0, 0, 0, 0, 0, 0, 0, 381, 0, 382, 383, 384, 385, 0, 0, 0, 386, 387, 0, 388, 389, 390, 0, 391, 392, 393, 0, 394, 0], [0, 0, -49, -72, 0, 0, 0, 0, 0, 0, 0, 0, 0, 0, 0, 0, 0, -344, 0, 0, 0, 0, 395, 396, 397, 398, 0, 0, 0, 399, 0, 0, 400, 401, 402, 403, 404, 405, 406, 407, 408, 409, 0, 410], [0, 0, -50, 0, 0, 0, 0, 0, 0, 0, 0, 0, 0, 0, 0, 0, 0, 0, 0, 0, 0, 0, 411, 412, 413, 414, 415, 0, 416, 417, 0, 0, 0, 418, 419, 420, 421, 0, 422, 0, 423, 424, 425, 426], [-2, -23, -51, 0, -90, -112, 0, -150, -171, -190, -209, -231, 0, -269, 0, -304, -324, -345, -362, -381, -395, -411, 0, 427, 428, 429, 0, 430, 431, 432, 0, 433, 434, 435, 436, 437, 438, 439, 0, 440, 441, 442, 443, 444], [-3, -24, -52, -73, -91, -113, 0, -151, -172, -191, -210, -232, -251, -270, -288, -305, -325, -346, -363, 0, -396, -412, -427, 0, 445, 446, 447, 0, 448, 449, 450, 451, 0, 452, 453, 454, 455, 456, 457, 458, 0, 459, 460, 461], [-4, 0, -53, 0, -92, -114, -131, -152, 0, -192, -211, 0, -252, -271, -289, 0, -326, -347, 0, -382, -397, -413, -428, -445, 0, 0, 462, 463, 464, 465, 466, 467, 468, 469, 470, 471, 0, 0, 0, 472, 473, 474, 475, 0], [-5, -25, -54, -74, 0, -115, -132, 0, -173, -193, -212, -233, -253, -272, -290, -306, -327, -348, -364, -383, -398, -414, -429, -446, 0, 0, 476, 477, 478, 479, 0, 0, 480, 481, 482, 483, 484, 0, 485, 486, 487, 488, 489, 490], [-6, -26, -55, -75, -93, 0, -133, 0, -174, -194, -213, 0, 0, 0, 0, -307, -328, -349, -365, -384, 0, -415, 0, -447, -462, -476, 0, 491, 0, 492, 493, 494, 495, 496, 497, 498, 499, 500, 501, 502, 503, 504, 0, 505], [-7, -27, -56, -76, 0, -116, -134, -153, -175, -195, -214, -234, -254, -273, -291, -308, -329, -350, -366, -385, 0, 0, -430, 0, -463, -477, -491, 0, 0, 506, 507, 0, 508, 509, 0, 510, 0, 511, 512, 0, 513, 514, 515, 516], [-8, -28, -57, -77, -94, -117, -135, -154, -176, -196, -215, 0, 0, -274, -292, -309, -330, -351, -367, 0, 0, -416, -431, -448, -464, -478, 0, 0, 0, 517, 0, 518, 519, 520, 521, 0, 0, 522, 523, 524, 525, 526, 0, 527], [-9, -29, 0, -78, -95, -118, -136, -155, -177, -197, -216, -235, 0, 0, -293, -310, -331, -352, -368, 0, -399, -417, -432, -449, -465, -479, -492, -506, -517, 0, 528, 529, 0, 530, 531, 532, 533, 534, 535, 536, 537, 538, 539, 540], [-10, -30, -58, 0, -96, -119, 0, -156, -178, -198, -217, -236, -255, -275, -294, -311, -332, 0, -369, 0, 0, 0, 0, -450, -466, 0, -493, -507, 0, -528, 0, 541, 0, 0, 542, 543, 544, 545, 546, 547, 0, 0, 0, 548], [-11, -31, -59, 0, -97, 0, -137, -157, -179, 0, 0, -237, -256, -276, 0, -312, -333, -353, -370, -386, 0, 0, -433, -451, -467, 0, -494, 0, -518, -529, -541, 0, 0, 549, 550, 551, 0, 552, 0, 553, 554, 555, 0, 0], [-12, -32, -60, -79, -98, -120, -138, -158, 0, -199, -218, -238, -257, -277, -295, -313, -334, -354, 0, -387, -400, 0, -434, 0, -468, -480, -495, -508, -519, 0, 0, 0, 0, 556, 557, 558, 559, 560, 0, 561, 0, 562, 0, 563], [-13, -33, -61, -80, -99, 0, 0, -159, -180, -200, -219, -239, -258, -278, -296, -314, -335, -355, -371, 0, -401, -418, -435, -452, -469, -481, -496, -509, -520, -530, 0, -549, -556, 0, 564, 565, 566, 567, 568, 569, 0, 570, 0, 571], [-14, -34, -62, -81, -100, 0, -139, -160, -181, -201, -220, -240, -259, -279, -297, 0, -336, -356, -372, -388, -402, -419, -436, -453, -470, -482, -497, 0, -521, -531, -542, -550, -557, -564, 0, 0, 0, 572, 573, 574, 575, 0, 576, 577], [0, -35, -63, -82, -101, -121, -140, -161, -182, -202, -221, -241, -260, -280, -298, -315, -337, 0, -373, -389, -403, -420, -437, -454, -471, -483, -498, -510, 0, -532, -543, -551, -558, -565, 0, 0, 578, 579, 580, 581, 582, 583, 584, 585], [-15, -36, -64, -83, -102, -122, -141, -162, -183, 0, 0, -242, -261, -281, 0, -316, 0, 0, -374, -390, -404, -421, -438, -455, 0, -484, -499, 0, 0, -533, -544, 0, -559, -566, 0, -578, 0, 586, 0, 587, 588, 589, 590, 591], [-16, -37, -65, -84, -103, -123, -142, -163, -184, -203, -222, 0, -262, -282, 0, -317, -338, -357, -375, 0, -405, 0, -439, -456, 0, 0, -500, -511, -522, -534, -545, -552, -560, -567, -572, -579, -586, 0, 592, 593, 594, 595, 596, 0], [-17, -38, 0, -85, -104, -124, -143, -164, -185, -204, -223, -243, -263, 0, -299, -318, -339, -358, -376, -391, -406, -422, 0, -457, 0, -485, -501, -512, -523, -535, -546, 0, 0, -568, -573, -580, 0, -592, 0, 0, 597, 598, 599, 600], [-18, -39, -66, -86, -105, 0, -144, -165, 0, -205, -224, -244, -264, -283, -300, -319, -340, 0, -377, -392, -407, 0, -440, -458, -472, -486, -502, 0, -524, -536, -547, -553, -561, -569, -574, -581, -587, -593, 0, 0, 601, 602, 0, 603], [-19, -40, 0, -87, -106, -125, -145, -166, -186, -206, -225, -245, -265, -284, -301, -320, -341, -359, -378, -393, -408, -423, -441, 0, -473, -487, -503, -513, -525, -537, 0, -554, 0, 0, -575, -582, -588, -594, -597, -601, 0, 604, 605, 606], [-20, -41, -67, 0, -107, -126, -146, -167, -187, 0, -226, -246, -266, -285, -302, -321, -342, 0, -379, 0, -409, -424, -442, -459, -474, -488, -504, -514, -526, -538, 0, -555, -562, -570, 0, -583, -589, -595, -598, -602, -604, 0, 607, 608], [-21, -42, -68, -88, -108, -127, -147, -168, -188, -207, -227, -247, -267, -286, 0, -322, -343, -360, -380, -394, 0, -425, -443, -460, -475, -489, 0, -515, 0, -539, 0, 0, 0, 0, -576, -584, -590, -596, -599, 0, -605, -607, 0, 0], [-22, -43, 0, -89, -109, -128, -148, -169, -189, -208, -228, -248, -268, -287, -303, -323, 0, -361, 0, 0, -410, -426, -444, -461, 0, -490, -505, -516, -527, -540, -548, 0, -563, -571, -577, -585, -591, 0, -600, -603, -606, -608, 0, 0]], [[0, 0, 1, 0, 0, 2, 0, 0, 0, 0, 0, 0, 0, 0, 3, 4, 0, 5, 0, 0, 6, 0, 7, 8, 0, 9, 10, 11, 12, 13, 14, 0, 15, 16, 17, 18, 19, 20, 21, 22, 0, 23, 24, 25], [0, 0, 0, 0, 0, 0, 0, 0, 0, 0, 0, 0, 0, 0, 0, 26, 0, 27, 0, 0, 0, 0, 28, 0, 29, 30, 31, 32, 0, 33, 0, 0, 34, 0, 35, 36, 37, 38, 39, 40, 41, 42, 43, 0], [-1, 0, 0, 0, 0, 0, 0, 0, 0, 0, 0, 0, 0, 0, 0, 0, 0, 0, 0, 0, 0, 0, 0, 44, 45, 46, 47, 48, 49, 50, 0, 51, 52, 53, 54, 55, 56, 57, 0, 58, 59, 60, 61, 0], [0, 0, 0, 0, 0, 0, 0, 0, 0, 0, 0, 0, 0, 0, 0, 0, 0, 0, 0, 0, 0, 0, 0, 62, 63, 64, 0, 65, 66, 67, 68, 0, 69, 70, 71, 72, 73, 74, 75, 76, 0, 77, 78, 79], [0, 0, 0, 0, 0, 0, 80, 0, 0, 0, 0, 0, 0, 0, 0, 0, 0, 0, 0, 0, 0, 0, 81, 82, 83, 84, 85, 86, 87, 88, 89, 90, 0, 91, 0, 92, 93, 94, 95, 96, 97, 98, 99, 100], [-2, 0, 0, 0, 0, 0, 0, 0, 0, 0, 0, 0, 0, 0, 0, 0, 0, 0, 0, 0, 0, 0, 101, 0, 102, 103, 104, 105, 106, 0, 0, 107, 0, 108, 0, 0, 109, 0, 110, 111, 112, 113, 114, 115], [0, 0, 0, 0, -80, 0, 0, 0, 0, 0, 0, 0, 0, 0, 0, 0, 116, 0, 0, 0, 0, 0, 0, 0, 117, 118, 119, 120, 121, 122, 123, 124, 125, 126, 127, 128, 129, 130, 131, 0, 132, 133, 134, 135], [0, 0, 0, 0, 0, 0, 0, 0, 0, 0, 0, 0, 0, 0, 0, 0, 0, 0, 0, 0, 0, 136, 0, 137, 138, 0, 139, 140, 141, 142, 143, 144, 145, 146, 147, 148, 149, 150, 0, 151, 152, 153, 154, 0], [0, 0, 0, 0, 0, 0, 0, 0, 0, 0, 0, 155, 0, 0, 0, 0, 0, 0, 0, 0, 0, 0, 156, 157, 158, 159, 160, 0, 161, 162, 163, 164, 165, 166, 167, 168, 169, 170, 171, 172, 173, 174, 175, 176], [0, 0, 0, 0, 0, 0, 0, 0, 0, 0, 0, 177, 0, 0, 0, 0, 0, 0, 0, 0, 0, 0, 178, 179, 180, 181, 182, 183, 184, 0, 0, 185, 186, 187, 188, 189, 190, 191, 192, 193, 194, 0, 195, 196], [0, 0, 0, 0, 0, 0, 0, 0, 0, 0, 0, 0, 0, 0, 0, 0, 0, 0, 0, 0, 0, 0, 197, 198, 199, 200, 201, 0, 202, 203, 204, 0, 205, 206, 207, 208, 0, 0, 209, 210, 211, 212, 213, 214], [0, 0, 0, 0, 0, 0, 0, 0, -155, -177, 0, 0, 0, 0, 0, 0, 0, 0, 0, 0, 0, 0, 215, 0, 216, 217, 218, 219, 220, 221, 222, 223, 224, 225, 226, 227, 228, 229, 230, 231, 232, 233, 0, 234], [0, 0, 0, 0, 0, 0, 0, 0, 0, 0, 0, 0, 0, 0, 0, 0, 0, 0, 0, 0, 0, 0, 235, 0, 236, 237, 238, 239, 240, 241, 242, 243, 244, 245, 0, 246, 0, 0, 247, 248, 0, 249, 250, 251], [0, 0, 0, 0, 0, 0, 0, 0, 0, 0, 0, 0, 0, 0, 0, 0, 0, 0, 0, 252, 0, 0, 253, 254, 0, 255, 256, 257, 258, 259, 260, 0, 0, 0, 261, 262, 263, 0, 264, 0, 265, 266, 267, 268], [-3, 0, 0, 0, 0, 0, 0, 0, 0, 0, 0, 0, 0, 0, 0, 0, 0, 0, 0, 0, 0, 0, 269, 270, 0, 271, 0, 272, 273, 274, 275, 276, 277, 278, 0, 279, 0, 280, 281, 282, 283, 0, 0, 0], [-4, -26, 0, 0, 0, 0, 0, 0, 0, 0, 0, 0, 0, 0, 0, 0, 0, 0, 0, 0, 0, 0, 284, 0, 285, 286, 287, 288, 0, 289, 0, 290, 291, 292, 0, 293, 294, 295, 0, 296, 297, 298, 0, 0], [0, 0, 0, 0, 0, 0, -116, 0, 0, 0, 0, 0, 0, 0, 0, 0, 0, 0, 299, 0, 0, 0, 300, 301, 302, 303, 304, 0, 305, 306, 307, 308, 0, 309, 310, 311, 312, 313, 314, 315, 0, 316, 317, 318], [-5, -27, 0, 0, 0, 0, 0, 0, 0, 0, 0, 0, 0, 0, 0, 0, 0, 0, 0, 0, 0, 0, 319, 320, 321, 322, 323, 0, 0, 324, 325, 326, 327, 328, 329, 330, 0, 0, 331, 332, 0, 0, 333, 0], [0, 0, 0, 0, 0, 0, 0, 0, 0, 0, 0, 0, 0, 0, 0, 0, -299, 0, 0, 0, 0, 0, 334, 335, 336, 337, 338, 339, 340, 341, 342, 0, 0, 343, 344, 0, 345, 346, 347, 348, 349, 0, 0, 0], [0, 0, 0, 0, 0, 0, 0, 0, 0, 0, 0, 0, 0, -252, 0, 0, 0, 0, 0, 0, 0, 0, 350, 351, 0, 0, 352, 353, 354, 355, 356, 357, 358, 359, 0, 360, 361, 362, 363, 364, 365, 366, 367, 368], [-6, 0, 0, 0, 0, 0, 0, 0, 0, 0, 0, 0, 0, 0, 0, 0, 0, 0, 0, 0, 0, 0, 0, 369, 370, 371, 372, 373, 374, 375, 376, 377, 378, 379, 380, 381, 382, 383, 384, 385, 386, 387, 388, 389], [0, 0, 0, 0, 0, 0, 0, -136, 0, 0, 0, 0, 0, 0, 0, 0, 0, 0, 0, 0, 0, 0, 390, 391, 392, 393, 0, 394, 0, 0, 0, 395, 396, 397, 398, 399, 0, 400, 401, 402, 403, 0, 404, 405], [-7, -28, 0, 0, -81, -101, 0, 0, -156, -178, -197, -215, -235, -253, -269, -284, -300, -319, -334, -350, 0, -390, 0, 406, 407, 0, 408, 409, 410, 0, 0, 411, 0, 412, 0, 0, 413, 414, 415, 416, 417, 418, 0, 419], [-8, 0, -44, -62, -82, 0, 0, -137, -157, -179, -198, 0, 0, -254, -270, 0, -301, -320, -335, -351, -369, -391, -406, 0, 0, 420, 421, 422, 423, 424, 425, 0, 426, 427, 0, 0, 428, 429, 430, 431, 432, 433, 434, 435], [0, -29, -45, -63, -83, -102, -117, -138, -158, -180, -199, -216, -236, 0, 0, -285, -302, -321, -336, 0, -370, -392, -407, 0, 0, 436, 437, 438, 439, 440, 441, 0, 442, 443, 444, 445, 446, 447, 448, 449, 450, 451, 452, 453], [-9, -30, -46, -64, -84, -103, -118, 0, -159, -181, -200, -217, -237, -255, -271, -286, -303, -322, -337, 0, -371, -393, 0, -420, -436, 0, 454, 455, 456, 457, 458, 459, 460, 461, 462, 463, 0, 464, 465, 466, 467, 468, 469, 470], [-10, -31, -47, 0, -85, -104, -119, -139, -160, -182, -201, -218, -238, -256, 0, -287, -304, -323, -338, -352, -372, 0, -408, -421, -437, -454, 0, 471, 472, 0, 473, 474, 0, 475, 476, 0, 477, 478, 479, 480, 481, 0, 482, 483], [-11, -32, -48, -65, -86, -105, -120, -140, 0, -183, 0, -219, -239, -257, -272, -288, 0, 0, -339, -353, -373, -394, -409, -422, -438, -455, -471, 0, 484, 485, 486, 487, 488, 0, 489, 490, 491, 492, 0, 493, 494, 0, 495, 496], [-12, 0, -49, -66, -87, -106, -121, -141, -161, -184, -202, -220, -240, -258, -273, 0, -305, 0, -340, -354, -374, 0, -410, -423, -439, -456, -472, -484, 0, 0, 497, 498, 499, 0, 500, 501, 502, 503, 0, 504, 505, 506, 507, 508], [-13, -33, -50, -67, -88, 0, -122, -142, -162, 0, -203, -221, -241, -259, -274, -289, -306, -324, -341, -355, -375, 0, 0, -424, -440, -457, 0, -485, 0, 0, 0, 509, 510, 511, 512, 0, 513, 514, 515, 0, 516, 517, 518, 0], [-14, 0, 0, -68, -89, 0, -123, -143, -163, 0, -204, -222, -242, -260, -275, 0, -307, -325, -342, -356, -376, 0, 0, -425, -441, -458, -473, -486, -497, 0, 0, 0, 519, 0, 520, 521, 522, 523, 524, 525, 526, 527, 0, 528], [0, 0, -51, 0, -90, -107, -124, -144, -164, -185, 0, -223, -243, 0, -276, -290, -308, -326, 0, -357, -377, -395, -411, 0, 0, -459, -474, -487, -498, -509, 0, 0, 529, 0, 530, 531, 532, 533, 534, 535, 536, 537, 538, 539], [-15, -34, -52, -69, 0, 0, -125, -145, -165, -186, -205, -224, -244, 0, -277, -291, 0, -327, 0, -358, -378, -396, 0, -426, -442, -460, 0, -488, -499, -510, -519, -529, 0, 540, 0, 541, 542, 0, 543, 544, 0, 545, 546, 547], [-16, 0, -53, -70, -91, -108, -126, -146, -166, -187, -206, -225, -245, 0, -278, -292, -309, -328, -343, -359, -379, -397, -412, -427, -443, -461, -475, 0, 0, -511, 0, 0, -540, 0, 548, 549, 550, 551, 552, 553, 554, 555, 556, 557], [-17, -35, -54, -71, 0, 0, -127, -147, -167, -188, -207, -226, 0, -261, 0, 0, -310, -329, -344, 0, -380, -398, 0, 0, -444, -462, -476, -489, -500, -512, -520, -530, 0, -548, 0, 0, 558, 0, 559, 560, 561, 0, 562, 563], [-18, -36, -55, -72, -92, 0, -128, -148, -168, -189, -208, -227, -246, -262, -279, -293, -311, -330, 0, -360, -381, -399, 0, 0, -445, -463, 0, -490, -501, 0, -521, -531, -541, -549, 0, 0, 564, 565, 566, 567, 0, 568, 0, 569], [-19, -37, -56, -73, -93, -109, -129, -149, -169, -190, 0, -228, 0, -263, 0, -294, -312, 0, -345, -361, -382, 0, -413, -428, -446, 0, -477, -491, -502, -513, -522, -532, -542, -550, -558, -564, 0, 570, 571, 572, 573, 574, 575, 0], [-20, -38, -57, -74, -94, 0, -130, -150, -170, -191, 0, -229, 0, 0, -280, -295, -313, 0, -346, -362, -383, -400, -414, -429, -447, -464, -478, -492, -503, -514, -523, -533, 0, -551, 0, -565, -570, 0, 0, 576, 577, 0, 578, 0], [-21, -39, 0, -75, -95, -110, -131, 0, -171, -192, -209, -230, -247, -264, -281, 0, -314, -331, -347, -363, -384, -401, -415, -430, -448, -465, -479, 0, 0, -515, -524, -534, -543, -552, -559, -566, -571, 0, 0, 579, 580, 581, 582, 583], [-22, -40, -58, -76, -96, -111, 0, -151, -172, -193, -210, -231, -248, 0, -282, -296, -315, -332, -348, -364, -385, -402, -416, -431, -449, -466, -480, -493, -504, 0, -525, -535, -544, -553, -560, -567, -572, -576, -579, 0, 584, 585, 586, 587], [0, -41, -59, 0, -97, -112, -132, -152, -173, -194, -211, -232, 0, -265, -283, -297, 0, 0, -349, -365, -386, -403, -417, -432, -450, -467, -481, -494, -505, -516, -526, -536, 0, -554, -561, 0, -573, -577, -580, -584, 0, 588, 589, 590], [-23, -42, -60, -77, -98, -113, -133, -153, -174, 0, -212, -233, -249, -266, 0, -298, -316, 0, 0, -366, -387, 0, -418, -433, -451, -468, 0, 0, -506, -517, -527, -537, -545, -555, 0, -568, -574, 0, -581, -585, -588, 0, 591, 592], [-24, -43, -61, -78, -99, -114, -134, -154, -175, -195, -213, 0, -250, -267, 0, 0, -317, -333, 0, -367, -388, -404, 0, -434, -452, -469, -482, -495, -507, -518, 0, -538, -546, -556, -562, 0, -575, -578, -582, -586, -589, -591, 0, 593], [-25, 0, 0, -79, -100, -115, -135, 0, -176, -196, -214, -234, -251, -268, 0, 0, -318, 0, 0, -368, -389, -405, -419, -435, -453, -470, -483, -496, -508, 0, -528, -539, -547, -557, -563, -569, 0, 0, -583, -587, -590, -592, -593, 0]], [[0, 0, 0, 0, 0, 0, 1, 0, 0, 0, 0, 0, 0, 0, 0, 0, 0, 0, 0, 0, 0, 2, 3, 4, 5, 6, 7, 8, 0, 9, 10, 11, 12, 13, 0, 14, 0, 15, 16, 17, 18, 19, 20, 21], [0, 0, 0, 0, 0, 0, 0, 0, 0, 0, 0, 0, 0, 0, 22, 0, 0, 23, 0, 0, 0, 0, 0, 24, 25, 26, 27, 28, 29, 30, 31, 32, 33, 34, 35, 36, 37, 38, 0, 0, 39, 40, 41, 42], [0, 0, 0, 0, 0, 0, 0, 0, 0, 0, 43, 0, 44, 0, 45, 0, 0, 46, 0, 0, 47, 0, 0, 48, 0, 49, 0, 50, 51, 52, 53, 54, 55, 56, 57, 58, 0, 59, 60, 61, 62, 63, 64, 0], [0, 0, 0, 0, 0, 0, 0, 0, 0, 0, 0, 0, 0, 0, 0, 0, 0, 0, 0, 0, 0, 0, 65, 66, 0, 0, 67, 68, 69, 70, 71, 72, 73, 74, 75, 76, 77, 78, 79, 0, 80, 81, 82, 83], [0, 0, 0, 0, 0, 84, 0, 0, 0, 0, 0, 0, 0, 0, 0, 0, 0, 0, 0, 85, 0, 86, 87, 88, 89, 90, 0, 91, 92, 0, 93, 94, 95, 96, 97, 0, 98, 99, 100, 101, 0, 102, 103, 104], [0, 0, 0, 0, -84, 0, 0, 0, 0, 0, 0, 0, 105, 0, 106, 0, 107, 0, 0, 0, 0, 0, 108, 0, 0, 109, 0, 110, 111, 112, 0, 113, 114, 115, 116, 117, 118, 0, 0, 119, 120, 121, 0, 122], [-1, 0, 0, 0, 0, 0, 0, 0, 0, 0, 123, 0, 0, 0, 0, 0, 0, 0, 124, 0, 0, 0, 125, 0, 126, 127, 128, 129, 130, 131, 132, 0, 133, 134, 135, 136, 137, 0, 138, 0, 139, 140, 141, 142], [0, 0, 0, 0, 0, 0, 0, 0, 0, 0, 0, 143, 0, 0, 0, 0, 0, 0, 0, 0, 144, 0, 145, 146, 147, 148, 149, 150, 151, 152, 0, 153, 154, 155, 156, 0, 157, 0, 158, 159, 160, 161, 0, 162], [0, 0, 0, 0, 0, 0, 0, 0, 0, 0, 0, 0, 0, 0, 0, 0, 0, 163, 0, 0, 0, 0, 164, 0, 165, 0, 166, 167, 168, 169, 170, 171, 172, 173, 174, 175, 0, 176, 177, 178, 179, 180, 181, 182], [0, 0, 0, 0, 0, 0, 0, 0, 0, 0, 0, 0, 0, 183, 0, 0, 0, 0, 0, 184, 185, 0, 0, 0, 186, 0, 187, 188, 189, 0, 190, 0, 191, 192, 193, 194, 195, 0, 196, 197, 198, 199, 200, 201], [0, 0, -43, 0, 0, 0, -123, 0, 0, 0, 0, 0, 0, 202, 0, 0, 203, 0, 0, 0, 204, 205, 0, 206, 207, 208, 209, 210, 0, 211, 212, 213, 214, 0, 215, 216, 0, 217, 218, 219, 220, 221, 222, 223], [0, 0, 0, 0, 0, 0, 0, -143, 0, 0, 0, 0, 0, 0, 224, 0, 0, 0, 0, 225, 0, 0, 226, 227, 0, 228, 229, 230, 0, 231, 232, 233, 234, 235, 236, 237, 238, 239, 240, 241, 242, 243, 244, 245], [0, 0, -44, 0, 0, -105, 0, 0, 0, 0, 0, 0, 0, 0, 0, 0, 246, 0, 0, 0, 0, 0, 247, 248, 249, 0, 250, 251, 252, 253, 254, 255, 256, 0, 257, 258, 259, 260, 261, 262, 0, 263, 0, 264], [0, 0, 0, 0, 0, 0, 0, 0, 0, -183, -202, 0, 0, 0, 0, 0, 0, 0, 0, 0, 0, 0, 265, 266, 267, 0, 268, 269, 0, 270, 271, 272, 273, 0, 0, 274, 275, 0, 0, 276, 0, 277, 278, 279], [0, -22, -45, 0, 0, -106, 0, 0, 0, 0, 0, -224, 0, 0, 0, 0, 0, 0, 0, 0, 0, 280, 281, 282, 283, 284, 285, 0, 0, 286, 0, 0, 287, 288, 0, 0, 0, 289, 290, 291, 292, 293, 0, 0], [0, 0, 0, 0, 0, 0, 0, 0, 0, 0, 0, 0, 0, 0, 0, 0, 0, 0, 0, 294, 295, 0, 296, 297, 298, 299, 300, 0, 0, 301, 302, 0, 303, 304, 0, 305, 306, 0, 307, 308, 309, 310, 0, 311], [0, 0, 0, 0, 0, -107, 0, 0, 0, 0, -203, 0, -246, 0, 0, 0, 0, 0, 0, 0, 0, 0, 312, 313, 314, 315, 316, 317, 318, 319, 0, 320, 321, 322, 323, 0, 324, 325, 326, 327, 328, 329, 0, 330], [0, -23, -46, 0, 0, 0, 0, 0, -163, 0, 0, 0, 0, 0, 0, 0, 0, 0, 0, 0, 0, 0, 0, 331, 0, 0, 332, 0, 333, 334, 335, 336, 337, 0, 338, 339, 0, 340, 341, 0, 342, 343, 344, 345], [0, 0, 0, 0, 0, 0, -124, 0, 0, 0, 0, 0, 0, 0, 0, 0, 0, 0, 0, 0, 0, 0, 346, 347, 348, 0, 349, 0, 350, 351, 352, 353, 0, 354, 355, 356, 357, 358, 359, 360, 361, 362, 363, 364], [0, 0, 0, 0, -85, 0, 0, 0, 0, -184, 0, -225, 0, 0, 0, -294, 0, 0, 0, 0, 0, 0, 365, 366, 367, 368, 369, 370, 0, 371, 372, 373, 374, 375, 376, 377, 378, 379, 380, 381, 382, 0, 0, 383], [0, 0, -47, 0, 0, 0, 0, -144, 0, -185, -204, 0, 0, 0, 0, -295, 0, 0, 0, 0, 0, 384, 385, 386, 387, 388, 0, 389, 0, 390, 391, 392, 393, 394, 395, 396, 397, 398, 0, 399, 400, 401, 402, 403], [-2, 0, 0, 0, -86, 0, 0, 0, 0, 0, -205, 0, 0, 0, -280, 0, 0, 0, 0, 0, -384, 0, 404, 405, 406, 407, 408, 409, 410, 411, 412, 413, 414, 415, 416, 417, 0, 418, 419, 420, 421, 0, 422, 423], [-3, 0, 0, -65, -87, -108, -125, -145, -164, 0, 0, -226, -247, -265, -281, -296, -312, 0, -346, -365, -385, -404, 0, 424, 425, 426, 427, 428, 429, 430, 0, 431, 432, 0, 433, 434, 0, 435, 0, 436, 437, 438, 439, 440], [-4, -24, -48, -66, -88, 0, 0, -146, 0, 0, -206, -227, -248, -266, -282, -297, -313, -331, -347, -366, -386, -405, -424, 0, 441, 0, 442, 443, 444, 445, 446, 447, 448, 0, 449, 450, 451, 0, 452, 0, 453, 454, 0, 455], [-5, -25, 0, 0, -89, 0, -126, -147, -165, -186, -207, 0, -249, -267, -283, -298, -314, 0, -348, -367, -387, -406, -425, -441, 0, 456, 457, 0, 458, 0, 459, 460, 461, 462, 463, 0, 0, 464, 465, 466, 467, 468, 0, 469], [-6, -26, -49, 0, -90, -109, -127, -148, 0, 0, -208, -228, 0, 0, -284, -299, -315, 0, 0, -368, -388, -407, -426, 0, -456, 0, 470, 471, 472, 473, 474, 475, 476, 0, 477, 478, 479, 480, 481, 482, 0, 0, 483, 484], [-7, -27, 0, -67, 0, 0, -128, -149, -166, -187, -209, -229, -250, -268, -285, -300, -316, -332, -349, -369, 0, -408, -427, -442, -457, -470, 0, 485, 486, 0, 487, 0, 488, 489, 490, 491, 492, 493, 0, 494, 0, 0, 495, 0], [-8, -28, -50, -68, -91, -110, -129, -150, -167, -188, -210, -230, -251, -269, 0, 0, -317, 0, 0, -370, -389, -409, -428, -443, 0, -471, -485, 0, 496, 497, 498, 0, 499, 500, 501, 502, 503, 504, 505, 506, 507, 508, 509, 510], [0, -29, -51, -69, -92, -111, -130, -151, -168, -189, 0, 0, -252, 0, 0, 0, -318, -333, -350, 0, 0, -410, -429, -444, -458, -472, -486, -496, 0, 511, 512, 513, 514, 515, 516, 0, 517, 0, 518, 519, 520, 521, 522, 523], [-9, -30, -52, -70, 0, -112, -131, -152, -169, 0, -211, -231, -253, -270, -286, -301, -319, -334, -351, -371, -390, -411, -430, -445, 0, -473, 0, -497, -511, 0, 524, 525, 526, 527, 0, 528, 0, 529, 530, 531, 0, 0, 532, 0], [-10, -31, -53, -71, -93, 0, -132, 0, -170, -190, -212, -232, -254, -271, 0, -302, 0, -335, -352, -372, -391, -412, 0, -446, -459, -474, -487, -498, -512, -524, 0, 533, 534, 535, 536, 537, 0, 538, 0, 539, 540, 541, 542, 543], [-11, -32, -54, -72, -94, -113, 0, -153, -171, 0, -213, -233, -255, -272, 0, 0, -320, -336, -353, -373, -392, -413, -431, -447, -460, -475, 0, 0, -513, -525, -533, 0, 544, 545, 546, 547, 548, 549, 550, 551, 552, 0, 553, 554], [-12, -33, -55, -73, -95, -114, -133, -154, -172, -191, -214, -234, -256, -273, -287, -303, -321, -337, 0, -374, -393, -414, -432, -448, -461, -476, -488, -499, -514, -526, -534, -544, 0, 555, 556, 557, 558, 0, 559, 560, 561, 562, 563, 564], [-13, -34, -56, -74, -96, -115, -134, -155, -173, -192, 0, -235, 0, 0, -288, -304, -322, 0, -354, -375, -394, -415, 0, 0, -462, 0, -489, -500, -515, -527, -535, -545, -555, 0, 0, 565, 566, 567, 568, 569, 570, 571, 572, 573], [0, -35, -57, -75, -97, -116, -135, -156, -174, -193, -215, -236, -257, 0, 0, 0, -323, -338, -355, -376, -395, -416, -433, -449, -463, -477, -490, -501, -516, 0, -536, -546, -556, 0, 0, 0, 574, 575, 576, 577, 0, 0, 578, 579], [-14, -36, -58, -76, 0, -117, -136, 0, -175, -194, -216, -237, -258, -274, 0, -305, 0, -339, -356, -377, -396, -417, -434, -450, 0, -478, -491, -502, 0, -528, -537, -547, -557, -565, 0, 0, 580, 581, 582, 0, 583, 584, 585, 586], [0, -37, 0, -77, -98, -118, -137, -157, 0, -195, 0, -238, -259, -275, 0, -306, -324, 0, -357, -378, -397, 0, 0, -451, 0, -479, -492, -503, -517, 0, 0, -548, -558, -566, -574, -580, 0, 587, 0, 588, 589, 590, 591, 592], [-15, -38, -59, -78, -99, 0, 0, 0, -176, 0, -217, -239, -260, 0, -289, 0, -325, -340, -358, -379, -398, -418, -435, 0, -464, -480, -493, -504, 0, -529, -538, -549, 0, -567, -575, -581, -587, 0, 593, 594, 595, 596, 597, 0], [-16, 0, -60, -79, -100, 0, -138, -158, -177, -196, -218, -240, -261, 0, -290, -307, -326, -341, -359, -380, 0, -419, 0, -452, -465, -481, 0, -505, -518, -530, 0, -550, -559, -568, -576, -582, 0, -593, 0, 598, 599, 600, 0, 0], [-17, 0, -61, 0, -101, -119, 0, -159, -178, -197, -219, -241, -262, -276, -291, -308, -327, 0, -360, -381, -399, -420, -436, 0, -466, -482, -494, -506, -519, -531, -539, -551, -560, -569, -577, 0, -588, -594, -598, 0, 601, 0, 602, 0], [-18, -39, -62, -80, 0, -120, -139, -160, -179, -198, -220, -242, 0, 0, -292, -309, -328, -342, -361, -382, -400, -421, -437, -453, -467, 0, 0, -507, -520, 0, -540, -552, -561, -570, 0, -583, -589, -595, -599, -601, 0, 603, 0, 604], [-19, -40, -63, -81, -102, -121, -140, -161, -180, -199, -221, -243, -263, -277, -293, -310, -329, -343, -362, 0, -401, 0, -438, -454, -468, 0, 0, -508, -521, 0, -541, 0, -562, -571, 0, -584, -590, -596, -600, 0, -603, 0, 605, 606], [-20, -41, -64, -82, -103, 0, -141, 0, -181, -200, -222, -244, 0, -278, 0, 0, 0, -344, -363, 0, -402, -422, -439, 0, 0, -483, -495, -509, -522, -532, -542, -553, -563, -572, -578, -585, -591, -597, 0, -602, 0, -605, 0, 607], [-21, -42, 0, -83, -104, -122, -142, -162, -182, -201, -223, -245, -264, -279, 0, -311, -330, -345, -364, -383, -403, -423, -440, -455, -469, -484, 0, -510, -523, 0, -543, -554, -564, -573, -579, -586, -592, 0, 0, 0, -604, -606, -607, 0]], [[0, 1, 0, 0, 0, 2, 0, 0, 0, 0, 0, 0, 3, 4, 0, 0, 0, 0, 0, 0, 0, 0, 0, 5, 6, 7, 8, 9, 10, 11, 0, 12, 13, 14, 15, 16, 17, 18, 0, 19, 0, 20, 21, 22], [-1, 0, 0, 0, 23, 0, 0, 24, 0, 0, 0, 0, 0, 0, 0, 0, 0, 25, 0, 0, 0, 26, 27, 28, 29, 30, 31, 32, 33, 0, 0, 34, 35, 0, 36, 37, 38, 39, 40, 41, 42, 43, 44, 45], [0, 0, 0, 46, 47, 0, 0, 0, 0, 0, 0, 0, 0, 0, 0, 0, 0, 0, 0, 0, 0, 0, 48, 49, 50, 51, 52, 0, 53, 54, 55, 56, 57, 58, 59, 60, 0, 61, 62, 63, 64, 65, 66, 67], [0, 0, -46, 0, 0, 0, 0, 0, 0, 0, 0, 0, 0, 0, 0, 0, 0, 0, 0, 0, 0, 68, 69, 70, 71, 72, 73, 74, 75, 76, 0, 77, 78, 79, 80, 0, 81, 82, 83, 84, 85, 86, 87, 88], [0, -23, -47, 0, 0, 0, 0, 0, 0, 0, 0, 0, 0, 89, 0, 0, 90, 0, 0, 0, 0, 0, 91, 0, 0, 0, 92, 93, 94, 95, 96, 97, 0, 0, 0, 98, 99, 100, 101, 102, 103, 104, 0, 105], [-2, 0, 0, 0, 0, 0, 0, 0, 0, 0, 0, 0, 0, 0, 0, 0, 0, 0, 0, 0, 0, 0, 106, 0, 107, 108, 109, 110, 0, 111, 112, 113, 114, 0, 115, 116, 117, 118, 119, 120, 0, 121, 122, 0], [0, 0, 0, 0, 0, 0, 0, 0, 0, 0, 0, 0, 0, 0, 0, 0, 0, 0, 0, 0, 123, 0, 124, 125, 126, 127, 128, 129, 0, 0, 0, 130, 131, 132, 133, 134, 135, 0, 136, 137, 138, 0, 139, 140], [0, -24, 0, 0, 0, 0, 0, 0, 0, 0, 0, 0, 0, 0, 0, 0, 0, 0, 0, 0, 0, 0, 141, 142, 143, 144, 145, 146, 147, 0, 148, 149, 150, 151, 152, 153, 154, 155, 156, 0, 157, 158, 159, 0], [0, 0, 0, 0, 0, 0, 0, 0, 0, 0, 0, 160, 0, 0, 0, 0, 161, 162, 0, 0, 0, 0, 163, 164, 165, 0, 0, 0, 166, 167, 168, 169, 0, 0, 170, 171, 0, 172, 173, 174, 175, 176, 0, 177], [0, 0, 0, 0, 0, 0, 0, 0, 0, 0, 178, 0, 0, 0, 179, 0, 0, 0, 0, 0, 0, 0, 180, 0, 181, 182, 183, 184, 185, 186, 187, 0, 188, 189, 190, 191, 192, 193, 194, 0, 0, 195, 196, 197], [0, 0, 0, 0, 0, 0, 0, 0, 0, -178, 0, 0, 0, 0, 0, 0, 0, 0, 0, 0, 0, 0, 198, 199, 200, 201, 0, 202, 203, 204, 0, 0, 0, 205, 206, 207, 208, 209, 210, 211, 212, 213, 214, 215], [0, 0, 0, 0, 0, 0, 0, 0, -160, 0, 0, 0, 0, 0, 0, 0, 216, 0, 0, 0, 0, 0, 217, 218, 0, 219, 220, 221, 222, 223, 224, 0, 225, 226, 0, 227, 228, 229, 230, 231, 232, 233, 234, 235], [-3, 0, 0, 0, 0, 0, 0, 0, 0, 0, 0, 0, 0, 0, 0, 236, 0, 0, 0, 0, 0, 0, 237, 238, 239, 240, 241, 242, 0, 243, 244, 245, 0, 246, 247, 0, 0, 248, 249, 250, 0, 251, 252, 253], [-4, 0, 0, 0, -89, 0, 0, 0, 0, 0, 0, 0, 0, 0, 0, 0, 0, 0, 0, 0, 0, 0, 254, 255, 256, 257, 258, 259, 260, 261, 262, 263, 264, 265, 266, 0, 0, 267, 268, 0, 269, 270, 271, 0], [0, 0, 0, 0, 0, 0, 0, 0, 0, -179, 0, 0, 0, 0, 0, 0, 0, 0, 0, 0, 272, 273, 274, 275, 276, 277, 278, 279, 280, 281, 282, 283, 284, 285, 286, 287, 288, 289, 290, 291, 292, 293, 0, 0], [0, 0, 0, 0, 0, 0, 0, 0, 0, 0, 0, 0, -236, 0, 0, 0, 0, 0, 0, 0, 0, 0, 294, 0, 295, 0, 296, 297, 298, 0, 299, 300, 301, 302, 303, 304, 305, 306, 307, 0, 0, 308, 309, 0], [0, 0, 0, 0, -90, 0, 0, 0, -161, 0, 0, -216, 0, 0, 0, 0, 0, 0, 0, 310, 0, 0, 311, 312, 313, 314, 315, 316, 317, 318, 319, 320, 321, 0, 322, 0, 323, 324, 325, 0, 326, 327, 328, 329], [0, -25, 0, 0, 0, 0, 0, 0, -162, 0, 0, 0, 0, 0, 0, 0, 0, 0, 330, 0, 0, 0, 331, 332, 0, 333, 334, 0, 335, 336, 337, 0, 338, 339, 340, 341, 342, 343, 344, 345, 346, 347, 0, 348], [0, 0, 0, 0, 0, 0, 0, 0, 0, 0, 0, 0, 0, 0, 0, 0, 0, -330, 0, 0, 0, 0, 349, 350, 0, 351, 352, 353, 354, 355, 0, 356, 357, 358, 359, 360, 0, 361, 362, 363, 364, 365, 366, 0], [0, 0, 0, 0, 0, 0, 0, 0, 0, 0, 0, 0, 0, 0, 0, 0, -310, 0, 0, 0, 0, 0, 367, 368, 369, 370, 0, 0, 0, 371, 372, 373, 374, 375, 376, 377, 378, 379, 380, 381, 382, 383, 0, 384], [0, 0, 0, 0, 0, 0, -123, 0, 0, 0, 0, 0, 0, 0, -272, 0, 0, 0, 0, 0, 0, 0, 385, 386, 387, 388, 389, 390, 391, 392, 393, 394, 0, 0, 0, 395, 396, 397, 398, 399, 400, 0, 401, 0], [0, -26, 0, -68, 0, 0, 0, 0, 0, 0, 0, 0, 0, 0, -273, 0, 0, 0, 0, 0, 0, 0, 402, 403, 404, 405, 406, 407, 408, 0, 409, 410, 411, 412, 413, 414, 415, 0, 416, 417, 418, 419, 0, 0], [0, -27, -48, -69, -91, -106, -124, -141, -163, -180, -198, -217, -237, -254, -274, -294, -311, -331, -349, -367, -385, -402, 0, 420, 0, 0, 421, 422, 423, 424, 0, 425, 0, 426, 427, 428, 429, 430, 431, 432, 433, 0, 434, 435], [-5, -28, -49, -70, 0, 0, -125, -142, -164, 0, -199, -218, -238, -255, -275, 0, -312, -332, -350, -368, -386, -403, -420, 0, 436, 437, 438, 439, 0, 440, 441, 442, 443, 444, 445, 446, 0, 447, 0, 448, 449, 450, 451, 0], [-6, -29, -50, -71, 0, -107, -126, -143, -165, -181, -200, 0, -239, -256, -276, -295, -313, 0, 0, -369, -387, -404, 0, -436, 0, 452, 0, 453, 454, 455, 456, 457, 458, 459, 0, 0, 0, 460, 461, 462, 463, 464, 465, 466], [-7, -30, -51, -72, 0, -108, -127, -144, 0, -182, -201, -219, -240, -257, -277, 0, -314, -333, -351, -370, -388, -405, 0, -437, -452, 0, 0, 0, 467, 468, 469, 470, 471, 472, 473, 474, 475, 476, 477, 478, 0, 479, 480, 481], [-8, -31, -52, -73, -92, -109, -128, -145, 0, -183, 0, -220, -241, -258, -278, -296, -315, -334, -352, 0, -389, -406, -421, -438, 0, 0, 0, 0, 482, 483, 484, 485, 486, 487, 488, 0, 489, 490, 0, 491, 492, 493, 0, 494], [-9, -32, 0, -74, -93, -110, -129, -146, 0, -184, -202, -221, -242, -259, -279, -297, -316, 0, -353, 0, -390, -407, -422, -439, -453, 0, 0, 0, 495, 496, 497, 498, 499, 500, 0, 501, 502, 503, 504, 505, 506, 507, 0, 0], [-10, -33, -53, -75, -94, 0, 0, -147, -166, -185, -203, -222, 0, -260, -280, -298, -317, -335, -354, 0, -391, -408, -423, 0, -454, -467, -482, -495, 0, 508, 509, 510, 0, 511, 512, 513